lsoa21cd,category,count_21,count_11,change
E01000001,"1. Managers, directors and senior officials",194,167,27
E01000001,2. Professional occupations,406,404,2
E01000001,3. Associate professional and technical occupations,184,38,146
E01000001,4. Administrative and secretarial occupations,39,53,-14
E01000001,5. Skilled trades occupations,5,14,-9
E01000001,"6. Caring, leisure and other service occupations",19,17,2
E01000001,7. Sales and customer service occupations,11,6,5
E01000001,"8. Process, plant and machine operatives",6,2,4
E01000001,9. Elementary occupations,4,12,-8
E01000002,"1. Managers, directors and senior officials",218,171,47
E01000002,2. Professional occupations,414,374,40
E01000002,3. Associate professional and technical occupations,187,52,135
E01000002,4. Administrative and secretarial occupations,35,61,-26
E01000002,5. Skilled trades occupations,3,12,-9
E01000002,"6. Caring, leisure and other service occupations",5,8,-3
E01000002,7. Sales and customer service occupations,3,18,-15
E01000002,"8. Process, plant and machine operatives",3,3,0
E01000002,9. Elementary occupations,7,13,-6
E01000003,"1. Managers, directors and senior officials",191,89,102
E01000003,2. Professional occupations,388,246,142
E01000003,3. Associate professional and technical occupations,217,57,160
E01000003,4. Administrative and secretarial occupations,72,67,5
E01000003,5. Skilled trades occupations,28,16,12
E01000003,"6. Caring, leisure and other service occupations",27,36,-9
E01000003,7. Sales and customer service occupations,26,29,-3
E01000003,"8. Process, plant and machine operatives",11,11,0
E01000003,9. Elementary occupations,42,45,-3
E01000005,"1. Managers, directors and senior officials",52,49,3
E01000005,2. Professional occupations,129,77,52
E01000005,3. Associate professional and technical occupations,61,25,36
E01000005,4. Administrative and secretarial occupations,43,64,-21
E01000005,5. Skilled trades occupations,21,31,-10
E01000005,"6. Caring, leisure and other service occupations",52,33,19
E01000005,7. Sales and customer service occupations,34,33,1
E01000005,"8. Process, plant and machine operatives",16,26,-10
E01000005,9. Elementary occupations,86,69,17
E01000006,"1. Managers, directors and senior officials",76,60,16
E01000006,2. Professional occupations,126,139,-13
E01000006,3. Associate professional and technical occupations,97,45,52
E01000006,4. Administrative and secretarial occupations,68,81,-13
E01000006,5. Skilled trades occupations,107,99,8
E01000006,"6. Caring, leisure and other service occupations",82,73,9
E01000006,7. Sales and customer service occupations,68,70,-2
E01000006,"8. Process, plant and machine operatives",101,73,28
E01000006,9. Elementary occupations,161,104,57
E01000007,"1. Managers, directors and senior officials",129,53,76
E01000007,2. Professional occupations,290,98,192
E01000007,3. Associate professional and technical occupations,160,37,123
E01000007,4. Administrative and secretarial occupations,141,67,74
E01000007,5. Skilled trades occupations,81,57,24
E01000007,"6. Caring, leisure and other service occupations",167,54,113
E01000007,7. Sales and customer service occupations,121,71,50
E01000007,"8. Process, plant and machine operatives",84,42,42
E01000007,9. Elementary occupations,205,92,113
E01000008,"1. Managers, directors and senior officials",36,30,6
E01000008,2. Professional occupations,71,62,9
E01000008,3. Associate professional and technical occupations,62,14,48
E01000008,4. Administrative and secretarial occupations,48,41,7
E01000008,5. Skilled trades occupations,64,52,12
E01000008,"6. Caring, leisure and other service occupations",100,61,39
E01000008,7. Sales and customer service occupations,59,70,-11
E01000008,"8. Process, plant and machine operatives",66,48,18
E01000008,9. Elementary occupations,138,138,0
E01000009,"1. Managers, directors and senior officials",58,62,-4
E01000009,2. Professional occupations,123,133,-10
E01000009,3. Associate professional and technical occupations,62,47,15
E01000009,4. Administrative and secretarial occupations,70,79,-9
E01000009,5. Skilled trades occupations,109,63,46
E01000009,"6. Caring, leisure and other service occupations",62,54,8
E01000009,7. Sales and customer service occupations,70,90,-20
E01000009,"8. Process, plant and machine operatives",70,60,10
E01000009,9. Elementary occupations,159,124,35
E01000011,"1. Managers, directors and senior officials",34,55,-21
E01000011,2. Professional occupations,109,106,3
E01000011,3. Associate professional and technical occupations,68,30,38
E01000011,4. Administrative and secretarial occupations,56,60,-4
E01000011,5. Skilled trades occupations,116,58,58
E01000011,"6. Caring, leisure and other service occupations",52,48,4
E01000011,7. Sales and customer service occupations,62,88,-26
E01000011,"8. Process, plant and machine operatives",88,59,29
E01000011,9. Elementary occupations,151,136,15
E01000012,"1. Managers, directors and senior officials",62,59,3
E01000012,2. Professional occupations,129,105,24
E01000012,3. Associate professional and technical occupations,93,34,59
E01000012,4. Administrative and secretarial occupations,59,72,-13
E01000012,5. Skilled trades occupations,92,77,15
E01000012,"6. Caring, leisure and other service occupations",104,87,17
E01000012,7. Sales and customer service occupations,75,75,0
E01000012,"8. Process, plant and machine operatives",97,69,28
E01000012,9. Elementary occupations,189,142,47
E01000013,"1. Managers, directors and senior officials",66,46,20
E01000013,2. Professional occupations,104,91,13
E01000013,3. Associate professional and technical occupations,67,32,35
E01000013,4. Administrative and secretarial occupations,67,96,-29
E01000013,5. Skilled trades occupations,121,82,39
E01000013,"6. Caring, leisure and other service occupations",106,98,8
E01000013,7. Sales and customer service occupations,70,88,-18
E01000013,"8. Process, plant and machine operatives",74,85,-11
E01000013,9. Elementary occupations,127,124,3
E01000014,"1. Managers, directors and senior officials",67,36,31
E01000014,2. Professional occupations,90,55,35
E01000014,3. Associate professional and technical occupations,84,36,48
E01000014,4. Administrative and secretarial occupations,84,77,7
E01000014,5. Skilled trades occupations,99,69,30
E01000014,"6. Caring, leisure and other service occupations",88,89,-1
E01000014,7. Sales and customer service occupations,57,53,4
E01000014,"8. Process, plant and machine operatives",84,40,44
E01000014,9. Elementary occupations,144,80,64
E01000015,"1. Managers, directors and senior officials",65,45,20
E01000015,2. Professional occupations,157,96,61
E01000015,3. Associate professional and technical occupations,93,39,54
E01000015,4. Administrative and secretarial occupations,90,97,-7
E01000015,5. Skilled trades occupations,155,120,35
E01000015,"6. Caring, leisure and other service occupations",141,119,22
E01000015,7. Sales and customer service occupations,82,89,-7
E01000015,"8. Process, plant and machine operatives",99,80,19
E01000015,9. Elementary occupations,186,153,33
E01000016,"1. Managers, directors and senior officials",69,39,30
E01000016,2. Professional occupations,128,66,62
E01000016,3. Associate professional and technical occupations,71,35,36
E01000016,4. Administrative and secretarial occupations,83,91,-8
E01000016,5. Skilled trades occupations,118,82,36
E01000016,"6. Caring, leisure and other service occupations",107,84,23
E01000016,7. Sales and customer service occupations,64,52,12
E01000016,"8. Process, plant and machine operatives",77,67,10
E01000016,9. Elementary occupations,145,121,24
E01000017,"1. Managers, directors and senior officials",47,40,7
E01000017,2. Professional occupations,131,88,43
E01000017,3. Associate professional and technical occupations,69,28,41
E01000017,4. Administrative and secretarial occupations,75,77,-2
E01000017,5. Skilled trades occupations,91,69,22
E01000017,"6. Caring, leisure and other service occupations",97,75,22
E01000017,7. Sales and customer service occupations,51,60,-9
E01000017,"8. Process, plant and machine operatives",65,78,-13
E01000017,9. Elementary occupations,121,93,28
E01000018,"1. Managers, directors and senior officials",72,32,40
E01000018,2. Professional occupations,118,81,37
E01000018,3. Associate professional and technical occupations,65,23,42
E01000018,4. Administrative and secretarial occupations,87,83,4
E01000018,5. Skilled trades occupations,110,78,32
E01000018,"6. Caring, leisure and other service occupations",101,70,31
E01000018,7. Sales and customer service occupations,68,66,2
E01000018,"8. Process, plant and machine operatives",63,61,2
E01000018,9. Elementary occupations,151,112,39
E01000019,"1. Managers, directors and senior officials",61,41,20
E01000019,2. Professional occupations,87,59,28
E01000019,3. Associate professional and technical occupations,62,27,35
E01000019,4. Administrative and secretarial occupations,75,93,-18
E01000019,5. Skilled trades occupations,78,61,17
E01000019,"6. Caring, leisure and other service occupations",68,63,5
E01000019,7. Sales and customer service occupations,55,60,-5
E01000019,"8. Process, plant and machine operatives",78,49,29
E01000019,9. Elementary occupations,125,86,39
E01000020,"1. Managers, directors and senior officials",52,48,4
E01000020,2. Professional occupations,122,88,34
E01000020,3. Associate professional and technical occupations,99,46,53
E01000020,4. Administrative and secretarial occupations,99,99,0
E01000020,5. Skilled trades occupations,118,87,31
E01000020,"6. Caring, leisure and other service occupations",84,78,6
E01000020,7. Sales and customer service occupations,61,51,10
E01000020,"8. Process, plant and machine operatives",96,70,26
E01000020,9. Elementary occupations,167,105,62
E01000021,"1. Managers, directors and senior officials",46,46,0
E01000021,2. Professional occupations,84,69,15
E01000021,3. Associate professional and technical occupations,69,28,41
E01000021,4. Administrative and secretarial occupations,59,72,-13
E01000021,5. Skilled trades occupations,98,93,5
E01000021,"6. Caring, leisure and other service occupations",96,76,20
E01000021,7. Sales and customer service occupations,63,42,21
E01000021,"8. Process, plant and machine operatives",62,52,10
E01000021,9. Elementary occupations,104,108,-4
E01000022,"1. Managers, directors and senior officials",50,27,23
E01000022,2. Professional occupations,101,67,34
E01000022,3. Associate professional and technical occupations,56,25,31
E01000022,4. Administrative and secretarial occupations,66,68,-2
E01000022,5. Skilled trades occupations,67,60,7
E01000022,"6. Caring, leisure and other service occupations",76,53,23
E01000022,7. Sales and customer service occupations,64,54,10
E01000022,"8. Process, plant and machine operatives",61,49,12
E01000022,9. Elementary occupations,95,91,4
E01000024,"1. Managers, directors and senior officials",40,23,17
E01000024,2. Professional occupations,101,60,41
E01000024,3. Associate professional and technical occupations,61,25,36
E01000024,4. Administrative and secretarial occupations,59,70,-11
E01000024,5. Skilled trades occupations,75,53,22
E01000024,"6. Caring, leisure and other service occupations",61,66,-5
E01000024,7. Sales and customer service occupations,49,54,-5
E01000024,"8. Process, plant and machine operatives",75,69,6
E01000024,9. Elementary occupations,106,87,19
E01000025,"1. Managers, directors and senior officials",57,39,18
E01000025,2. Professional occupations,113,98,15
E01000025,3. Associate professional and technical occupations,92,26,66
E01000025,4. Administrative and secretarial occupations,88,87,1
E01000025,5. Skilled trades occupations,90,71,19
E01000025,"6. Caring, leisure and other service occupations",100,73,27
E01000025,7. Sales and customer service occupations,83,63,20
E01000025,"8. Process, plant and machine operatives",66,71,-5
E01000025,9. Elementary occupations,156,119,37
E01000027,"1. Managers, directors and senior officials",78,46,32
E01000027,2. Professional occupations,104,79,25
E01000027,3. Associate professional and technical occupations,83,29,54
E01000027,4. Administrative and secretarial occupations,67,89,-22
E01000027,5. Skilled trades occupations,127,77,50
E01000027,"6. Caring, leisure and other service occupations",93,86,7
E01000027,7. Sales and customer service occupations,59,67,-8
E01000027,"8. Process, plant and machine operatives",82,61,21
E01000027,9. Elementary occupations,110,74,36
E01000028,"1. Managers, directors and senior officials",32,25,7
E01000028,2. Professional occupations,127,72,55
E01000028,3. Associate professional and technical occupations,57,27,30
E01000028,4. Administrative and secretarial occupations,59,69,-10
E01000028,5. Skilled trades occupations,84,59,25
E01000028,"6. Caring, leisure and other service occupations",81,73,8
E01000028,7. Sales and customer service occupations,49,69,-20
E01000028,"8. Process, plant and machine operatives",67,47,20
E01000028,9. Elementary occupations,132,75,57
E01000029,"1. Managers, directors and senior officials",81,52,29
E01000029,2. Professional occupations,159,107,52
E01000029,3. Associate professional and technical occupations,74,35,39
E01000029,4. Administrative and secretarial occupations,75,96,-21
E01000029,5. Skilled trades occupations,102,68,34
E01000029,"6. Caring, leisure and other service occupations",66,55,11
E01000029,7. Sales and customer service occupations,64,57,7
E01000029,"8. Process, plant and machine operatives",61,51,10
E01000029,9. Elementary occupations,95,71,24
E01000030,"1. Managers, directors and senior officials",87,39,48
E01000030,2. Professional occupations,144,72,72
E01000030,3. Associate professional and technical occupations,96,40,56
E01000030,4. Administrative and secretarial occupations,96,69,27
E01000030,5. Skilled trades occupations,102,84,18
E01000030,"6. Caring, leisure and other service occupations",139,88,51
E01000030,7. Sales and customer service occupations,83,68,15
E01000030,"8. Process, plant and machine operatives",89,59,30
E01000030,9. Elementary occupations,143,109,34
E01000031,"1. Managers, directors and senior officials",94,62,32
E01000031,2. Professional occupations,160,132,28
E01000031,3. Associate professional and technical occupations,90,42,48
E01000031,4. Administrative and secretarial occupations,100,116,-16
E01000031,5. Skilled trades occupations,70,70,0
E01000031,"6. Caring, leisure and other service occupations",81,63,18
E01000031,7. Sales and customer service occupations,69,67,2
E01000031,"8. Process, plant and machine operatives",46,48,-2
E01000031,9. Elementary occupations,80,61,19
E01000032,"1. Managers, directors and senior officials",82,68,14
E01000032,2. Professional occupations,124,92,32
E01000032,3. Associate professional and technical occupations,98,39,59
E01000032,4. Administrative and secretarial occupations,89,116,-27
E01000032,5. Skilled trades occupations,112,87,25
E01000032,"6. Caring, leisure and other service occupations",92,58,34
E01000032,7. Sales and customer service occupations,83,61,22
E01000032,"8. Process, plant and machine operatives",76,53,23
E01000032,9. Elementary occupations,120,93,27
E01000033,"1. Managers, directors and senior officials",42,18,24
E01000033,2. Professional occupations,88,44,44
E01000033,3. Associate professional and technical occupations,45,25,20
E01000033,4. Administrative and secretarial occupations,59,68,-9
E01000033,5. Skilled trades occupations,61,61,0
E01000033,"6. Caring, leisure and other service occupations",84,68,16
E01000033,7. Sales and customer service occupations,53,50,3
E01000033,"8. Process, plant and machine operatives",46,52,-6
E01000033,9. Elementary occupations,114,95,19
E01000034,"1. Managers, directors and senior officials",52,39,13
E01000034,2. Professional occupations,99,65,34
E01000034,3. Associate professional and technical occupations,69,36,33
E01000034,4. Administrative and secretarial occupations,59,82,-23
E01000034,5. Skilled trades occupations,94,55,39
E01000034,"6. Caring, leisure and other service occupations",77,63,14
E01000034,7. Sales and customer service occupations,46,52,-6
E01000034,"8. Process, plant and machine operatives",58,69,-11
E01000034,9. Elementary occupations,95,60,35
E01000035,"1. Managers, directors and senior officials",65,52,13
E01000035,2. Professional occupations,127,91,36
E01000035,3. Associate professional and technical occupations,70,40,30
E01000035,4. Administrative and secretarial occupations,59,96,-37
E01000035,5. Skilled trades occupations,115,82,33
E01000035,"6. Caring, leisure and other service occupations",101,76,25
E01000035,7. Sales and customer service occupations,55,53,2
E01000035,"8. Process, plant and machine operatives",93,54,39
E01000035,9. Elementary occupations,133,99,34
E01000036,"1. Managers, directors and senior officials",46,43,3
E01000036,2. Professional occupations,120,87,33
E01000036,3. Associate professional and technical occupations,55,49,6
E01000036,4. Administrative and secretarial occupations,66,89,-23
E01000036,5. Skilled trades occupations,97,82,15
E01000036,"6. Caring, leisure and other service occupations",58,60,-2
E01000036,7. Sales and customer service occupations,48,66,-18
E01000036,"8. Process, plant and machine operatives",85,54,31
E01000036,9. Elementary occupations,120,68,52
E01000037,"1. Managers, directors and senior officials",75,70,5
E01000037,2. Professional occupations,168,97,71
E01000037,3. Associate professional and technical occupations,102,53,49
E01000037,4. Administrative and secretarial occupations,107,179,-72
E01000037,5. Skilled trades occupations,113,131,-18
E01000037,"6. Caring, leisure and other service occupations",71,66,5
E01000037,7. Sales and customer service occupations,57,73,-16
E01000037,"8. Process, plant and machine operatives",71,59,12
E01000037,9. Elementary occupations,91,72,19
E01000038,"1. Managers, directors and senior officials",58,35,23
E01000038,2. Professional occupations,172,80,92
E01000038,3. Associate professional and technical occupations,86,50,36
E01000038,4. Administrative and secretarial occupations,88,99,-11
E01000038,5. Skilled trades occupations,87,73,14
E01000038,"6. Caring, leisure and other service occupations",71,64,7
E01000038,7. Sales and customer service occupations,56,61,-5
E01000038,"8. Process, plant and machine operatives",69,62,7
E01000038,9. Elementary occupations,96,81,15
E01000039,"1. Managers, directors and senior officials",77,70,7
E01000039,2. Professional occupations,178,119,59
E01000039,3. Associate professional and technical occupations,92,47,45
E01000039,4. Administrative and secretarial occupations,89,110,-21
E01000039,5. Skilled trades occupations,97,74,23
E01000039,"6. Caring, leisure and other service occupations",79,77,2
E01000039,7. Sales and customer service occupations,56,55,1
E01000039,"8. Process, plant and machine operatives",79,66,13
E01000039,9. Elementary occupations,75,67,8
E01000040,"1. Managers, directors and senior officials",60,38,22
E01000040,2. Professional occupations,107,60,47
E01000040,3. Associate professional and technical occupations,77,35,42
E01000040,4. Administrative and secretarial occupations,64,85,-21
E01000040,5. Skilled trades occupations,92,63,29
E01000040,"6. Caring, leisure and other service occupations",86,76,10
E01000040,7. Sales and customer service occupations,71,66,5
E01000040,"8. Process, plant and machine operatives",65,59,6
E01000040,9. Elementary occupations,115,109,6
E01000041,"1. Managers, directors and senior officials",68,42,26
E01000041,2. Professional occupations,103,81,22
E01000041,3. Associate professional and technical occupations,77,35,42
E01000041,4. Administrative and secretarial occupations,79,86,-7
E01000041,5. Skilled trades occupations,113,88,25
E01000041,"6. Caring, leisure and other service occupations",98,72,26
E01000041,7. Sales and customer service occupations,72,61,11
E01000041,"8. Process, plant and machine operatives",78,75,3
E01000041,9. Elementary occupations,130,102,28
E01000042,"1. Managers, directors and senior officials",53,40,13
E01000042,2. Professional occupations,110,80,30
E01000042,3. Associate professional and technical occupations,72,35,37
E01000042,4. Administrative and secretarial occupations,59,72,-13
E01000042,5. Skilled trades occupations,85,71,14
E01000042,"6. Caring, leisure and other service occupations",83,76,7
E01000042,7. Sales and customer service occupations,53,55,-2
E01000042,"8. Process, plant and machine operatives",66,40,26
E01000042,9. Elementary occupations,127,95,32
E01000043,"1. Managers, directors and senior officials",52,35,17
E01000043,2. Professional occupations,110,56,54
E01000043,3. Associate professional and technical occupations,75,14,61
E01000043,4. Administrative and secretarial occupations,73,81,-8
E01000043,5. Skilled trades occupations,102,59,43
E01000043,"6. Caring, leisure and other service occupations",63,55,8
E01000043,7. Sales and customer service occupations,51,45,6
E01000043,"8. Process, plant and machine operatives",61,52,9
E01000043,9. Elementary occupations,118,88,30
E01000044,"1. Managers, directors and senior officials",79,48,31
E01000044,2. Professional occupations,113,113,0
E01000044,3. Associate professional and technical occupations,81,33,48
E01000044,4. Administrative and secretarial occupations,57,86,-29
E01000044,5. Skilled trades occupations,137,85,52
E01000044,"6. Caring, leisure and other service occupations",86,78,8
E01000044,7. Sales and customer service occupations,70,72,-2
E01000044,"8. Process, plant and machine operatives",84,69,15
E01000044,9. Elementary occupations,189,140,49
E01000045,"1. Managers, directors and senior officials",58,59,-1
E01000045,2. Professional occupations,94,74,20
E01000045,3. Associate professional and technical occupations,71,38,33
E01000045,4. Administrative and secretarial occupations,50,89,-39
E01000045,5. Skilled trades occupations,110,89,21
E01000045,"6. Caring, leisure and other service occupations",87,69,18
E01000045,7. Sales and customer service occupations,57,55,2
E01000045,"8. Process, plant and machine operatives",82,52,30
E01000045,9. Elementary occupations,125,116,9
E01000046,"1. Managers, directors and senior officials",76,43,33
E01000046,2. Professional occupations,124,73,51
E01000046,3. Associate professional and technical occupations,67,26,41
E01000046,4. Administrative and secretarial occupations,77,112,-35
E01000046,5. Skilled trades occupations,117,101,16
E01000046,"6. Caring, leisure and other service occupations",112,98,14
E01000046,7. Sales and customer service occupations,69,67,2
E01000046,"8. Process, plant and machine operatives",76,65,11
E01000046,9. Elementary occupations,141,113,28
E01000049,"1. Managers, directors and senior officials",31,30,1
E01000049,2. Professional occupations,80,53,27
E01000049,3. Associate professional and technical occupations,59,25,34
E01000049,4. Administrative and secretarial occupations,49,49,0
E01000049,5. Skilled trades occupations,67,45,22
E01000049,"6. Caring, leisure and other service occupations",123,75,48
E01000049,7. Sales and customer service occupations,64,68,-4
E01000049,"8. Process, plant and machine operatives",74,53,21
E01000049,9. Elementary occupations,132,144,-12
E01000050,"1. Managers, directors and senior officials",63,35,28
E01000050,2. Professional occupations,153,83,70
E01000050,3. Associate professional and technical occupations,83,16,67
E01000050,4. Administrative and secretarial occupations,56,63,-7
E01000050,5. Skilled trades occupations,101,71,30
E01000050,"6. Caring, leisure and other service occupations",62,49,13
E01000050,7. Sales and customer service occupations,90,74,16
E01000050,"8. Process, plant and machine operatives",63,59,4
E01000050,9. Elementary occupations,148,77,71
E01000051,"1. Managers, directors and senior officials",58,36,22
E01000051,2. Professional occupations,124,56,68
E01000051,3. Associate professional and technical occupations,93,30,63
E01000051,4. Administrative and secretarial occupations,39,61,-22
E01000051,5. Skilled trades occupations,37,53,-16
E01000051,"6. Caring, leisure and other service occupations",56,57,-1
E01000051,7. Sales and customer service occupations,38,63,-25
E01000051,"8. Process, plant and machine operatives",55,57,-2
E01000051,9. Elementary occupations,74,146,-72
E01000052,"1. Managers, directors and senior officials",70,53,17
E01000052,2. Professional occupations,146,109,37
E01000052,3. Associate professional and technical occupations,90,34,56
E01000052,4. Administrative and secretarial occupations,83,124,-41
E01000052,5. Skilled trades occupations,116,100,16
E01000052,"6. Caring, leisure and other service occupations",81,79,2
E01000052,7. Sales and customer service occupations,109,97,12
E01000052,"8. Process, plant and machine operatives",99,54,45
E01000052,9. Elementary occupations,178,156,22
E01000053,"1. Managers, directors and senior officials",43,45,-2
E01000053,2. Professional occupations,77,81,-4
E01000053,3. Associate professional and technical occupations,60,26,34
E01000053,4. Administrative and secretarial occupations,83,88,-5
E01000053,5. Skilled trades occupations,82,65,17
E01000053,"6. Caring, leisure and other service occupations",93,76,17
E01000053,7. Sales and customer service occupations,55,52,3
E01000053,"8. Process, plant and machine operatives",67,65,2
E01000053,9. Elementary occupations,120,91,29
E01000054,"1. Managers, directors and senior officials",70,26,44
E01000054,2. Professional occupations,107,81,26
E01000054,3. Associate professional and technical occupations,71,43,28
E01000054,4. Administrative and secretarial occupations,84,78,6
E01000054,5. Skilled trades occupations,107,74,33
E01000054,"6. Caring, leisure and other service occupations",114,73,41
E01000054,7. Sales and customer service occupations,64,72,-8
E01000054,"8. Process, plant and machine operatives",88,82,6
E01000054,9. Elementary occupations,116,125,-9
E01000055,"1. Managers, directors and senior officials",58,38,20
E01000055,2. Professional occupations,120,75,45
E01000055,3. Associate professional and technical occupations,58,28,30
E01000055,4. Administrative and secretarial occupations,73,88,-15
E01000055,5. Skilled trades occupations,84,79,5
E01000055,"6. Caring, leisure and other service occupations",83,73,10
E01000055,7. Sales and customer service occupations,52,83,-31
E01000055,"8. Process, plant and machine operatives",87,67,20
E01000055,9. Elementary occupations,129,98,31
E01000056,"1. Managers, directors and senior officials",62,52,10
E01000056,2. Professional occupations,99,69,30
E01000056,3. Associate professional and technical occupations,69,24,45
E01000056,4. Administrative and secretarial occupations,52,84,-32
E01000056,5. Skilled trades occupations,98,57,41
E01000056,"6. Caring, leisure and other service occupations",97,51,46
E01000056,7. Sales and customer service occupations,52,57,-5
E01000056,"8. Process, plant and machine operatives",67,78,-11
E01000056,9. Elementary occupations,106,99,7
E01000057,"1. Managers, directors and senior officials",53,35,18
E01000057,2. Professional occupations,83,78,5
E01000057,3. Associate professional and technical occupations,52,23,29
E01000057,4. Administrative and secretarial occupations,50,76,-26
E01000057,5. Skilled trades occupations,83,64,19
E01000057,"6. Caring, leisure and other service occupations",102,77,25
E01000057,7. Sales and customer service occupations,66,61,5
E01000057,"8. Process, plant and machine operatives",57,56,1
E01000057,9. Elementary occupations,104,101,3
E01000058,"1. Managers, directors and senior officials",92,41,51
E01000058,2. Professional occupations,152,123,29
E01000058,3. Associate professional and technical occupations,72,36,36
E01000058,4. Administrative and secretarial occupations,73,92,-19
E01000058,5. Skilled trades occupations,120,79,41
E01000058,"6. Caring, leisure and other service occupations",93,84,9
E01000058,7. Sales and customer service occupations,71,65,6
E01000058,"8. Process, plant and machine operatives",101,85,16
E01000058,9. Elementary occupations,157,136,21
E01000059,"1. Managers, directors and senior officials",53,36,17
E01000059,2. Professional occupations,97,66,31
E01000059,3. Associate professional and technical occupations,74,22,52
E01000059,4. Administrative and secretarial occupations,63,70,-7
E01000059,5. Skilled trades occupations,114,76,38
E01000059,"6. Caring, leisure and other service occupations",110,90,20
E01000059,7. Sales and customer service occupations,58,51,7
E01000059,"8. Process, plant and machine operatives",83,67,16
E01000059,9. Elementary occupations,139,100,39
E01000060,"1. Managers, directors and senior officials",67,39,28
E01000060,2. Professional occupations,117,94,23
E01000060,3. Associate professional and technical occupations,74,29,45
E01000060,4. Administrative and secretarial occupations,89,81,8
E01000060,5. Skilled trades occupations,96,68,28
E01000060,"6. Caring, leisure and other service occupations",128,94,34
E01000060,7. Sales and customer service occupations,89,63,26
E01000060,"8. Process, plant and machine operatives",68,75,-7
E01000060,9. Elementary occupations,137,98,39
E01000061,"1. Managers, directors and senior officials",50,22,28
E01000061,2. Professional occupations,141,114,27
E01000061,3. Associate professional and technical occupations,76,24,52
E01000061,4. Administrative and secretarial occupations,58,54,4
E01000061,5. Skilled trades occupations,48,46,2
E01000061,"6. Caring, leisure and other service occupations",115,82,33
E01000061,7. Sales and customer service occupations,67,65,2
E01000061,"8. Process, plant and machine operatives",65,50,15
E01000061,9. Elementary occupations,136,113,23
E01000062,"1. Managers, directors and senior officials",73,52,21
E01000062,2. Professional occupations,171,121,50
E01000062,3. Associate professional and technical occupations,116,35,81
E01000062,4. Administrative and secretarial occupations,94,92,2
E01000062,5. Skilled trades occupations,122,79,43
E01000062,"6. Caring, leisure and other service occupations",117,101,16
E01000062,7. Sales and customer service occupations,69,67,2
E01000062,"8. Process, plant and machine operatives",105,93,12
E01000062,9. Elementary occupations,160,94,66
E01000063,"1. Managers, directors and senior officials",71,38,33
E01000063,2. Professional occupations,103,62,41
E01000063,3. Associate professional and technical occupations,72,32,40
E01000063,4. Administrative and secretarial occupations,73,96,-23
E01000063,5. Skilled trades occupations,91,77,14
E01000063,"6. Caring, leisure and other service occupations",100,84,16
E01000063,7. Sales and customer service occupations,92,57,35
E01000063,"8. Process, plant and machine operatives",90,81,9
E01000063,9. Elementary occupations,110,101,9
E01000064,"1. Managers, directors and senior officials",70,47,23
E01000064,2. Professional occupations,169,100,69
E01000064,3. Associate professional and technical occupations,99,33,66
E01000064,4. Administrative and secretarial occupations,82,106,-24
E01000064,5. Skilled trades occupations,125,83,42
E01000064,"6. Caring, leisure and other service occupations",124,85,39
E01000064,7. Sales and customer service occupations,86,73,13
E01000064,"8. Process, plant and machine operatives",97,71,26
E01000064,9. Elementary occupations,169,121,48
E01000065,"1. Managers, directors and senior officials",65,36,29
E01000065,2. Professional occupations,94,91,3
E01000065,3. Associate professional and technical occupations,74,41,33
E01000065,4. Administrative and secretarial occupations,71,100,-29
E01000065,5. Skilled trades occupations,114,63,51
E01000065,"6. Caring, leisure and other service occupations",109,68,41
E01000065,7. Sales and customer service occupations,65,50,15
E01000065,"8. Process, plant and machine operatives",77,67,10
E01000065,9. Elementary occupations,146,112,34
E01000066,"1. Managers, directors and senior officials",92,60,32
E01000066,2. Professional occupations,178,110,68
E01000066,3. Associate professional and technical occupations,93,44,49
E01000066,4. Administrative and secretarial occupations,130,102,28
E01000066,5. Skilled trades occupations,108,84,24
E01000066,"6. Caring, leisure and other service occupations",98,97,1
E01000066,7. Sales and customer service occupations,88,79,9
E01000066,"8. Process, plant and machine operatives",87,76,11
E01000066,9. Elementary occupations,102,92,10
E01000067,"1. Managers, directors and senior officials",92,77,15
E01000067,2. Professional occupations,194,127,67
E01000067,3. Associate professional and technical occupations,111,52,59
E01000067,4. Administrative and secretarial occupations,113,120,-7
E01000067,5. Skilled trades occupations,69,73,-4
E01000067,"6. Caring, leisure and other service occupations",93,61,32
E01000067,7. Sales and customer service occupations,66,87,-21
E01000067,"8. Process, plant and machine operatives",99,83,16
E01000067,9. Elementary occupations,96,76,20
E01000068,"1. Managers, directors and senior officials",100,57,43
E01000068,2. Professional occupations,161,117,44
E01000068,3. Associate professional and technical occupations,95,25,70
E01000068,4. Administrative and secretarial occupations,97,93,4
E01000068,5. Skilled trades occupations,85,59,26
E01000068,"6. Caring, leisure and other service occupations",67,67,0
E01000068,7. Sales and customer service occupations,72,92,-20
E01000068,"8. Process, plant and machine operatives",64,58,6
E01000068,9. Elementary occupations,108,83,25
E01000069,"1. Managers, directors and senior officials",134,111,23
E01000069,2. Professional occupations,212,136,76
E01000069,3. Associate professional and technical occupations,123,49,74
E01000069,4. Administrative and secretarial occupations,104,167,-63
E01000069,5. Skilled trades occupations,81,103,-22
E01000069,"6. Caring, leisure and other service occupations",89,81,8
E01000069,7. Sales and customer service occupations,88,88,0
E01000069,"8. Process, plant and machine operatives",108,88,20
E01000069,9. Elementary occupations,76,72,4
E01000070,"1. Managers, directors and senior officials",103,74,29
E01000070,2. Professional occupations,201,93,108
E01000070,3. Associate professional and technical occupations,95,48,47
E01000070,4. Administrative and secretarial occupations,101,82,19
E01000070,5. Skilled trades occupations,69,57,12
E01000070,"6. Caring, leisure and other service occupations",77,50,27
E01000070,7. Sales and customer service occupations,65,53,12
E01000070,"8. Process, plant and machine operatives",89,71,18
E01000070,9. Elementary occupations,89,93,-4
E01000071,"1. Managers, directors and senior officials",138,91,47
E01000071,2. Professional occupations,229,162,67
E01000071,3. Associate professional and technical occupations,135,58,77
E01000071,4. Administrative and secretarial occupations,138,152,-14
E01000071,5. Skilled trades occupations,124,76,48
E01000071,"6. Caring, leisure and other service occupations",105,92,13
E01000071,7. Sales and customer service occupations,102,91,11
E01000071,"8. Process, plant and machine operatives",105,89,16
E01000071,9. Elementary occupations,137,100,37
E01000072,"1. Managers, directors and senior officials",62,29,33
E01000072,2. Professional occupations,111,85,26
E01000072,3. Associate professional and technical occupations,82,30,52
E01000072,4. Administrative and secretarial occupations,89,105,-16
E01000072,5. Skilled trades occupations,124,100,24
E01000072,"6. Caring, leisure and other service occupations",121,85,36
E01000072,7. Sales and customer service occupations,63,65,-2
E01000072,"8. Process, plant and machine operatives",78,80,-2
E01000072,9. Elementary occupations,134,104,30
E01000073,"1. Managers, directors and senior officials",78,40,38
E01000073,2. Professional occupations,123,71,52
E01000073,3. Associate professional and technical occupations,77,24,53
E01000073,4. Administrative and secretarial occupations,78,82,-4
E01000073,5. Skilled trades occupations,90,80,10
E01000073,"6. Caring, leisure and other service occupations",82,73,9
E01000073,7. Sales and customer service occupations,63,70,-7
E01000073,"8. Process, plant and machine operatives",76,68,8
E01000073,9. Elementary occupations,120,108,12
E01000074,"1. Managers, directors and senior officials",57,33,24
E01000074,2. Professional occupations,116,69,47
E01000074,3. Associate professional and technical occupations,79,36,43
E01000074,4. Administrative and secretarial occupations,65,103,-38
E01000074,5. Skilled trades occupations,98,80,18
E01000074,"6. Caring, leisure and other service occupations",94,67,27
E01000074,7. Sales and customer service occupations,53,60,-7
E01000074,"8. Process, plant and machine operatives",70,54,16
E01000074,9. Elementary occupations,119,110,9
E01000075,"1. Managers, directors and senior officials",62,45,17
E01000075,2. Professional occupations,127,60,67
E01000075,3. Associate professional and technical occupations,95,34,61
E01000075,4. Administrative and secretarial occupations,93,95,-2
E01000075,5. Skilled trades occupations,141,89,52
E01000075,"6. Caring, leisure and other service occupations",126,81,45
E01000075,7. Sales and customer service occupations,77,71,6
E01000075,"8. Process, plant and machine operatives",79,70,9
E01000075,9. Elementary occupations,156,87,69
E01000076,"1. Managers, directors and senior officials",54,44,10
E01000076,2. Professional occupations,124,81,43
E01000076,3. Associate professional and technical occupations,61,24,37
E01000076,4. Administrative and secretarial occupations,69,88,-19
E01000076,5. Skilled trades occupations,104,87,17
E01000076,"6. Caring, leisure and other service occupations",117,94,23
E01000076,7. Sales and customer service occupations,79,78,1
E01000076,"8. Process, plant and machine operatives",102,89,13
E01000076,9. Elementary occupations,145,130,15
E01000077,"1. Managers, directors and senior officials",47,31,16
E01000077,2. Professional occupations,91,67,24
E01000077,3. Associate professional and technical occupations,57,17,40
E01000077,4. Administrative and secretarial occupations,75,82,-7
E01000077,5. Skilled trades occupations,100,70,30
E01000077,"6. Caring, leisure and other service occupations",98,72,26
E01000077,7. Sales and customer service occupations,50,75,-25
E01000077,"8. Process, plant and machine operatives",71,42,29
E01000077,9. Elementary occupations,129,124,5
E01000078,"1. Managers, directors and senior officials",72,40,32
E01000078,2. Professional occupations,111,68,43
E01000078,3. Associate professional and technical occupations,61,30,31
E01000078,4. Administrative and secretarial occupations,60,79,-19
E01000078,5. Skilled trades occupations,96,67,29
E01000078,"6. Caring, leisure and other service occupations",103,82,21
E01000078,7. Sales and customer service occupations,76,51,25
E01000078,"8. Process, plant and machine operatives",85,66,19
E01000078,9. Elementary occupations,118,88,30
E01000079,"1. Managers, directors and senior officials",52,38,14
E01000079,2. Professional occupations,91,74,17
E01000079,3. Associate professional and technical occupations,72,25,47
E01000079,4. Administrative and secretarial occupations,72,81,-9
E01000079,5. Skilled trades occupations,106,64,42
E01000079,"6. Caring, leisure and other service occupations",87,75,12
E01000079,7. Sales and customer service occupations,53,50,3
E01000079,"8. Process, plant and machine operatives",77,55,22
E01000079,9. Elementary occupations,113,87,26
E01000080,"1. Managers, directors and senior officials",53,33,20
E01000080,2. Professional occupations,114,50,64
E01000080,3. Associate professional and technical occupations,93,33,60
E01000080,4. Administrative and secretarial occupations,71,80,-9
E01000080,5. Skilled trades occupations,117,71,46
E01000080,"6. Caring, leisure and other service occupations",91,84,7
E01000080,7. Sales and customer service occupations,69,50,19
E01000080,"8. Process, plant and machine operatives",81,72,9
E01000080,9. Elementary occupations,138,107,31
E01000081,"1. Managers, directors and senior officials",83,44,39
E01000081,2. Professional occupations,120,65,55
E01000081,3. Associate professional and technical occupations,69,38,31
E01000081,4. Administrative and secretarial occupations,84,88,-4
E01000081,5. Skilled trades occupations,112,80,32
E01000081,"6. Caring, leisure and other service occupations",103,86,17
E01000081,7. Sales and customer service occupations,69,70,-1
E01000081,"8. Process, plant and machine operatives",86,80,6
E01000081,9. Elementary occupations,164,111,53
E01000082,"1. Managers, directors and senior officials",61,46,15
E01000082,2. Professional occupations,126,80,46
E01000082,3. Associate professional and technical occupations,92,30,62
E01000082,4. Administrative and secretarial occupations,73,75,-2
E01000082,5. Skilled trades occupations,112,74,38
E01000082,"6. Caring, leisure and other service occupations",110,88,22
E01000082,7. Sales and customer service occupations,73,61,12
E01000082,"8. Process, plant and machine operatives",81,64,17
E01000082,9. Elementary occupations,130,107,23
E01000083,"1. Managers, directors and senior officials",68,44,24
E01000083,2. Professional occupations,107,57,50
E01000083,3. Associate professional and technical occupations,72,31,41
E01000083,4. Administrative and secretarial occupations,59,89,-30
E01000083,5. Skilled trades occupations,97,77,20
E01000083,"6. Caring, leisure and other service occupations",82,94,-12
E01000083,7. Sales and customer service occupations,83,69,14
E01000083,"8. Process, plant and machine operatives",78,67,11
E01000083,9. Elementary occupations,131,101,30
E01000084,"1. Managers, directors and senior officials",43,23,20
E01000084,2. Professional occupations,87,52,35
E01000084,3. Associate professional and technical occupations,41,16,25
E01000084,4. Administrative and secretarial occupations,53,61,-8
E01000084,5. Skilled trades occupations,81,67,14
E01000084,"6. Caring, leisure and other service occupations",68,79,-11
E01000084,7. Sales and customer service occupations,48,62,-14
E01000084,"8. Process, plant and machine operatives",74,62,12
E01000084,9. Elementary occupations,137,111,26
E01000085,"1. Managers, directors and senior officials",44,31,13
E01000085,2. Professional occupations,87,54,33
E01000085,3. Associate professional and technical occupations,56,27,29
E01000085,4. Administrative and secretarial occupations,57,76,-19
E01000085,5. Skilled trades occupations,100,88,12
E01000085,"6. Caring, leisure and other service occupations",114,87,27
E01000085,7. Sales and customer service occupations,73,54,19
E01000085,"8. Process, plant and machine operatives",67,70,-3
E01000085,9. Elementary occupations,134,109,25
E01000086,"1. Managers, directors and senior officials",51,41,10
E01000086,2. Professional occupations,92,69,23
E01000086,3. Associate professional and technical occupations,48,22,26
E01000086,4. Administrative and secretarial occupations,53,58,-5
E01000086,5. Skilled trades occupations,86,61,25
E01000086,"6. Caring, leisure and other service occupations",72,65,7
E01000086,7. Sales and customer service occupations,50,49,1
E01000086,"8. Process, plant and machine operatives",69,81,-12
E01000086,9. Elementary occupations,122,122,0
E01000087,"1. Managers, directors and senior officials",53,37,16
E01000087,2. Professional occupations,90,55,35
E01000087,3. Associate professional and technical occupations,58,23,35
E01000087,4. Administrative and secretarial occupations,70,74,-4
E01000087,5. Skilled trades occupations,98,67,31
E01000087,"6. Caring, leisure and other service occupations",76,64,12
E01000087,7. Sales and customer service occupations,51,51,0
E01000087,"8. Process, plant and machine operatives",65,69,-4
E01000087,9. Elementary occupations,140,97,43
E01000088,"1. Managers, directors and senior officials",63,57,6
E01000088,2. Professional occupations,123,103,20
E01000088,3. Associate professional and technical occupations,77,53,24
E01000088,4. Administrative and secretarial occupations,73,89,-16
E01000088,5. Skilled trades occupations,80,83,-3
E01000088,"6. Caring, leisure and other service occupations",120,75,45
E01000088,7. Sales and customer service occupations,72,77,-5
E01000088,"8. Process, plant and machine operatives",72,67,5
E01000088,9. Elementary occupations,135,107,28
E01000089,"1. Managers, directors and senior officials",57,43,14
E01000089,2. Professional occupations,106,79,27
E01000089,3. Associate professional and technical occupations,56,30,26
E01000089,4. Administrative and secretarial occupations,73,116,-43
E01000089,5. Skilled trades occupations,74,94,-20
E01000089,"6. Caring, leisure and other service occupations",121,77,44
E01000089,7. Sales and customer service occupations,67,67,0
E01000089,"8. Process, plant and machine operatives",91,62,29
E01000089,9. Elementary occupations,136,111,25
E01000090,"1. Managers, directors and senior officials",57,39,18
E01000090,2. Professional occupations,111,81,30
E01000090,3. Associate professional and technical occupations,65,30,35
E01000090,4. Administrative and secretarial occupations,71,80,-9
E01000090,5. Skilled trades occupations,87,91,-4
E01000090,"6. Caring, leisure and other service occupations",94,67,27
E01000090,7. Sales and customer service occupations,54,62,-8
E01000090,"8. Process, plant and machine operatives",66,59,7
E01000090,9. Elementary occupations,127,110,17
E01000091,"1. Managers, directors and senior officials",59,35,24
E01000091,2. Professional occupations,102,56,46
E01000091,3. Associate professional and technical occupations,67,25,42
E01000091,4. Administrative and secretarial occupations,73,73,0
E01000091,5. Skilled trades occupations,74,60,14
E01000091,"6. Caring, leisure and other service occupations",125,63,62
E01000091,7. Sales and customer service occupations,71,64,7
E01000091,"8. Process, plant and machine operatives",83,73,10
E01000091,9. Elementary occupations,148,108,40
E01000093,"1. Managers, directors and senior officials",47,38,9
E01000093,2. Professional occupations,91,63,28
E01000093,3. Associate professional and technical occupations,65,18,47
E01000093,4. Administrative and secretarial occupations,79,61,18
E01000093,5. Skilled trades occupations,67,63,4
E01000093,"6. Caring, leisure and other service occupations",88,78,10
E01000093,7. Sales and customer service occupations,51,66,-15
E01000093,"8. Process, plant and machine operatives",74,48,26
E01000093,9. Elementary occupations,130,109,21
E01000094,"1. Managers, directors and senior officials",92,47,45
E01000094,2. Professional occupations,233,107,126
E01000094,3. Associate professional and technical occupations,122,33,89
E01000094,4. Administrative and secretarial occupations,110,86,24
E01000094,5. Skilled trades occupations,79,40,39
E01000094,"6. Caring, leisure and other service occupations",144,63,81
E01000094,7. Sales and customer service occupations,74,54,20
E01000094,"8. Process, plant and machine operatives",86,51,35
E01000094,9. Elementary occupations,182,85,97
E01000095,"1. Managers, directors and senior officials",96,46,50
E01000095,2. Professional occupations,199,92,107
E01000095,3. Associate professional and technical occupations,97,38,59
E01000095,4. Administrative and secretarial occupations,101,87,14
E01000095,5. Skilled trades occupations,71,61,10
E01000095,"6. Caring, leisure and other service occupations",99,86,13
E01000095,7. Sales and customer service occupations,83,60,23
E01000095,"8. Process, plant and machine operatives",80,72,8
E01000095,9. Elementary occupations,130,81,49
E01000096,"1. Managers, directors and senior officials",41,21,20
E01000096,2. Professional occupations,112,65,47
E01000096,3. Associate professional and technical occupations,59,22,37
E01000096,4. Administrative and secretarial occupations,50,62,-12
E01000096,5. Skilled trades occupations,49,56,-7
E01000096,"6. Caring, leisure and other service occupations",83,107,-24
E01000096,7. Sales and customer service occupations,53,59,-6
E01000096,"8. Process, plant and machine operatives",55,62,-7
E01000096,9. Elementary occupations,100,130,-30
E01000097,"1. Managers, directors and senior officials",52,55,-3
E01000097,2. Professional occupations,118,79,39
E01000097,3. Associate professional and technical occupations,70,40,30
E01000097,4. Administrative and secretarial occupations,89,82,7
E01000097,5. Skilled trades occupations,109,77,32
E01000097,"6. Caring, leisure and other service occupations",94,65,29
E01000097,7. Sales and customer service occupations,47,66,-19
E01000097,"8. Process, plant and machine operatives",84,57,27
E01000097,9. Elementary occupations,132,77,55
E01000098,"1. Managers, directors and senior officials",69,47,22
E01000098,2. Professional occupations,99,70,29
E01000098,3. Associate professional and technical occupations,77,39,38
E01000098,4. Administrative and secretarial occupations,71,89,-18
E01000098,5. Skilled trades occupations,98,71,27
E01000098,"6. Caring, leisure and other service occupations",97,83,14
E01000098,7. Sales and customer service occupations,66,79,-13
E01000098,"8. Process, plant and machine operatives",79,80,-1
E01000098,9. Elementary occupations,132,88,44
E01000099,"1. Managers, directors and senior officials",144,54,90
E01000099,2. Professional occupations,242,79,163
E01000099,3. Associate professional and technical occupations,121,30,91
E01000099,4. Administrative and secretarial occupations,125,96,29
E01000099,5. Skilled trades occupations,154,99,55
E01000099,"6. Caring, leisure and other service occupations",139,97,42
E01000099,7. Sales and customer service occupations,90,56,34
E01000099,"8. Process, plant and machine operatives",104,71,33
E01000099,9. Elementary occupations,176,103,73
E01000100,"1. Managers, directors and senior officials",73,40,33
E01000100,2. Professional occupations,102,65,37
E01000100,3. Associate professional and technical occupations,85,33,52
E01000100,4. Administrative and secretarial occupations,72,94,-22
E01000100,5. Skilled trades occupations,93,99,-6
E01000100,"6. Caring, leisure and other service occupations",105,68,37
E01000100,7. Sales and customer service occupations,63,67,-4
E01000100,"8. Process, plant and machine operatives",88,53,35
E01000100,9. Elementary occupations,128,88,40
E01000101,"1. Managers, directors and senior officials",49,48,1
E01000101,2. Professional occupations,89,73,16
E01000101,3. Associate professional and technical occupations,65,23,42
E01000101,4. Administrative and secretarial occupations,71,77,-6
E01000101,5. Skilled trades occupations,101,73,28
E01000101,"6. Caring, leisure and other service occupations",96,88,8
E01000101,7. Sales and customer service occupations,72,60,12
E01000101,"8. Process, plant and machine operatives",74,69,5
E01000101,9. Elementary occupations,126,99,27
E01000102,"1. Managers, directors and senior officials",71,52,19
E01000102,2. Professional occupations,80,81,-1
E01000102,3. Associate professional and technical occupations,72,30,42
E01000102,4. Administrative and secretarial occupations,57,90,-33
E01000102,5. Skilled trades occupations,100,66,34
E01000102,"6. Caring, leisure and other service occupations",85,75,10
E01000102,7. Sales and customer service occupations,73,38,35
E01000102,"8. Process, plant and machine operatives",79,64,15
E01000102,9. Elementary occupations,131,86,45
E01000103,"1. Managers, directors and senior officials",68,33,35
E01000103,2. Professional occupations,130,81,49
E01000103,3. Associate professional and technical occupations,94,33,61
E01000103,4. Administrative and secretarial occupations,67,88,-21
E01000103,5. Skilled trades occupations,75,73,2
E01000103,"6. Caring, leisure and other service occupations",100,80,20
E01000103,7. Sales and customer service occupations,58,66,-8
E01000103,"8. Process, plant and machine operatives",91,72,19
E01000103,9. Elementary occupations,124,110,14
E01000104,"1. Managers, directors and senior officials",60,54,6
E01000104,2. Professional occupations,131,66,65
E01000104,3. Associate professional and technical occupations,79,26,53
E01000104,4. Administrative and secretarial occupations,62,85,-23
E01000104,5. Skilled trades occupations,88,88,0
E01000104,"6. Caring, leisure and other service occupations",127,100,27
E01000104,7. Sales and customer service occupations,62,64,-2
E01000104,"8. Process, plant and machine operatives",86,61,25
E01000104,9. Elementary occupations,123,105,18
E01000105,"1. Managers, directors and senior officials",73,50,23
E01000105,2. Professional occupations,162,90,72
E01000105,3. Associate professional and technical occupations,89,28,61
E01000105,4. Administrative and secretarial occupations,87,100,-13
E01000105,5. Skilled trades occupations,95,84,11
E01000105,"6. Caring, leisure and other service occupations",147,108,39
E01000105,7. Sales and customer service occupations,80,72,8
E01000105,"8. Process, plant and machine operatives",111,87,24
E01000105,9. Elementary occupations,178,132,46
E01000106,"1. Managers, directors and senior officials",51,54,-3
E01000106,2. Professional occupations,106,96,10
E01000106,3. Associate professional and technical occupations,77,30,47
E01000106,4. Administrative and secretarial occupations,75,100,-25
E01000106,5. Skilled trades occupations,101,65,36
E01000106,"6. Caring, leisure and other service occupations",121,94,27
E01000106,7. Sales and customer service occupations,82,80,2
E01000106,"8. Process, plant and machine operatives",93,81,12
E01000106,9. Elementary occupations,154,114,40
E01000107,"1. Managers, directors and senior officials",71,50,21
E01000107,2. Professional occupations,103,80,23
E01000107,3. Associate professional and technical occupations,77,29,48
E01000107,4. Administrative and secretarial occupations,76,120,-44
E01000107,5. Skilled trades occupations,94,75,19
E01000107,"6. Caring, leisure and other service occupations",74,75,-1
E01000107,7. Sales and customer service occupations,58,62,-4
E01000107,"8. Process, plant and machine operatives",82,64,18
E01000107,9. Elementary occupations,101,93,8
E01000108,"1. Managers, directors and senior officials",75,48,27
E01000108,2. Professional occupations,107,80,27
E01000108,3. Associate professional and technical occupations,98,38,60
E01000108,4. Administrative and secretarial occupations,85,132,-47
E01000108,5. Skilled trades occupations,99,83,16
E01000108,"6. Caring, leisure and other service occupations",111,81,30
E01000108,7. Sales and customer service occupations,55,54,1
E01000108,"8. Process, plant and machine operatives",90,72,18
E01000108,9. Elementary occupations,132,116,16
E01000110,"1. Managers, directors and senior officials",69,62,7
E01000110,2. Professional occupations,141,111,30
E01000110,3. Associate professional and technical occupations,81,53,28
E01000110,4. Administrative and secretarial occupations,88,115,-27
E01000110,5. Skilled trades occupations,80,68,12
E01000110,"6. Caring, leisure and other service occupations",57,55,2
E01000110,7. Sales and customer service occupations,66,64,2
E01000110,"8. Process, plant and machine operatives",57,48,9
E01000110,9. Elementary occupations,98,46,52
E01000111,"1. Managers, directors and senior officials",72,61,11
E01000111,2. Professional occupations,157,98,59
E01000111,3. Associate professional and technical occupations,75,49,26
E01000111,4. Administrative and secretarial occupations,89,116,-27
E01000111,5. Skilled trades occupations,113,83,30
E01000111,"6. Caring, leisure and other service occupations",119,89,30
E01000111,7. Sales and customer service occupations,73,62,11
E01000111,"8. Process, plant and machine operatives",106,54,52
E01000111,9. Elementary occupations,163,108,55
E01000112,"1. Managers, directors and senior officials",93,67,26
E01000112,2. Professional occupations,153,129,24
E01000112,3. Associate professional and technical occupations,98,60,38
E01000112,4. Administrative and secretarial occupations,106,131,-25
E01000112,5. Skilled trades occupations,100,84,16
E01000112,"6. Caring, leisure and other service occupations",81,91,-10
E01000112,7. Sales and customer service occupations,79,75,4
E01000112,"8. Process, plant and machine operatives",70,80,-10
E01000112,9. Elementary occupations,134,100,34
E01000113,"1. Managers, directors and senior officials",99,70,29
E01000113,2. Professional occupations,174,111,63
E01000113,3. Associate professional and technical occupations,98,37,61
E01000113,4. Administrative and secretarial occupations,97,120,-23
E01000113,5. Skilled trades occupations,106,59,47
E01000113,"6. Caring, leisure and other service occupations",91,82,9
E01000113,7. Sales and customer service occupations,56,79,-23
E01000113,"8. Process, plant and machine operatives",76,63,13
E01000113,9. Elementary occupations,151,100,51
E01000114,"1. Managers, directors and senior officials",85,69,16
E01000114,2. Professional occupations,172,103,69
E01000114,3. Associate professional and technical occupations,131,35,96
E01000114,4. Administrative and secretarial occupations,95,138,-43
E01000114,5. Skilled trades occupations,107,94,13
E01000114,"6. Caring, leisure and other service occupations",109,115,-6
E01000114,7. Sales and customer service occupations,106,84,22
E01000114,"8. Process, plant and machine operatives",101,90,11
E01000114,9. Elementary occupations,139,119,20
E01000115,"1. Managers, directors and senior officials",138,117,21
E01000115,2. Professional occupations,204,164,40
E01000115,3. Associate professional and technical occupations,85,30,55
E01000115,4. Administrative and secretarial occupations,96,94,2
E01000115,5. Skilled trades occupations,41,51,-10
E01000115,"6. Caring, leisure and other service occupations",41,57,-16
E01000115,7. Sales and customer service occupations,26,38,-12
E01000115,"8. Process, plant and machine operatives",20,20,0
E01000115,9. Elementary occupations,22,38,-16
E01000116,"1. Managers, directors and senior officials",139,94,45
E01000116,2. Professional occupations,214,169,45
E01000116,3. Associate professional and technical occupations,120,55,65
E01000116,4. Administrative and secretarial occupations,97,136,-39
E01000116,5. Skilled trades occupations,66,78,-12
E01000116,"6. Caring, leisure and other service occupations",61,84,-23
E01000116,7. Sales and customer service occupations,51,47,4
E01000116,"8. Process, plant and machine operatives",43,56,-13
E01000116,9. Elementary occupations,36,47,-11
E01000117,"1. Managers, directors and senior officials",144,119,25
E01000117,2. Professional occupations,212,172,40
E01000117,3. Associate professional and technical occupations,126,54,72
E01000117,4. Administrative and secretarial occupations,81,135,-54
E01000117,5. Skilled trades occupations,80,83,-3
E01000117,"6. Caring, leisure and other service occupations",59,71,-12
E01000117,7. Sales and customer service occupations,32,47,-15
E01000117,"8. Process, plant and machine operatives",41,45,-4
E01000117,9. Elementary occupations,43,56,-13
E01000118,"1. Managers, directors and senior officials",160,112,48
E01000118,2. Professional occupations,263,197,66
E01000118,3. Associate professional and technical occupations,129,65,64
E01000118,4. Administrative and secretarial occupations,121,149,-28
E01000118,5. Skilled trades occupations,94,84,10
E01000118,"6. Caring, leisure and other service occupations",77,92,-15
E01000118,7. Sales and customer service occupations,64,76,-12
E01000118,"8. Process, plant and machine operatives",39,34,5
E01000118,9. Elementary occupations,54,59,-5
E01000119,"1. Managers, directors and senior officials",161,115,46
E01000119,2. Professional occupations,256,231,25
E01000119,3. Associate professional and technical occupations,94,42,52
E01000119,4. Administrative and secretarial occupations,86,111,-25
E01000119,5. Skilled trades occupations,66,65,1
E01000119,"6. Caring, leisure and other service occupations",52,57,-5
E01000119,7. Sales and customer service occupations,49,38,11
E01000119,"8. Process, plant and machine operatives",36,28,8
E01000119,9. Elementary occupations,51,40,11
E01000120,"1. Managers, directors and senior officials",123,109,14
E01000120,2. Professional occupations,227,176,51
E01000120,3. Associate professional and technical occupations,108,37,71
E01000120,4. Administrative and secretarial occupations,79,95,-16
E01000120,5. Skilled trades occupations,48,48,0
E01000120,"6. Caring, leisure and other service occupations",36,54,-18
E01000120,7. Sales and customer service occupations,37,51,-14
E01000120,"8. Process, plant and machine operatives",17,24,-7
E01000120,9. Elementary occupations,30,22,8
E01000121,"1. Managers, directors and senior officials",72,45,27
E01000121,2. Professional occupations,108,80,28
E01000121,3. Associate professional and technical occupations,93,38,55
E01000121,4. Administrative and secretarial occupations,68,86,-18
E01000121,5. Skilled trades occupations,60,56,4
E01000121,"6. Caring, leisure and other service occupations",71,67,4
E01000121,7. Sales and customer service occupations,72,56,16
E01000121,"8. Process, plant and machine operatives",34,37,-3
E01000121,9. Elementary occupations,49,41,8
E01000122,"1. Managers, directors and senior officials",146,102,44
E01000122,2. Professional occupations,201,186,15
E01000122,3. Associate professional and technical occupations,102,25,77
E01000122,4. Administrative and secretarial occupations,74,98,-24
E01000122,5. Skilled trades occupations,53,59,-6
E01000122,"6. Caring, leisure and other service occupations",53,59,-6
E01000122,7. Sales and customer service occupations,39,36,3
E01000122,"8. Process, plant and machine operatives",32,32,0
E01000122,9. Elementary occupations,38,54,-16
E01000123,"1. Managers, directors and senior officials",150,96,54
E01000123,2. Professional occupations,223,175,48
E01000123,3. Associate professional and technical occupations,174,60,114
E01000123,4. Administrative and secretarial occupations,91,123,-32
E01000123,5. Skilled trades occupations,84,93,-9
E01000123,"6. Caring, leisure and other service occupations",74,89,-15
E01000123,7. Sales and customer service occupations,56,55,1
E01000123,"8. Process, plant and machine operatives",55,44,11
E01000123,9. Elementary occupations,67,55,12
E01000124,"1. Managers, directors and senior officials",119,85,34
E01000124,2. Professional occupations,171,128,43
E01000124,3. Associate professional and technical occupations,117,39,78
E01000124,4. Administrative and secretarial occupations,67,101,-34
E01000124,5. Skilled trades occupations,108,67,41
E01000124,"6. Caring, leisure and other service occupations",87,62,25
E01000124,7. Sales and customer service occupations,52,72,-20
E01000124,"8. Process, plant and machine operatives",47,44,3
E01000124,9. Elementary occupations,102,100,2
E01000126,"1. Managers, directors and senior officials",111,73,38
E01000126,2. Professional occupations,210,128,82
E01000126,3. Associate professional and technical occupations,98,46,52
E01000126,4. Administrative and secretarial occupations,104,90,14
E01000126,5. Skilled trades occupations,118,72,46
E01000126,"6. Caring, leisure and other service occupations",107,111,-4
E01000126,7. Sales and customer service occupations,73,91,-18
E01000126,"8. Process, plant and machine operatives",79,81,-2
E01000126,9. Elementary occupations,117,128,-11
E01000127,"1. Managers, directors and senior officials",78,44,34
E01000127,2. Professional occupations,100,76,24
E01000127,3. Associate professional and technical occupations,74,32,42
E01000127,4. Administrative and secretarial occupations,48,73,-25
E01000127,5. Skilled trades occupations,92,95,-3
E01000127,"6. Caring, leisure and other service occupations",80,85,-5
E01000127,7. Sales and customer service occupations,64,77,-13
E01000127,"8. Process, plant and machine operatives",54,54,0
E01000127,9. Elementary occupations,110,99,11
E01000128,"1. Managers, directors and senior officials",92,56,36
E01000128,2. Professional occupations,140,98,42
E01000128,3. Associate professional and technical occupations,91,27,64
E01000128,4. Administrative and secretarial occupations,85,109,-24
E01000128,5. Skilled trades occupations,133,106,27
E01000128,"6. Caring, leisure and other service occupations",104,105,-1
E01000128,7. Sales and customer service occupations,57,79,-22
E01000128,"8. Process, plant and machine operatives",85,58,27
E01000128,9. Elementary occupations,127,127,0
E01000129,"1. Managers, directors and senior officials",54,58,-4
E01000129,2. Professional occupations,100,71,29
E01000129,3. Associate professional and technical occupations,54,28,26
E01000129,4. Administrative and secretarial occupations,49,49,0
E01000129,5. Skilled trades occupations,113,83,30
E01000129,"6. Caring, leisure and other service occupations",88,96,-8
E01000129,7. Sales and customer service occupations,66,97,-31
E01000129,"8. Process, plant and machine operatives",65,48,17
E01000129,9. Elementary occupations,129,157,-28
E01000130,"1. Managers, directors and senior officials",82,48,34
E01000130,2. Professional occupations,133,108,25
E01000130,3. Associate professional and technical occupations,110,47,63
E01000130,4. Administrative and secretarial occupations,85,101,-16
E01000130,5. Skilled trades occupations,92,65,27
E01000130,"6. Caring, leisure and other service occupations",114,84,30
E01000130,7. Sales and customer service occupations,106,77,29
E01000130,"8. Process, plant and machine operatives",98,54,44
E01000130,9. Elementary occupations,111,95,16
E01000131,"1. Managers, directors and senior officials",100,74,26
E01000131,2. Professional occupations,190,117,73
E01000131,3. Associate professional and technical occupations,110,40,70
E01000131,4. Administrative and secretarial occupations,94,114,-20
E01000131,5. Skilled trades occupations,141,91,50
E01000131,"6. Caring, leisure and other service occupations",78,83,-5
E01000131,7. Sales and customer service occupations,63,92,-29
E01000131,"8. Process, plant and machine operatives",64,60,4
E01000131,9. Elementary occupations,122,110,12
E01000132,"1. Managers, directors and senior officials",72,39,33
E01000132,2. Professional occupations,126,65,61
E01000132,3. Associate professional and technical occupations,67,27,40
E01000132,4. Administrative and secretarial occupations,72,69,3
E01000132,5. Skilled trades occupations,109,79,30
E01000132,"6. Caring, leisure and other service occupations",78,86,-8
E01000132,7. Sales and customer service occupations,52,81,-29
E01000132,"8. Process, plant and machine operatives",58,49,9
E01000132,9. Elementary occupations,101,112,-11
E01000133,"1. Managers, directors and senior officials",60,53,7
E01000133,2. Professional occupations,105,78,27
E01000133,3. Associate professional and technical occupations,75,35,40
E01000133,4. Administrative and secretarial occupations,62,74,-12
E01000133,5. Skilled trades occupations,92,77,15
E01000133,"6. Caring, leisure and other service occupations",110,77,33
E01000133,7. Sales and customer service occupations,67,63,4
E01000133,"8. Process, plant and machine operatives",65,57,8
E01000133,9. Elementary occupations,96,99,-3
E01000134,"1. Managers, directors and senior officials",63,42,21
E01000134,2. Professional occupations,145,126,19
E01000134,3. Associate professional and technical occupations,66,35,31
E01000134,4. Administrative and secretarial occupations,81,96,-15
E01000134,5. Skilled trades occupations,101,98,3
E01000134,"6. Caring, leisure and other service occupations",89,94,-5
E01000134,7. Sales and customer service occupations,72,61,11
E01000134,"8. Process, plant and machine operatives",66,54,12
E01000134,9. Elementary occupations,130,105,25
E01000135,"1. Managers, directors and senior officials",199,147,52
E01000135,2. Professional occupations,236,212,24
E01000135,3. Associate professional and technical occupations,111,32,79
E01000135,4. Administrative and secretarial occupations,52,65,-13
E01000135,5. Skilled trades occupations,43,38,5
E01000135,"6. Caring, leisure and other service occupations",47,46,1
E01000135,7. Sales and customer service occupations,28,31,-3
E01000135,"8. Process, plant and machine operatives",29,17,12
E01000135,9. Elementary occupations,36,43,-7
E01000136,"1. Managers, directors and senior officials",203,156,47
E01000136,2. Professional occupations,208,227,-19
E01000136,3. Associate professional and technical occupations,94,41,53
E01000136,4. Administrative and secretarial occupations,44,67,-23
E01000136,5. Skilled trades occupations,18,22,-4
E01000136,"6. Caring, leisure and other service occupations",53,38,15
E01000136,7. Sales and customer service occupations,23,24,-1
E01000136,"8. Process, plant and machine operatives",4,5,-1
E01000136,9. Elementary occupations,20,21,-1
E01000137,"1. Managers, directors and senior officials",97,76,21
E01000137,2. Professional occupations,153,136,17
E01000137,3. Associate professional and technical occupations,94,37,57
E01000137,4. Administrative and secretarial occupations,55,74,-19
E01000137,5. Skilled trades occupations,51,63,-12
E01000137,"6. Caring, leisure and other service occupations",91,71,20
E01000137,7. Sales and customer service occupations,43,51,-8
E01000137,"8. Process, plant and machine operatives",39,34,5
E01000137,9. Elementary occupations,66,86,-20
E01000138,"1. Managers, directors and senior officials",112,95,17
E01000138,2. Professional occupations,162,115,47
E01000138,3. Associate professional and technical occupations,99,37,62
E01000138,4. Administrative and secretarial occupations,62,76,-14
E01000138,5. Skilled trades occupations,72,66,6
E01000138,"6. Caring, leisure and other service occupations",77,64,13
E01000138,7. Sales and customer service occupations,60,46,14
E01000138,"8. Process, plant and machine operatives",36,35,1
E01000138,9. Elementary occupations,80,79,1
E01000139,"1. Managers, directors and senior officials",156,129,27
E01000139,2. Professional occupations,203,170,33
E01000139,3. Associate professional and technical occupations,119,45,74
E01000139,4. Administrative and secretarial occupations,58,64,-6
E01000139,5. Skilled trades occupations,42,48,-6
E01000139,"6. Caring, leisure and other service occupations",55,59,-4
E01000139,7. Sales and customer service occupations,24,33,-9
E01000139,"8. Process, plant and machine operatives",20,20,0
E01000139,9. Elementary occupations,47,70,-23
E01000140,"1. Managers, directors and senior officials",194,104,90
E01000140,2. Professional occupations,318,191,127
E01000140,3. Associate professional and technical occupations,168,46,122
E01000140,4. Administrative and secretarial occupations,64,75,-11
E01000140,5. Skilled trades occupations,71,69,2
E01000140,"6. Caring, leisure and other service occupations",75,78,-3
E01000140,7. Sales and customer service occupations,59,54,5
E01000140,"8. Process, plant and machine operatives",30,22,8
E01000140,9. Elementary occupations,55,90,-35
E01000141,"1. Managers, directors and senior officials",102,89,13
E01000141,2. Professional occupations,200,196,4
E01000141,3. Associate professional and technical occupations,129,65,64
E01000141,4. Administrative and secretarial occupations,72,108,-36
E01000141,5. Skilled trades occupations,96,138,-42
E01000141,"6. Caring, leisure and other service occupations",130,110,20
E01000141,7. Sales and customer service occupations,69,86,-17
E01000141,"8. Process, plant and machine operatives",53,39,14
E01000141,9. Elementary occupations,153,180,-27
E01000142,"1. Managers, directors and senior officials",150,136,14
E01000142,2. Professional occupations,248,274,-26
E01000142,3. Associate professional and technical occupations,132,58,74
E01000142,4. Administrative and secretarial occupations,95,140,-45
E01000142,5. Skilled trades occupations,98,103,-5
E01000142,"6. Caring, leisure and other service occupations",113,94,19
E01000142,7. Sales and customer service occupations,71,107,-36
E01000142,"8. Process, plant and machine operatives",65,71,-6
E01000142,9. Elementary occupations,104,107,-3
E01000143,"1. Managers, directors and senior officials",102,59,43
E01000143,2. Professional occupations,166,88,78
E01000143,3. Associate professional and technical occupations,88,25,63
E01000143,4. Administrative and secretarial occupations,61,66,-5
E01000143,5. Skilled trades occupations,49,51,-2
E01000143,"6. Caring, leisure and other service occupations",84,83,1
E01000143,7. Sales and customer service occupations,49,45,4
E01000143,"8. Process, plant and machine operatives",50,39,11
E01000143,9. Elementary occupations,93,86,7
E01000144,"1. Managers, directors and senior officials",163,138,25
E01000144,2. Professional occupations,229,238,-9
E01000144,3. Associate professional and technical occupations,114,47,67
E01000144,4. Administrative and secretarial occupations,65,74,-9
E01000144,5. Skilled trades occupations,44,48,-4
E01000144,"6. Caring, leisure and other service occupations",62,62,0
E01000144,7. Sales and customer service occupations,48,41,7
E01000144,"8. Process, plant and machine operatives",17,18,-1
E01000144,9. Elementary occupations,73,69,4
E01000145,"1. Managers, directors and senior officials",135,101,34
E01000145,2. Professional occupations,181,178,3
E01000145,3. Associate professional and technical occupations,80,28,52
E01000145,4. Administrative and secretarial occupations,77,70,7
E01000145,5. Skilled trades occupations,40,39,1
E01000145,"6. Caring, leisure and other service occupations",44,29,15
E01000145,7. Sales and customer service occupations,47,39,8
E01000145,"8. Process, plant and machine operatives",17,17,0
E01000145,9. Elementary occupations,31,53,-22
E01000146,"1. Managers, directors and senior officials",180,138,42
E01000146,2. Professional occupations,328,239,89
E01000146,3. Associate professional and technical occupations,142,63,79
E01000146,4. Administrative and secretarial occupations,76,90,-14
E01000146,5. Skilled trades occupations,59,46,13
E01000146,"6. Caring, leisure and other service occupations",77,82,-5
E01000146,7. Sales and customer service occupations,45,56,-11
E01000146,"8. Process, plant and machine operatives",26,17,9
E01000146,9. Elementary occupations,90,99,-9
E01000147,"1. Managers, directors and senior officials",125,83,42
E01000147,2. Professional occupations,162,127,35
E01000147,3. Associate professional and technical occupations,77,34,43
E01000147,4. Administrative and secretarial occupations,64,111,-47
E01000147,5. Skilled trades occupations,168,121,47
E01000147,"6. Caring, leisure and other service occupations",66,61,5
E01000147,7. Sales and customer service occupations,110,107,3
E01000147,"8. Process, plant and machine operatives",85,50,35
E01000147,9. Elementary occupations,115,97,18
E01000150,"1. Managers, directors and senior officials",128,101,27
E01000150,2. Professional occupations,241,168,73
E01000150,3. Associate professional and technical occupations,129,47,82
E01000150,4. Administrative and secretarial occupations,96,123,-27
E01000150,5. Skilled trades occupations,115,112,3
E01000150,"6. Caring, leisure and other service occupations",88,85,3
E01000150,7. Sales and customer service occupations,113,109,4
E01000150,"8. Process, plant and machine operatives",112,73,39
E01000150,9. Elementary occupations,115,120,-5
E01000151,"1. Managers, directors and senior officials",37,30,7
E01000151,2. Professional occupations,75,60,15
E01000151,3. Associate professional and technical occupations,55,24,31
E01000151,4. Administrative and secretarial occupations,47,49,-2
E01000151,5. Skilled trades occupations,73,65,8
E01000151,"6. Caring, leisure and other service occupations",101,95,6
E01000151,7. Sales and customer service occupations,46,45,1
E01000151,"8. Process, plant and machine operatives",65,54,11
E01000151,9. Elementary occupations,83,117,-34
E01000152,"1. Managers, directors and senior officials",164,32,132
E01000152,2. Professional occupations,335,76,259
E01000152,3. Associate professional and technical occupations,183,31,152
E01000152,4. Administrative and secretarial occupations,92,75,17
E01000152,5. Skilled trades occupations,91,48,43
E01000152,"6. Caring, leisure and other service occupations",142,83,59
E01000152,7. Sales and customer service occupations,75,78,-3
E01000152,"8. Process, plant and machine operatives",104,55,49
E01000152,9. Elementary occupations,145,93,52
E01000153,"1. Managers, directors and senior officials",68,43,25
E01000153,2. Professional occupations,146,72,74
E01000153,3. Associate professional and technical occupations,82,19,63
E01000153,4. Administrative and secretarial occupations,78,62,16
E01000153,5. Skilled trades occupations,79,56,23
E01000153,"6. Caring, leisure and other service occupations",125,88,37
E01000153,7. Sales and customer service occupations,75,70,5
E01000153,"8. Process, plant and machine operatives",74,43,31
E01000153,9. Elementary occupations,103,93,10
E01000154,"1. Managers, directors and senior officials",94,35,59
E01000154,2. Professional occupations,190,71,119
E01000154,3. Associate professional and technical occupations,103,22,81
E01000154,4. Administrative and secretarial occupations,73,43,30
E01000154,5. Skilled trades occupations,87,68,19
E01000154,"6. Caring, leisure and other service occupations",114,79,35
E01000154,7. Sales and customer service occupations,64,62,2
E01000154,"8. Process, plant and machine operatives",57,54,3
E01000154,9. Elementary occupations,124,82,42
E01000156,"1. Managers, directors and senior officials",167,136,31
E01000156,2. Professional occupations,300,293,7
E01000156,3. Associate professional and technical occupations,186,54,132
E01000156,4. Administrative and secretarial occupations,66,95,-29
E01000156,5. Skilled trades occupations,64,73,-9
E01000156,"6. Caring, leisure and other service occupations",68,60,8
E01000156,7. Sales and customer service occupations,39,53,-14
E01000156,"8. Process, plant and machine operatives",53,22,31
E01000156,9. Elementary occupations,70,66,4
E01000157,"1. Managers, directors and senior officials",136,88,48
E01000157,2. Professional occupations,217,213,4
E01000157,3. Associate professional and technical occupations,119,81,38
E01000157,4. Administrative and secretarial occupations,82,99,-17
E01000157,5. Skilled trades occupations,78,65,13
E01000157,"6. Caring, leisure and other service occupations",62,66,-4
E01000157,7. Sales and customer service occupations,43,44,-1
E01000157,"8. Process, plant and machine operatives",26,37,-11
E01000157,9. Elementary occupations,50,41,9
E01000158,"1. Managers, directors and senior officials",122,103,19
E01000158,2. Professional occupations,181,204,-23
E01000158,3. Associate professional and technical occupations,97,66,31
E01000158,4. Administrative and secretarial occupations,80,97,-17
E01000158,5. Skilled trades occupations,63,72,-9
E01000158,"6. Caring, leisure and other service occupations",65,75,-10
E01000158,7. Sales and customer service occupations,50,85,-35
E01000158,"8. Process, plant and machine operatives",37,39,-2
E01000158,9. Elementary occupations,51,81,-30
E01000159,"1. Managers, directors and senior officials",134,107,27
E01000159,2. Professional occupations,247,174,73
E01000159,3. Associate professional and technical occupations,137,56,81
E01000159,4. Administrative and secretarial occupations,77,113,-36
E01000159,5. Skilled trades occupations,77,63,14
E01000159,"6. Caring, leisure and other service occupations",65,66,-1
E01000159,7. Sales and customer service occupations,60,44,16
E01000159,"8. Process, plant and machine operatives",34,33,1
E01000159,9. Elementary occupations,52,51,1
E01000160,"1. Managers, directors and senior officials",221,211,10
E01000160,2. Professional occupations,284,319,-35
E01000160,3. Associate professional and technical occupations,178,63,115
E01000160,4. Administrative and secretarial occupations,92,123,-31
E01000160,5. Skilled trades occupations,84,72,12
E01000160,"6. Caring, leisure and other service occupations",62,76,-14
E01000160,7. Sales and customer service occupations,39,53,-14
E01000160,"8. Process, plant and machine operatives",39,37,2
E01000160,9. Elementary occupations,61,54,7
E01000161,"1. Managers, directors and senior officials",176,78,98
E01000161,2. Professional occupations,225,183,42
E01000161,3. Associate professional and technical occupations,131,55,76
E01000161,4. Administrative and secretarial occupations,82,90,-8
E01000161,5. Skilled trades occupations,67,68,-1
E01000161,"6. Caring, leisure and other service occupations",83,77,6
E01000161,7. Sales and customer service occupations,57,57,0
E01000161,"8. Process, plant and machine operatives",45,25,20
E01000161,9. Elementary occupations,71,69,2
E01000162,"1. Managers, directors and senior officials",96,98,-2
E01000162,2. Professional occupations,183,156,27
E01000162,3. Associate professional and technical occupations,88,35,53
E01000162,4. Administrative and secretarial occupations,76,77,-1
E01000162,5. Skilled trades occupations,49,75,-26
E01000162,"6. Caring, leisure and other service occupations",63,63,0
E01000162,7. Sales and customer service occupations,59,69,-10
E01000162,"8. Process, plant and machine operatives",46,49,-3
E01000162,9. Elementary occupations,40,53,-13
E01000163,"1. Managers, directors and senior officials",99,61,38
E01000163,2. Professional occupations,135,138,-3
E01000163,3. Associate professional and technical occupations,92,44,48
E01000163,4. Administrative and secretarial occupations,80,115,-35
E01000163,5. Skilled trades occupations,93,81,12
E01000163,"6. Caring, leisure and other service occupations",89,89,0
E01000163,7. Sales and customer service occupations,72,56,16
E01000163,"8. Process, plant and machine operatives",43,46,-3
E01000163,9. Elementary occupations,68,57,11
E01000164,"1. Managers, directors and senior officials",92,67,25
E01000164,2. Professional occupations,155,148,7
E01000164,3. Associate professional and technical occupations,127,54,73
E01000164,4. Administrative and secretarial occupations,59,71,-12
E01000164,5. Skilled trades occupations,62,81,-19
E01000164,"6. Caring, leisure and other service occupations",82,76,6
E01000164,7. Sales and customer service occupations,66,78,-12
E01000164,"8. Process, plant and machine operatives",49,44,5
E01000164,9. Elementary occupations,77,84,-7
E01000165,"1. Managers, directors and senior officials",119,105,14
E01000165,2. Professional occupations,229,239,-10
E01000165,3. Associate professional and technical occupations,105,78,27
E01000165,4. Administrative and secretarial occupations,86,119,-33
E01000165,5. Skilled trades occupations,75,79,-4
E01000165,"6. Caring, leisure and other service occupations",72,88,-16
E01000165,7. Sales and customer service occupations,65,61,4
E01000165,"8. Process, plant and machine operatives",38,50,-12
E01000165,9. Elementary occupations,54,89,-35
E01000166,"1. Managers, directors and senior officials",128,101,27
E01000166,2. Professional occupations,163,171,-8
E01000166,3. Associate professional and technical occupations,93,38,55
E01000166,4. Administrative and secretarial occupations,80,95,-15
E01000166,5. Skilled trades occupations,68,55,13
E01000166,"6. Caring, leisure and other service occupations",62,70,-8
E01000166,7. Sales and customer service occupations,46,36,10
E01000166,"8. Process, plant and machine operatives",38,43,-5
E01000166,9. Elementary occupations,38,50,-12
E01000167,"1. Managers, directors and senior officials",83,49,34
E01000167,2. Professional occupations,135,115,20
E01000167,3. Associate professional and technical occupations,74,33,41
E01000167,4. Administrative and secretarial occupations,70,93,-23
E01000167,5. Skilled trades occupations,77,68,9
E01000167,"6. Caring, leisure and other service occupations",61,59,2
E01000167,7. Sales and customer service occupations,59,55,4
E01000167,"8. Process, plant and machine operatives",56,53,3
E01000167,9. Elementary occupations,53,59,-6
E01000168,"1. Managers, directors and senior officials",144,112,32
E01000168,2. Professional occupations,227,191,36
E01000168,3. Associate professional and technical occupations,91,47,44
E01000168,4. Administrative and secretarial occupations,85,107,-22
E01000168,5. Skilled trades occupations,40,38,2
E01000168,"6. Caring, leisure and other service occupations",38,59,-21
E01000168,7. Sales and customer service occupations,37,38,-1
E01000168,"8. Process, plant and machine operatives",20,23,-3
E01000168,9. Elementary occupations,23,36,-13
E01000169,"1. Managers, directors and senior officials",141,118,23
E01000169,2. Professional occupations,224,186,38
E01000169,3. Associate professional and technical occupations,156,61,95
E01000169,4. Administrative and secretarial occupations,74,92,-18
E01000169,5. Skilled trades occupations,62,68,-6
E01000169,"6. Caring, leisure and other service occupations",60,56,4
E01000169,7. Sales and customer service occupations,35,47,-12
E01000169,"8. Process, plant and machine operatives",33,33,0
E01000169,9. Elementary occupations,44,49,-5
E01000170,"1. Managers, directors and senior officials",114,106,8
E01000170,2. Professional occupations,202,158,44
E01000170,3. Associate professional and technical occupations,114,50,64
E01000170,4. Administrative and secretarial occupations,125,113,12
E01000170,5. Skilled trades occupations,74,74,0
E01000170,"6. Caring, leisure and other service occupations",94,70,24
E01000170,7. Sales and customer service occupations,67,47,20
E01000170,"8. Process, plant and machine operatives",48,39,9
E01000170,9. Elementary occupations,64,61,3
E01000171,"1. Managers, directors and senior officials",130,96,34
E01000171,2. Professional occupations,228,211,17
E01000171,3. Associate professional and technical occupations,157,76,81
E01000171,4. Administrative and secretarial occupations,87,114,-27
E01000171,5. Skilled trades occupations,114,89,25
E01000171,"6. Caring, leisure and other service occupations",96,84,12
E01000171,7. Sales and customer service occupations,73,62,11
E01000171,"8. Process, plant and machine operatives",69,52,17
E01000171,9. Elementary occupations,110,74,36
E01000172,"1. Managers, directors and senior officials",131,92,39
E01000172,2. Professional occupations,229,174,55
E01000172,3. Associate professional and technical occupations,117,54,63
E01000172,4. Administrative and secretarial occupations,95,117,-22
E01000172,5. Skilled trades occupations,40,67,-27
E01000172,"6. Caring, leisure and other service occupations",58,72,-14
E01000172,7. Sales and customer service occupations,30,48,-18
E01000172,"8. Process, plant and machine operatives",16,25,-9
E01000172,9. Elementary occupations,21,32,-11
E01000173,"1. Managers, directors and senior officials",113,86,27
E01000173,2. Professional occupations,261,205,56
E01000173,3. Associate professional and technical occupations,122,61,61
E01000173,4. Administrative and secretarial occupations,97,110,-13
E01000173,5. Skilled trades occupations,54,79,-25
E01000173,"6. Caring, leisure and other service occupations",65,95,-30
E01000173,7. Sales and customer service occupations,39,46,-7
E01000173,"8. Process, plant and machine operatives",17,37,-20
E01000173,9. Elementary occupations,47,37,10
E01000174,"1. Managers, directors and senior officials",119,96,23
E01000174,2. Professional occupations,185,151,34
E01000174,3. Associate professional and technical occupations,126,52,74
E01000174,4. Administrative and secretarial occupations,59,111,-52
E01000174,5. Skilled trades occupations,91,92,-1
E01000174,"6. Caring, leisure and other service occupations",83,77,6
E01000174,7. Sales and customer service occupations,43,42,1
E01000174,"8. Process, plant and machine operatives",48,40,8
E01000174,9. Elementary occupations,56,58,-2
E01000175,"1. Managers, directors and senior officials",147,91,56
E01000175,2. Professional occupations,282,186,96
E01000175,3. Associate professional and technical occupations,121,63,58
E01000175,4. Administrative and secretarial occupations,121,110,11
E01000175,5. Skilled trades occupations,106,57,49
E01000175,"6. Caring, leisure and other service occupations",70,63,7
E01000175,7. Sales and customer service occupations,64,41,23
E01000175,"8. Process, plant and machine operatives",37,34,3
E01000175,9. Elementary occupations,78,35,43
E01000176,"1. Managers, directors and senior officials",83,71,12
E01000176,2. Professional occupations,191,136,55
E01000176,3. Associate professional and technical occupations,127,48,79
E01000176,4. Administrative and secretarial occupations,72,73,-1
E01000176,5. Skilled trades occupations,67,57,10
E01000176,"6. Caring, leisure and other service occupations",73,72,1
E01000176,7. Sales and customer service occupations,70,56,14
E01000176,"8. Process, plant and machine operatives",16,40,-24
E01000176,9. Elementary occupations,47,64,-17
E01000177,"1. Managers, directors and senior officials",170,118,52
E01000177,2. Professional occupations,319,287,32
E01000177,3. Associate professional and technical occupations,164,73,91
E01000177,4. Administrative and secretarial occupations,55,110,-55
E01000177,5. Skilled trades occupations,45,56,-11
E01000177,"6. Caring, leisure and other service occupations",36,37,-1
E01000177,7. Sales and customer service occupations,25,42,-17
E01000177,"8. Process, plant and machine operatives",16,21,-5
E01000177,9. Elementary occupations,39,56,-17
E01000178,"1. Managers, directors and senior officials",156,119,37
E01000178,2. Professional occupations,295,291,4
E01000178,3. Associate professional and technical occupations,145,56,89
E01000178,4. Administrative and secretarial occupations,58,73,-15
E01000178,5. Skilled trades occupations,31,61,-30
E01000178,"6. Caring, leisure and other service occupations",50,47,3
E01000178,7. Sales and customer service occupations,26,53,-27
E01000178,"8. Process, plant and machine operatives",11,17,-6
E01000178,9. Elementary occupations,40,53,-13
E01000179,"1. Managers, directors and senior officials",160,143,17
E01000179,2. Professional occupations,350,314,36
E01000179,3. Associate professional and technical occupations,188,73,115
E01000179,4. Administrative and secretarial occupations,74,102,-28
E01000179,5. Skilled trades occupations,59,53,6
E01000179,"6. Caring, leisure and other service occupations",66,60,6
E01000179,7. Sales and customer service occupations,35,59,-24
E01000179,"8. Process, plant and machine operatives",30,27,3
E01000179,9. Elementary occupations,59,48,11
E01000180,"1. Managers, directors and senior officials",106,109,-3
E01000180,2. Professional occupations,233,223,10
E01000180,3. Associate professional and technical occupations,121,58,63
E01000180,4. Administrative and secretarial occupations,75,93,-18
E01000180,5. Skilled trades occupations,50,47,3
E01000180,"6. Caring, leisure and other service occupations",68,54,14
E01000180,7. Sales and customer service occupations,39,43,-4
E01000180,"8. Process, plant and machine operatives",29,17,12
E01000180,9. Elementary occupations,38,52,-14
E01000181,"1. Managers, directors and senior officials",173,129,44
E01000181,2. Professional occupations,379,320,59
E01000181,3. Associate professional and technical occupations,170,77,93
E01000181,4. Administrative and secretarial occupations,69,90,-21
E01000181,5. Skilled trades occupations,43,62,-19
E01000181,"6. Caring, leisure and other service occupations",46,54,-8
E01000181,7. Sales and customer service occupations,33,39,-6
E01000181,"8. Process, plant and machine operatives",21,9,12
E01000181,9. Elementary occupations,34,53,-19
E01000182,"1. Managers, directors and senior officials",174,131,43
E01000182,2. Professional occupations,336,339,-3
E01000182,3. Associate professional and technical occupations,173,74,99
E01000182,4. Administrative and secretarial occupations,47,96,-49
E01000182,5. Skilled trades occupations,44,40,4
E01000182,"6. Caring, leisure and other service occupations",38,37,1
E01000182,7. Sales and customer service occupations,35,38,-3
E01000182,"8. Process, plant and machine operatives",13,16,-3
E01000182,9. Elementary occupations,22,39,-17
E01000183,"1. Managers, directors and senior officials",136,126,10
E01000183,2. Professional occupations,239,239,0
E01000183,3. Associate professional and technical occupations,118,61,57
E01000183,4. Administrative and secretarial occupations,44,83,-39
E01000183,5. Skilled trades occupations,35,22,13
E01000183,"6. Caring, leisure and other service occupations",39,36,3
E01000183,7. Sales and customer service occupations,16,28,-12
E01000183,"8. Process, plant and machine operatives",19,10,9
E01000183,9. Elementary occupations,27,31,-4
E01000184,"1. Managers, directors and senior officials",100,54,46
E01000184,2. Professional occupations,204,110,94
E01000184,3. Associate professional and technical occupations,114,31,83
E01000184,4. Administrative and secretarial occupations,54,65,-11
E01000184,5. Skilled trades occupations,61,65,-4
E01000184,"6. Caring, leisure and other service occupations",82,74,8
E01000184,7. Sales and customer service occupations,53,47,6
E01000184,"8. Process, plant and machine operatives",68,36,32
E01000184,9. Elementary occupations,86,68,18
E01000185,"1. Managers, directors and senior officials",64,65,-1
E01000185,2. Professional occupations,139,112,27
E01000185,3. Associate professional and technical occupations,96,44,52
E01000185,4. Administrative and secretarial occupations,53,59,-6
E01000185,5. Skilled trades occupations,47,53,-6
E01000185,"6. Caring, leisure and other service occupations",81,56,25
E01000185,7. Sales and customer service occupations,46,55,-9
E01000185,"8. Process, plant and machine operatives",39,29,10
E01000185,9. Elementary occupations,63,80,-17
E01000186,"1. Managers, directors and senior officials",169,134,35
E01000186,2. Professional occupations,266,205,61
E01000186,3. Associate professional and technical occupations,87,41,46
E01000186,4. Administrative and secretarial occupations,105,120,-15
E01000186,5. Skilled trades occupations,48,22,26
E01000186,"6. Caring, leisure and other service occupations",46,55,-9
E01000186,7. Sales and customer service occupations,45,40,5
E01000186,"8. Process, plant and machine operatives",41,27,14
E01000186,9. Elementary occupations,33,22,11
E01000187,"1. Managers, directors and senior officials",134,86,48
E01000187,2. Professional occupations,204,193,11
E01000187,3. Associate professional and technical occupations,92,34,58
E01000187,4. Administrative and secretarial occupations,94,98,-4
E01000187,5. Skilled trades occupations,32,38,-6
E01000187,"6. Caring, leisure and other service occupations",43,61,-18
E01000187,7. Sales and customer service occupations,35,38,-3
E01000187,"8. Process, plant and machine operatives",26,52,-26
E01000187,9. Elementary occupations,47,35,12
E01000188,"1. Managers, directors and senior officials",184,147,37
E01000188,2. Professional occupations,229,233,-4
E01000188,3. Associate professional and technical occupations,84,37,47
E01000188,4. Administrative and secretarial occupations,87,106,-19
E01000188,5. Skilled trades occupations,39,54,-15
E01000188,"6. Caring, leisure and other service occupations",39,55,-16
E01000188,7. Sales and customer service occupations,30,37,-7
E01000188,"8. Process, plant and machine operatives",18,21,-3
E01000188,9. Elementary occupations,13,30,-17
E01000189,"1. Managers, directors and senior officials",194,39,155
E01000189,2. Professional occupations,347,105,242
E01000189,3. Associate professional and technical occupations,187,24,163
E01000189,4. Administrative and secretarial occupations,90,77,13
E01000189,5. Skilled trades occupations,78,52,26
E01000189,"6. Caring, leisure and other service occupations",103,99,4
E01000189,7. Sales and customer service occupations,95,92,3
E01000189,"8. Process, plant and machine operatives",62,32,30
E01000189,9. Elementary occupations,83,124,-41
E01000190,"1. Managers, directors and senior officials",158,123,35
E01000190,2. Professional occupations,246,221,25
E01000190,3. Associate professional and technical occupations,96,26,70
E01000190,4. Administrative and secretarial occupations,79,93,-14
E01000190,5. Skilled trades occupations,47,32,15
E01000190,"6. Caring, leisure and other service occupations",43,45,-2
E01000190,7. Sales and customer service occupations,37,38,-1
E01000190,"8. Process, plant and machine operatives",36,33,3
E01000190,9. Elementary occupations,51,25,26
E01000191,"1. Managers, directors and senior officials",139,113,26
E01000191,2. Professional occupations,219,218,1
E01000191,3. Associate professional and technical occupations,70,29,41
E01000191,4. Administrative and secretarial occupations,72,101,-29
E01000191,5. Skilled trades occupations,40,28,12
E01000191,"6. Caring, leisure and other service occupations",37,56,-19
E01000191,7. Sales and customer service occupations,32,35,-3
E01000191,"8. Process, plant and machine operatives",34,27,7
E01000191,9. Elementary occupations,30,24,6
E01000192,"1. Managers, directors and senior officials",153,131,22
E01000192,2. Professional occupations,239,223,16
E01000192,3. Associate professional and technical occupations,116,41,75
E01000192,4. Administrative and secretarial occupations,99,97,2
E01000192,5. Skilled trades occupations,85,67,18
E01000192,"6. Caring, leisure and other service occupations",74,75,-1
E01000192,7. Sales and customer service occupations,50,55,-5
E01000192,"8. Process, plant and machine operatives",46,33,13
E01000192,9. Elementary occupations,91,75,16
E01000193,"1. Managers, directors and senior officials",149,130,19
E01000193,2. Professional occupations,210,185,25
E01000193,3. Associate professional and technical occupations,115,37,78
E01000193,4. Administrative and secretarial occupations,77,113,-36
E01000193,5. Skilled trades occupations,110,49,61
E01000193,"6. Caring, leisure and other service occupations",83,56,27
E01000193,7. Sales and customer service occupations,62,53,9
E01000193,"8. Process, plant and machine operatives",49,40,9
E01000193,9. Elementary occupations,109,68,41
E01000194,"1. Managers, directors and senior officials",101,97,4
E01000194,2. Professional occupations,163,139,24
E01000194,3. Associate professional and technical occupations,75,42,33
E01000194,4. Administrative and secretarial occupations,90,112,-22
E01000194,5. Skilled trades occupations,102,77,25
E01000194,"6. Caring, leisure and other service occupations",105,76,29
E01000194,7. Sales and customer service occupations,51,69,-18
E01000194,"8. Process, plant and machine operatives",52,42,10
E01000194,9. Elementary occupations,112,116,-4
E01000195,"1. Managers, directors and senior officials",80,69,11
E01000195,2. Professional occupations,147,115,32
E01000195,3. Associate professional and technical occupations,86,31,55
E01000195,4. Administrative and secretarial occupations,76,77,-1
E01000195,5. Skilled trades occupations,111,87,24
E01000195,"6. Caring, leisure and other service occupations",88,92,-4
E01000195,7. Sales and customer service occupations,70,53,17
E01000195,"8. Process, plant and machine operatives",75,60,15
E01000195,9. Elementary occupations,152,90,62
E01000196,"1. Managers, directors and senior officials",156,130,26
E01000196,2. Professional occupations,327,241,86
E01000196,3. Associate professional and technical occupations,190,67,123
E01000196,4. Administrative and secretarial occupations,85,98,-13
E01000196,5. Skilled trades occupations,102,80,22
E01000196,"6. Caring, leisure and other service occupations",69,73,-4
E01000196,7. Sales and customer service occupations,52,71,-19
E01000196,"8. Process, plant and machine operatives",27,27,0
E01000196,9. Elementary occupations,90,85,5
E01000197,"1. Managers, directors and senior officials",160,122,38
E01000197,2. Professional occupations,307,262,45
E01000197,3. Associate professional and technical occupations,151,67,84
E01000197,4. Administrative and secretarial occupations,84,140,-56
E01000197,5. Skilled trades occupations,89,79,10
E01000197,"6. Caring, leisure and other service occupations",68,75,-7
E01000197,7. Sales and customer service occupations,41,68,-27
E01000197,"8. Process, plant and machine operatives",29,20,9
E01000197,9. Elementary occupations,83,95,-12
E01000198,"1. Managers, directors and senior officials",209,145,64
E01000198,2. Professional occupations,292,257,35
E01000198,3. Associate professional and technical occupations,135,43,92
E01000198,4. Administrative and secretarial occupations,88,86,2
E01000198,5. Skilled trades occupations,64,65,-1
E01000198,"6. Caring, leisure and other service occupations",83,56,27
E01000198,7. Sales and customer service occupations,38,51,-13
E01000198,"8. Process, plant and machine operatives",41,31,10
E01000198,9. Elementary occupations,28,52,-24
E01000199,"1. Managers, directors and senior officials",178,141,37
E01000199,2. Professional occupations,251,247,4
E01000199,3. Associate professional and technical occupations,95,46,49
E01000199,4. Administrative and secretarial occupations,55,73,-18
E01000199,5. Skilled trades occupations,25,29,-4
E01000199,"6. Caring, leisure and other service occupations",39,44,-5
E01000199,7. Sales and customer service occupations,22,35,-13
E01000199,"8. Process, plant and machine operatives",20,15,5
E01000199,9. Elementary occupations,12,26,-14
E01000200,"1. Managers, directors and senior officials",170,148,22
E01000200,2. Professional occupations,307,253,54
E01000200,3. Associate professional and technical occupations,131,48,83
E01000200,4. Administrative and secretarial occupations,86,96,-10
E01000200,5. Skilled trades occupations,47,36,11
E01000200,"6. Caring, leisure and other service occupations",53,50,3
E01000200,7. Sales and customer service occupations,21,50,-29
E01000200,"8. Process, plant and machine operatives",25,16,9
E01000200,9. Elementary occupations,32,22,10
E01000201,"1. Managers, directors and senior officials",207,212,-5
E01000201,2. Professional occupations,219,199,20
E01000201,3. Associate professional and technical occupations,109,35,74
E01000201,4. Administrative and secretarial occupations,51,74,-23
E01000201,5. Skilled trades occupations,15,20,-5
E01000201,"6. Caring, leisure and other service occupations",29,60,-31
E01000201,7. Sales and customer service occupations,42,29,13
E01000201,"8. Process, plant and machine operatives",11,10,1
E01000201,9. Elementary occupations,20,12,8
E01000202,"1. Managers, directors and senior officials",201,155,46
E01000202,2. Professional occupations,271,297,-26
E01000202,3. Associate professional and technical occupations,136,47,89
E01000202,4. Administrative and secretarial occupations,60,69,-9
E01000202,5. Skilled trades occupations,38,37,1
E01000202,"6. Caring, leisure and other service occupations",43,58,-15
E01000202,7. Sales and customer service occupations,35,50,-15
E01000202,"8. Process, plant and machine operatives",17,11,6
E01000202,9. Elementary occupations,61,54,7
E01000203,"1. Managers, directors and senior officials",159,117,42
E01000203,2. Professional occupations,189,162,27
E01000203,3. Associate professional and technical occupations,120,42,78
E01000203,4. Administrative and secretarial occupations,60,73,-13
E01000203,5. Skilled trades occupations,56,41,15
E01000203,"6. Caring, leisure and other service occupations",62,58,4
E01000203,7. Sales and customer service occupations,52,64,-12
E01000203,"8. Process, plant and machine operatives",29,29,0
E01000203,9. Elementary occupations,71,74,-3
E01000204,"1. Managers, directors and senior officials",198,156,42
E01000204,2. Professional occupations,288,281,7
E01000204,3. Associate professional and technical occupations,124,54,70
E01000204,4. Administrative and secretarial occupations,73,86,-13
E01000204,5. Skilled trades occupations,37,53,-16
E01000204,"6. Caring, leisure and other service occupations",58,62,-4
E01000204,7. Sales and customer service occupations,36,44,-8
E01000204,"8. Process, plant and machine operatives",9,17,-8
E01000204,9. Elementary occupations,28,39,-11
E01000205,"1. Managers, directors and senior officials",200,159,41
E01000205,2. Professional occupations,298,239,59
E01000205,3. Associate professional and technical occupations,117,44,73
E01000205,4. Administrative and secretarial occupations,57,65,-8
E01000205,5. Skilled trades occupations,19,15,4
E01000205,"6. Caring, leisure and other service occupations",28,50,-22
E01000205,7. Sales and customer service occupations,9,27,-18
E01000205,"8. Process, plant and machine operatives",12,11,1
E01000205,9. Elementary occupations,9,16,-7
E01000206,"1. Managers, directors and senior officials",247,217,30
E01000206,2. Professional occupations,176,162,14
E01000206,3. Associate professional and technical occupations,83,26,57
E01000206,4. Administrative and secretarial occupations,40,38,2
E01000206,5. Skilled trades occupations,18,15,3
E01000206,"6. Caring, leisure and other service occupations",65,64,1
E01000206,7. Sales and customer service occupations,22,19,3
E01000206,"8. Process, plant and machine operatives",7,8,-1
E01000206,9. Elementary occupations,33,40,-7
E01000207,"1. Managers, directors and senior officials",184,165,19
E01000207,2. Professional occupations,234,222,12
E01000207,3. Associate professional and technical occupations,109,47,62
E01000207,4. Administrative and secretarial occupations,28,50,-22
E01000207,5. Skilled trades occupations,25,36,-11
E01000207,"6. Caring, leisure and other service occupations",33,51,-18
E01000207,7. Sales and customer service occupations,30,31,-1
E01000207,"8. Process, plant and machine operatives",13,14,-1
E01000207,9. Elementary occupations,7,28,-21
E01000208,"1. Managers, directors and senior officials",212,172,40
E01000208,2. Professional occupations,310,262,48
E01000208,3. Associate professional and technical occupations,121,41,80
E01000208,4. Administrative and secretarial occupations,60,71,-11
E01000208,5. Skilled trades occupations,28,13,15
E01000208,"6. Caring, leisure and other service occupations",51,45,6
E01000208,7. Sales and customer service occupations,21,21,0
E01000208,"8. Process, plant and machine operatives",10,7,3
E01000208,9. Elementary occupations,33,34,-1
E01000209,"1. Managers, directors and senior officials",162,126,36
E01000209,2. Professional occupations,261,273,-12
E01000209,3. Associate professional and technical occupations,106,46,60
E01000209,4. Administrative and secretarial occupations,39,71,-32
E01000209,5. Skilled trades occupations,8,16,-8
E01000209,"6. Caring, leisure and other service occupations",28,38,-10
E01000209,7. Sales and customer service occupations,26,14,12
E01000209,"8. Process, plant and machine operatives",3,12,-9
E01000209,9. Elementary occupations,17,9,8
E01000210,"1. Managers, directors and senior officials",206,143,63
E01000210,2. Professional occupations,266,259,7
E01000210,3. Associate professional and technical occupations,135,43,92
E01000210,4. Administrative and secretarial occupations,57,81,-24
E01000210,5. Skilled trades occupations,37,30,7
E01000210,"6. Caring, leisure and other service occupations",36,37,-1
E01000210,7. Sales and customer service occupations,25,37,-12
E01000210,"8. Process, plant and machine operatives",3,12,-9
E01000210,9. Elementary occupations,11,22,-11
E01000211,"1. Managers, directors and senior officials",171,159,12
E01000211,2. Professional occupations,276,229,47
E01000211,3. Associate professional and technical occupations,146,71,75
E01000211,4. Administrative and secretarial occupations,74,103,-29
E01000211,5. Skilled trades occupations,57,70,-13
E01000211,"6. Caring, leisure and other service occupations",94,89,5
E01000211,7. Sales and customer service occupations,56,89,-33
E01000211,"8. Process, plant and machine operatives",39,34,5
E01000211,9. Elementary occupations,111,117,-6
E01000212,"1. Managers, directors and senior officials",179,178,1
E01000212,2. Professional occupations,200,308,-108
E01000212,3. Associate professional and technical occupations,79,43,36
E01000212,4. Administrative and secretarial occupations,51,79,-28
E01000212,5. Skilled trades occupations,36,39,-3
E01000212,"6. Caring, leisure and other service occupations",49,35,14
E01000212,7. Sales and customer service occupations,40,38,2
E01000212,"8. Process, plant and machine operatives",9,8,1
E01000212,9. Elementary occupations,34,45,-11
E01000213,"1. Managers, directors and senior officials",206,164,42
E01000213,2. Professional occupations,212,198,14
E01000213,3. Associate professional and technical occupations,85,32,53
E01000213,4. Administrative and secretarial occupations,49,48,1
E01000213,5. Skilled trades occupations,9,13,-4
E01000213,"6. Caring, leisure and other service occupations",27,44,-17
E01000213,7. Sales and customer service occupations,7,17,-10
E01000213,"8. Process, plant and machine operatives",8,1,7
E01000213,9. Elementary occupations,12,15,-3
E01000214,"1. Managers, directors and senior officials",195,112,83
E01000214,2. Professional occupations,379,269,110
E01000214,3. Associate professional and technical occupations,145,40,105
E01000214,4. Administrative and secretarial occupations,40,67,-27
E01000214,5. Skilled trades occupations,28,36,-8
E01000214,"6. Caring, leisure and other service occupations",42,32,10
E01000214,7. Sales and customer service occupations,33,28,5
E01000214,"8. Process, plant and machine operatives",14,9,5
E01000214,9. Elementary occupations,34,36,-2
E01000215,"1. Managers, directors and senior officials",189,129,60
E01000215,2. Professional occupations,222,240,-18
E01000215,3. Associate professional and technical occupations,78,27,51
E01000215,4. Administrative and secretarial occupations,129,106,23
E01000215,5. Skilled trades occupations,43,42,1
E01000215,"6. Caring, leisure and other service occupations",50,69,-19
E01000215,7. Sales and customer service occupations,30,55,-25
E01000215,"8. Process, plant and machine operatives",11,19,-8
E01000215,9. Elementary occupations,41,60,-19
E01000216,"1. Managers, directors and senior officials",192,139,53
E01000216,2. Professional occupations,273,303,-30
E01000216,3. Associate professional and technical occupations,100,47,53
E01000216,4. Administrative and secretarial occupations,103,94,9
E01000216,5. Skilled trades occupations,29,40,-11
E01000216,"6. Caring, leisure and other service occupations",58,55,3
E01000216,7. Sales and customer service occupations,41,60,-19
E01000216,"8. Process, plant and machine operatives",18,23,-5
E01000216,9. Elementary occupations,50,48,2
E01000217,"1. Managers, directors and senior officials",242,142,100
E01000217,2. Professional occupations,185,202,-17
E01000217,3. Associate professional and technical occupations,74,29,45
E01000217,4. Administrative and secretarial occupations,102,99,3
E01000217,5. Skilled trades occupations,41,57,-16
E01000217,"6. Caring, leisure and other service occupations",50,39,11
E01000217,7. Sales and customer service occupations,40,42,-2
E01000217,"8. Process, plant and machine operatives",29,22,7
E01000217,9. Elementary occupations,33,47,-14
E01000218,"1. Managers, directors and senior officials",154,144,10
E01000218,2. Professional occupations,204,206,-2
E01000218,3. Associate professional and technical occupations,85,33,52
E01000218,4. Administrative and secretarial occupations,117,104,13
E01000218,5. Skilled trades occupations,51,42,9
E01000218,"6. Caring, leisure and other service occupations",66,59,7
E01000218,7. Sales and customer service occupations,40,55,-15
E01000218,"8. Process, plant and machine operatives",14,9,5
E01000218,9. Elementary occupations,52,54,-2
E01000219,"1. Managers, directors and senior officials",131,97,34
E01000219,2. Professional occupations,227,184,43
E01000219,3. Associate professional and technical occupations,97,45,52
E01000219,4. Administrative and secretarial occupations,121,95,26
E01000219,5. Skilled trades occupations,91,81,10
E01000219,"6. Caring, leisure and other service occupations",84,68,16
E01000219,7. Sales and customer service occupations,96,61,35
E01000219,"8. Process, plant and machine operatives",29,19,10
E01000219,9. Elementary occupations,101,112,-11
E01000220,"1. Managers, directors and senior officials",121,97,24
E01000220,2. Professional occupations,194,193,1
E01000220,3. Associate professional and technical occupations,78,33,45
E01000220,4. Administrative and secretarial occupations,91,91,0
E01000220,5. Skilled trades occupations,59,69,-10
E01000220,"6. Caring, leisure and other service occupations",74,64,10
E01000220,7. Sales and customer service occupations,56,63,-7
E01000220,"8. Process, plant and machine operatives",40,29,11
E01000220,9. Elementary occupations,67,92,-25
E01000221,"1. Managers, directors and senior officials",49,40,9
E01000221,2. Professional occupations,71,73,-2
E01000221,3. Associate professional and technical occupations,53,20,33
E01000221,4. Administrative and secretarial occupations,52,49,3
E01000221,5. Skilled trades occupations,34,46,-12
E01000221,"6. Caring, leisure and other service occupations",61,57,4
E01000221,7. Sales and customer service occupations,58,52,6
E01000221,"8. Process, plant and machine operatives",54,39,15
E01000221,9. Elementary occupations,61,73,-12
E01000222,"1. Managers, directors and senior officials",123,92,31
E01000222,2. Professional occupations,202,93,109
E01000222,3. Associate professional and technical occupations,101,28,73
E01000222,4. Administrative and secretarial occupations,86,83,3
E01000222,5. Skilled trades occupations,77,72,5
E01000222,"6. Caring, leisure and other service occupations",77,43,34
E01000222,7. Sales and customer service occupations,69,73,-4
E01000222,"8. Process, plant and machine operatives",54,43,11
E01000222,9. Elementary occupations,92,77,15
E01000223,"1. Managers, directors and senior officials",110,46,64
E01000223,2. Professional occupations,156,86,70
E01000223,3. Associate professional and technical occupations,95,24,71
E01000223,4. Administrative and secretarial occupations,73,67,6
E01000223,5. Skilled trades occupations,91,75,16
E01000223,"6. Caring, leisure and other service occupations",95,79,16
E01000223,7. Sales and customer service occupations,70,49,21
E01000223,"8. Process, plant and machine operatives",80,36,44
E01000223,9. Elementary occupations,95,71,24
E01000224,"1. Managers, directors and senior officials",132,80,52
E01000224,2. Professional occupations,130,113,17
E01000224,3. Associate professional and technical occupations,80,29,51
E01000224,4. Administrative and secretarial occupations,63,85,-22
E01000224,5. Skilled trades occupations,70,80,-10
E01000224,"6. Caring, leisure and other service occupations",71,59,12
E01000224,7. Sales and customer service occupations,46,50,-4
E01000224,"8. Process, plant and machine operatives",42,42,0
E01000224,9. Elementary occupations,74,81,-7
E01000225,"1. Managers, directors and senior officials",200,140,60
E01000225,2. Professional occupations,191,177,14
E01000225,3. Associate professional and technical occupations,78,27,51
E01000225,4. Administrative and secretarial occupations,100,92,8
E01000225,5. Skilled trades occupations,16,19,-3
E01000225,"6. Caring, leisure and other service occupations",47,41,6
E01000225,7. Sales and customer service occupations,37,21,16
E01000225,"8. Process, plant and machine operatives",8,10,-2
E01000225,9. Elementary occupations,17,23,-6
E01000226,"1. Managers, directors and senior officials",71,52,19
E01000226,2. Professional occupations,131,86,45
E01000226,3. Associate professional and technical occupations,78,26,52
E01000226,4. Administrative and secretarial occupations,74,87,-13
E01000226,5. Skilled trades occupations,98,89,9
E01000226,"6. Caring, leisure and other service occupations",91,81,10
E01000226,7. Sales and customer service occupations,63,71,-8
E01000226,"8. Process, plant and machine operatives",69,74,-5
E01000226,9. Elementary occupations,114,126,-12
E01000227,"1. Managers, directors and senior officials",155,95,60
E01000227,2. Professional occupations,242,210,32
E01000227,3. Associate professional and technical occupations,130,51,79
E01000227,4. Administrative and secretarial occupations,95,119,-24
E01000227,5. Skilled trades occupations,87,68,19
E01000227,"6. Caring, leisure and other service occupations",61,70,-9
E01000227,7. Sales and customer service occupations,49,61,-12
E01000227,"8. Process, plant and machine operatives",45,44,1
E01000227,9. Elementary occupations,65,69,-4
E01000228,"1. Managers, directors and senior officials",158,145,13
E01000228,2. Professional occupations,162,140,22
E01000228,3. Associate professional and technical occupations,95,37,58
E01000228,4. Administrative and secretarial occupations,63,87,-24
E01000228,5. Skilled trades occupations,54,51,3
E01000228,"6. Caring, leisure and other service occupations",49,53,-4
E01000228,7. Sales and customer service occupations,42,47,-5
E01000228,"8. Process, plant and machine operatives",31,23,8
E01000228,9. Elementary occupations,49,39,10
E01000229,"1. Managers, directors and senior officials",90,70,20
E01000229,2. Professional occupations,149,132,17
E01000229,3. Associate professional and technical occupations,97,38,59
E01000229,4. Administrative and secretarial occupations,86,106,-20
E01000229,5. Skilled trades occupations,90,80,10
E01000229,"6. Caring, leisure and other service occupations",86,110,-24
E01000229,7. Sales and customer service occupations,51,53,-2
E01000229,"8. Process, plant and machine operatives",65,41,24
E01000229,9. Elementary occupations,71,70,1
E01000230,"1. Managers, directors and senior officials",111,97,14
E01000230,2. Professional occupations,274,194,80
E01000230,3. Associate professional and technical occupations,106,49,57
E01000230,4. Administrative and secretarial occupations,101,142,-41
E01000230,5. Skilled trades occupations,62,60,2
E01000230,"6. Caring, leisure and other service occupations",64,67,-3
E01000230,7. Sales and customer service occupations,46,46,0
E01000230,"8. Process, plant and machine operatives",23,34,-11
E01000230,9. Elementary occupations,44,36,8
E01000231,"1. Managers, directors and senior officials",145,113,32
E01000231,2. Professional occupations,212,187,25
E01000231,3. Associate professional and technical occupations,123,40,83
E01000231,4. Administrative and secretarial occupations,99,114,-15
E01000231,5. Skilled trades occupations,62,85,-23
E01000231,"6. Caring, leisure and other service occupations",64,72,-8
E01000231,7. Sales and customer service occupations,60,76,-16
E01000231,"8. Process, plant and machine operatives",56,47,9
E01000231,9. Elementary occupations,57,68,-11
E01000232,"1. Managers, directors and senior officials",174,150,24
E01000232,2. Professional occupations,270,199,71
E01000232,3. Associate professional and technical occupations,108,56,52
E01000232,4. Administrative and secretarial occupations,83,115,-32
E01000232,5. Skilled trades occupations,57,46,11
E01000232,"6. Caring, leisure and other service occupations",61,69,-8
E01000232,7. Sales and customer service occupations,33,47,-14
E01000232,"8. Process, plant and machine operatives",26,24,2
E01000232,9. Elementary occupations,61,37,24
E01000233,"1. Managers, directors and senior officials",146,118,28
E01000233,2. Professional occupations,259,223,36
E01000233,3. Associate professional and technical occupations,143,62,81
E01000233,4. Administrative and secretarial occupations,93,114,-21
E01000233,5. Skilled trades occupations,88,80,8
E01000233,"6. Caring, leisure and other service occupations",76,62,14
E01000233,7. Sales and customer service occupations,66,61,5
E01000233,"8. Process, plant and machine operatives",66,28,38
E01000233,9. Elementary occupations,60,55,5
E01000234,"1. Managers, directors and senior officials",190,115,75
E01000234,2. Professional occupations,286,237,49
E01000234,3. Associate professional and technical occupations,134,39,95
E01000234,4. Administrative and secretarial occupations,74,116,-42
E01000234,5. Skilled trades occupations,55,51,4
E01000234,"6. Caring, leisure and other service occupations",56,82,-26
E01000234,7. Sales and customer service occupations,36,51,-15
E01000234,"8. Process, plant and machine operatives",27,22,5
E01000234,9. Elementary occupations,56,63,-7
E01000235,"1. Managers, directors and senior officials",92,81,11
E01000235,2. Professional occupations,182,125,57
E01000235,3. Associate professional and technical occupations,113,33,80
E01000235,4. Administrative and secretarial occupations,77,80,-3
E01000235,5. Skilled trades occupations,94,64,30
E01000235,"6. Caring, leisure and other service occupations",107,99,8
E01000235,7. Sales and customer service occupations,47,59,-12
E01000235,"8. Process, plant and machine operatives",62,49,13
E01000235,9. Elementary occupations,112,100,12
E01000236,"1. Managers, directors and senior officials",174,128,46
E01000236,2. Professional occupations,224,261,-37
E01000236,3. Associate professional and technical occupations,104,31,73
E01000236,4. Administrative and secretarial occupations,107,97,10
E01000236,5. Skilled trades occupations,62,32,30
E01000236,"6. Caring, leisure and other service occupations",55,60,-5
E01000236,7. Sales and customer service occupations,43,43,0
E01000236,"8. Process, plant and machine operatives",32,21,11
E01000236,9. Elementary occupations,42,45,-3
E01000237,"1. Managers, directors and senior officials",172,171,1
E01000237,2. Professional occupations,263,251,12
E01000237,3. Associate professional and technical occupations,112,47,65
E01000237,4. Administrative and secretarial occupations,81,116,-35
E01000237,5. Skilled trades occupations,95,108,-13
E01000237,"6. Caring, leisure and other service occupations",94,77,17
E01000237,7. Sales and customer service occupations,65,70,-5
E01000237,"8. Process, plant and machine operatives",56,26,30
E01000237,9. Elementary occupations,127,106,21
E01000238,"1. Managers, directors and senior officials",125,103,22
E01000238,2. Professional occupations,238,191,47
E01000238,3. Associate professional and technical occupations,101,43,58
E01000238,4. Administrative and secretarial occupations,94,110,-16
E01000238,5. Skilled trades occupations,90,70,20
E01000238,"6. Caring, leisure and other service occupations",68,84,-16
E01000238,7. Sales and customer service occupations,55,71,-16
E01000238,"8. Process, plant and machine operatives",42,29,13
E01000238,9. Elementary occupations,97,72,25
E01000239,"1. Managers, directors and senior officials",125,110,15
E01000239,2. Professional occupations,234,232,2
E01000239,3. Associate professional and technical occupations,135,62,73
E01000239,4. Administrative and secretarial occupations,85,120,-35
E01000239,5. Skilled trades occupations,102,96,6
E01000239,"6. Caring, leisure and other service occupations",88,85,3
E01000239,7. Sales and customer service occupations,87,68,19
E01000239,"8. Process, plant and machine operatives",71,56,15
E01000239,9. Elementary occupations,93,89,4
E01000240,"1. Managers, directors and senior officials",138,108,30
E01000240,2. Professional occupations,184,169,15
E01000240,3. Associate professional and technical occupations,103,28,75
E01000240,4. Administrative and secretarial occupations,55,91,-36
E01000240,5. Skilled trades occupations,92,81,11
E01000240,"6. Caring, leisure and other service occupations",73,61,12
E01000240,7. Sales and customer service occupations,65,69,-4
E01000240,"8. Process, plant and machine operatives",53,47,6
E01000240,9. Elementary occupations,95,76,19
E01000241,"1. Managers, directors and senior officials",176,141,35
E01000241,2. Professional occupations,231,249,-18
E01000241,3. Associate professional and technical occupations,132,41,91
E01000241,4. Administrative and secretarial occupations,88,94,-6
E01000241,5. Skilled trades occupations,81,79,2
E01000241,"6. Caring, leisure and other service occupations",40,68,-28
E01000241,7. Sales and customer service occupations,34,31,3
E01000241,"8. Process, plant and machine operatives",38,32,6
E01000241,9. Elementary occupations,68,70,-2
E01000242,"1. Managers, directors and senior officials",167,117,50
E01000242,2. Professional occupations,223,178,45
E01000242,3. Associate professional and technical occupations,79,25,54
E01000242,4. Administrative and secretarial occupations,64,59,5
E01000242,5. Skilled trades occupations,28,37,-9
E01000242,"6. Caring, leisure and other service occupations",34,59,-25
E01000242,7. Sales and customer service occupations,30,44,-14
E01000242,"8. Process, plant and machine operatives",13,19,-6
E01000242,9. Elementary occupations,39,53,-14
E01000243,"1. Managers, directors and senior officials",131,111,20
E01000243,2. Professional occupations,238,214,24
E01000243,3. Associate professional and technical occupations,141,49,92
E01000243,4. Administrative and secretarial occupations,93,102,-9
E01000243,5. Skilled trades occupations,96,59,37
E01000243,"6. Caring, leisure and other service occupations",98,87,11
E01000243,7. Sales and customer service occupations,88,75,13
E01000243,"8. Process, plant and machine operatives",61,40,21
E01000243,9. Elementary occupations,158,96,62
E01000244,"1. Managers, directors and senior officials",87,94,-7
E01000244,2. Professional occupations,173,173,0
E01000244,3. Associate professional and technical occupations,107,35,72
E01000244,4. Administrative and secretarial occupations,55,101,-46
E01000244,5. Skilled trades occupations,88,53,35
E01000244,"6. Caring, leisure and other service occupations",92,58,34
E01000244,7. Sales and customer service occupations,50,61,-11
E01000244,"8. Process, plant and machine operatives",51,31,20
E01000244,9. Elementary occupations,108,95,13
E01000245,"1. Managers, directors and senior officials",95,95,0
E01000245,2. Professional occupations,150,135,15
E01000245,3. Associate professional and technical occupations,96,40,56
E01000245,4. Administrative and secretarial occupations,71,85,-14
E01000245,5. Skilled trades occupations,124,87,37
E01000245,"6. Caring, leisure and other service occupations",120,102,18
E01000245,7. Sales and customer service occupations,76,80,-4
E01000245,"8. Process, plant and machine operatives",78,48,30
E01000245,9. Elementary occupations,150,133,17
E01000246,"1. Managers, directors and senior officials",147,99,48
E01000246,2. Professional occupations,250,234,16
E01000246,3. Associate professional and technical occupations,117,50,67
E01000246,4. Administrative and secretarial occupations,69,87,-18
E01000246,5. Skilled trades occupations,25,50,-25
E01000246,"6. Caring, leisure and other service occupations",41,61,-20
E01000246,7. Sales and customer service occupations,25,30,-5
E01000246,"8. Process, plant and machine operatives",31,24,7
E01000246,9. Elementary occupations,28,26,2
E01000247,"1. Managers, directors and senior officials",179,127,52
E01000247,2. Professional occupations,274,251,23
E01000247,3. Associate professional and technical occupations,139,57,82
E01000247,4. Administrative and secretarial occupations,82,120,-38
E01000247,5. Skilled trades occupations,52,61,-9
E01000247,"6. Caring, leisure and other service occupations",62,88,-26
E01000247,7. Sales and customer service occupations,31,47,-16
E01000247,"8. Process, plant and machine operatives",38,27,11
E01000247,9. Elementary occupations,42,49,-7
E01000248,"1. Managers, directors and senior officials",159,119,40
E01000248,2. Professional occupations,302,274,28
E01000248,3. Associate professional and technical occupations,166,50,116
E01000248,4. Administrative and secretarial occupations,63,82,-19
E01000248,5. Skilled trades occupations,25,62,-37
E01000248,"6. Caring, leisure and other service occupations",41,51,-10
E01000248,7. Sales and customer service occupations,37,35,2
E01000248,"8. Process, plant and machine operatives",28,16,12
E01000248,9. Elementary occupations,31,34,-3
E01000249,"1. Managers, directors and senior officials",146,114,32
E01000249,2. Professional occupations,284,247,37
E01000249,3. Associate professional and technical occupations,154,48,106
E01000249,4. Administrative and secretarial occupations,67,95,-28
E01000249,5. Skilled trades occupations,31,44,-13
E01000249,"6. Caring, leisure and other service occupations",45,68,-23
E01000249,7. Sales and customer service occupations,20,47,-27
E01000249,"8. Process, plant and machine operatives",17,15,2
E01000249,9. Elementary occupations,25,31,-6
E01000250,"1. Managers, directors and senior officials",218,153,65
E01000250,2. Professional occupations,396,297,99
E01000250,3. Associate professional and technical occupations,209,75,134
E01000250,4. Administrative and secretarial occupations,118,142,-24
E01000250,5. Skilled trades occupations,81,89,-8
E01000250,"6. Caring, leisure and other service occupations",118,90,28
E01000250,7. Sales and customer service occupations,58,65,-7
E01000250,"8. Process, plant and machine operatives",52,55,-3
E01000250,9. Elementary occupations,66,71,-5
E01000251,"1. Managers, directors and senior officials",165,109,56
E01000251,2. Professional occupations,266,229,37
E01000251,3. Associate professional and technical occupations,178,65,113
E01000251,4. Administrative and secretarial occupations,83,111,-28
E01000251,5. Skilled trades occupations,94,69,25
E01000251,"6. Caring, leisure and other service occupations",81,69,12
E01000251,7. Sales and customer service occupations,62,75,-13
E01000251,"8. Process, plant and machine operatives",27,31,-4
E01000251,9. Elementary occupations,55,55,0
E01000252,"1. Managers, directors and senior officials",151,93,58
E01000252,2. Professional occupations,253,247,6
E01000252,3. Associate professional and technical occupations,125,54,71
E01000252,4. Administrative and secretarial occupations,102,99,3
E01000252,5. Skilled trades occupations,79,54,25
E01000252,"6. Caring, leisure and other service occupations",65,71,-6
E01000252,7. Sales and customer service occupations,40,40,0
E01000252,"8. Process, plant and machine operatives",18,25,-7
E01000252,9. Elementary occupations,56,45,11
E01000253,"1. Managers, directors and senior officials",306,187,119
E01000253,2. Professional occupations,291,178,113
E01000253,3. Associate professional and technical occupations,144,41,103
E01000253,4. Administrative and secretarial occupations,94,80,14
E01000253,5. Skilled trades occupations,34,32,2
E01000253,"6. Caring, leisure and other service occupations",26,41,-15
E01000253,7. Sales and customer service occupations,29,37,-8
E01000253,"8. Process, plant and machine operatives",7,12,-5
E01000253,9. Elementary occupations,17,18,-1
E01000254,"1. Managers, directors and senior officials",173,139,34
E01000254,2. Professional occupations,282,214,68
E01000254,3. Associate professional and technical occupations,133,56,77
E01000254,4. Administrative and secretarial occupations,53,73,-20
E01000254,5. Skilled trades occupations,40,43,-3
E01000254,"6. Caring, leisure and other service occupations",30,46,-16
E01000254,7. Sales and customer service occupations,30,39,-9
E01000254,"8. Process, plant and machine operatives",18,26,-8
E01000254,9. Elementary occupations,17,19,-2
E01000255,"1. Managers, directors and senior officials",138,85,53
E01000255,2. Professional occupations,185,156,29
E01000255,3. Associate professional and technical occupations,122,35,87
E01000255,4. Administrative and secretarial occupations,60,76,-16
E01000255,5. Skilled trades occupations,65,55,10
E01000255,"6. Caring, leisure and other service occupations",64,52,12
E01000255,7. Sales and customer service occupations,44,52,-8
E01000255,"8. Process, plant and machine operatives",38,43,-5
E01000255,9. Elementary occupations,51,48,3
E01000256,"1. Managers, directors and senior officials",180,165,15
E01000256,2. Professional occupations,230,257,-27
E01000256,3. Associate professional and technical occupations,120,58,62
E01000256,4. Administrative and secretarial occupations,59,75,-16
E01000256,5. Skilled trades occupations,64,54,10
E01000256,"6. Caring, leisure and other service occupations",64,60,4
E01000256,7. Sales and customer service occupations,44,50,-6
E01000256,"8. Process, plant and machine operatives",57,32,25
E01000256,9. Elementary occupations,57,45,12
E01000257,"1. Managers, directors and senior officials",161,62,99
E01000257,2. Professional occupations,292,140,152
E01000257,3. Associate professional and technical occupations,167,41,126
E01000257,4. Administrative and secretarial occupations,68,71,-3
E01000257,5. Skilled trades occupations,64,72,-8
E01000257,"6. Caring, leisure and other service occupations",86,83,3
E01000257,7. Sales and customer service occupations,78,60,18
E01000257,"8. Process, plant and machine operatives",63,63,0
E01000257,9. Elementary occupations,73,83,-10
E01000258,"1. Managers, directors and senior officials",205,138,67
E01000258,2. Professional occupations,284,246,38
E01000258,3. Associate professional and technical occupations,132,44,88
E01000258,4. Administrative and secretarial occupations,78,97,-19
E01000258,5. Skilled trades occupations,46,53,-7
E01000258,"6. Caring, leisure and other service occupations",58,54,4
E01000258,7. Sales and customer service occupations,36,28,8
E01000258,"8. Process, plant and machine operatives",31,19,12
E01000258,9. Elementary occupations,47,50,-3
E01000259,"1. Managers, directors and senior officials",236,211,25
E01000259,2. Professional occupations,364,322,42
E01000259,3. Associate professional and technical occupations,184,68,116
E01000259,4. Administrative and secretarial occupations,131,160,-29
E01000259,5. Skilled trades occupations,87,92,-5
E01000259,"6. Caring, leisure and other service occupations",70,98,-28
E01000259,7. Sales and customer service occupations,57,86,-29
E01000259,"8. Process, plant and machine operatives",46,38,8
E01000259,9. Elementary occupations,68,61,7
E01000260,"1. Managers, directors and senior officials",164,159,5
E01000260,2. Professional occupations,263,203,60
E01000260,3. Associate professional and technical occupations,144,51,93
E01000260,4. Administrative and secretarial occupations,106,108,-2
E01000260,5. Skilled trades occupations,84,69,15
E01000260,"6. Caring, leisure and other service occupations",104,82,22
E01000260,7. Sales and customer service occupations,69,68,1
E01000260,"8. Process, plant and machine operatives",61,54,7
E01000260,9. Elementary occupations,77,64,13
E01000261,"1. Managers, directors and senior officials",185,141,44
E01000261,2. Professional occupations,255,200,55
E01000261,3. Associate professional and technical occupations,120,39,81
E01000261,4. Administrative and secretarial occupations,60,74,-14
E01000261,5. Skilled trades occupations,36,37,-1
E01000261,"6. Caring, leisure and other service occupations",42,63,-21
E01000261,7. Sales and customer service occupations,21,42,-21
E01000261,"8. Process, plant and machine operatives",18,14,4
E01000261,9. Elementary occupations,14,17,-3
E01000263,"1. Managers, directors and senior officials",228,193,35
E01000263,2. Professional occupations,251,213,38
E01000263,3. Associate professional and technical occupations,106,51,55
E01000263,4. Administrative and secretarial occupations,78,90,-12
E01000263,5. Skilled trades occupations,23,28,-5
E01000263,"6. Caring, leisure and other service occupations",34,47,-13
E01000263,7. Sales and customer service occupations,26,28,-2
E01000263,"8. Process, plant and machine operatives",4,10,-6
E01000263,9. Elementary occupations,5,17,-12
E01000264,"1. Managers, directors and senior officials",205,130,75
E01000264,2. Professional occupations,249,190,59
E01000264,3. Associate professional and technical occupations,114,45,69
E01000264,4. Administrative and secretarial occupations,88,87,1
E01000264,5. Skilled trades occupations,68,57,11
E01000264,"6. Caring, leisure and other service occupations",64,64,0
E01000264,7. Sales and customer service occupations,60,39,21
E01000264,"8. Process, plant and machine operatives",49,48,1
E01000264,9. Elementary occupations,81,66,15
E01000265,"1. Managers, directors and senior officials",112,104,8
E01000265,2. Professional occupations,201,174,27
E01000265,3. Associate professional and technical occupations,135,54,81
E01000265,4. Administrative and secretarial occupations,87,117,-30
E01000265,5. Skilled trades occupations,91,100,-9
E01000265,"6. Caring, leisure and other service occupations",83,81,2
E01000265,7. Sales and customer service occupations,67,77,-10
E01000265,"8. Process, plant and machine operatives",50,45,5
E01000265,9. Elementary occupations,87,71,16
E01000266,"1. Managers, directors and senior officials",174,134,40
E01000266,2. Professional occupations,206,198,8
E01000266,3. Associate professional and technical occupations,109,37,72
E01000266,4. Administrative and secretarial occupations,65,114,-49
E01000266,5. Skilled trades occupations,53,48,5
E01000266,"6. Caring, leisure and other service occupations",30,50,-20
E01000266,7. Sales and customer service occupations,23,46,-23
E01000266,"8. Process, plant and machine operatives",12,21,-9
E01000266,9. Elementary occupations,10,30,-20
E01000267,"1. Managers, directors and senior officials",144,130,14
E01000267,2. Professional occupations,249,186,63
E01000267,3. Associate professional and technical occupations,126,59,67
E01000267,4. Administrative and secretarial occupations,82,129,-47
E01000267,5. Skilled trades occupations,69,61,8
E01000267,"6. Caring, leisure and other service occupations",52,57,-5
E01000267,7. Sales and customer service occupations,52,35,17
E01000267,"8. Process, plant and machine operatives",27,23,4
E01000267,9. Elementary occupations,39,47,-8
E01000268,"1. Managers, directors and senior officials",151,123,28
E01000268,2. Professional occupations,307,232,75
E01000268,3. Associate professional and technical occupations,138,69,69
E01000268,4. Administrative and secretarial occupations,87,130,-43
E01000268,5. Skilled trades occupations,75,68,7
E01000268,"6. Caring, leisure and other service occupations",88,60,28
E01000268,7. Sales and customer service occupations,55,44,11
E01000268,"8. Process, plant and machine operatives",36,25,11
E01000268,9. Elementary occupations,70,44,26
E01000269,"1. Managers, directors and senior officials",116,104,12
E01000269,2. Professional occupations,176,151,25
E01000269,3. Associate professional and technical occupations,131,51,80
E01000269,4. Administrative and secretarial occupations,63,97,-34
E01000269,5. Skilled trades occupations,43,59,-16
E01000269,"6. Caring, leisure and other service occupations",54,62,-8
E01000269,7. Sales and customer service occupations,35,58,-23
E01000269,"8. Process, plant and machine operatives",27,23,4
E01000269,9. Elementary occupations,30,41,-11
E01000270,"1. Managers, directors and senior officials",146,96,50
E01000270,2. Professional occupations,250,211,39
E01000270,3. Associate professional and technical occupations,113,74,39
E01000270,4. Administrative and secretarial occupations,66,108,-42
E01000270,5. Skilled trades occupations,48,51,-3
E01000270,"6. Caring, leisure and other service occupations",53,44,9
E01000270,7. Sales and customer service occupations,25,34,-9
E01000270,"8. Process, plant and machine operatives",22,24,-2
E01000270,9. Elementary occupations,31,35,-4
E01000271,"1. Managers, directors and senior officials",173,121,52
E01000271,2. Professional occupations,221,206,15
E01000271,3. Associate professional and technical occupations,111,32,79
E01000271,4. Administrative and secretarial occupations,74,82,-8
E01000271,5. Skilled trades occupations,46,41,5
E01000271,"6. Caring, leisure and other service occupations",46,54,-8
E01000271,7. Sales and customer service occupations,31,41,-10
E01000271,"8. Process, plant and machine operatives",23,15,8
E01000271,9. Elementary occupations,44,35,9
E01000272,"1. Managers, directors and senior officials",203,125,78
E01000272,2. Professional occupations,210,194,16
E01000272,3. Associate professional and technical occupations,81,46,35
E01000272,4. Administrative and secretarial occupations,56,87,-31
E01000272,5. Skilled trades occupations,20,25,-5
E01000272,"6. Caring, leisure and other service occupations",32,38,-6
E01000272,7. Sales and customer service occupations,13,29,-16
E01000272,"8. Process, plant and machine operatives",8,7,1
E01000272,9. Elementary occupations,13,12,1
E01000273,"1. Managers, directors and senior officials",148,101,47
E01000273,2. Professional occupations,251,194,57
E01000273,3. Associate professional and technical occupations,128,46,82
E01000273,4. Administrative and secretarial occupations,75,74,1
E01000273,5. Skilled trades occupations,52,44,8
E01000273,"6. Caring, leisure and other service occupations",49,53,-4
E01000273,7. Sales and customer service occupations,36,57,-21
E01000273,"8. Process, plant and machine operatives",22,25,-3
E01000273,9. Elementary occupations,43,49,-6
E01000274,"1. Managers, directors and senior officials",144,128,16
E01000274,2. Professional occupations,225,172,53
E01000274,3. Associate professional and technical occupations,115,48,67
E01000274,4. Administrative and secretarial occupations,99,125,-26
E01000274,5. Skilled trades occupations,89,83,6
E01000274,"6. Caring, leisure and other service occupations",91,82,9
E01000274,7. Sales and customer service occupations,71,66,5
E01000274,"8. Process, plant and machine operatives",49,38,11
E01000274,9. Elementary occupations,57,61,-4
E01000275,"1. Managers, directors and senior officials",134,143,-9
E01000275,2. Professional occupations,308,243,65
E01000275,3. Associate professional and technical occupations,148,49,99
E01000275,4. Administrative and secretarial occupations,68,98,-30
E01000275,5. Skilled trades occupations,40,31,9
E01000275,"6. Caring, leisure and other service occupations",40,50,-10
E01000275,7. Sales and customer service occupations,41,48,-7
E01000275,"8. Process, plant and machine operatives",24,28,-4
E01000275,9. Elementary occupations,38,30,8
E01000276,"1. Managers, directors and senior officials",196,138,58
E01000276,2. Professional occupations,248,225,23
E01000276,3. Associate professional and technical occupations,103,36,67
E01000276,4. Administrative and secretarial occupations,66,79,-13
E01000276,5. Skilled trades occupations,23,29,-6
E01000276,"6. Caring, leisure and other service occupations",31,44,-13
E01000276,7. Sales and customer service occupations,18,28,-10
E01000276,"8. Process, plant and machine operatives",15,16,-1
E01000276,9. Elementary occupations,14,16,-2
E01000277,"1. Managers, directors and senior officials",108,69,39
E01000277,2. Professional occupations,265,186,79
E01000277,3. Associate professional and technical occupations,137,49,88
E01000277,4. Administrative and secretarial occupations,62,87,-25
E01000277,5. Skilled trades occupations,42,47,-5
E01000277,"6. Caring, leisure and other service occupations",58,50,8
E01000277,7. Sales and customer service occupations,54,40,14
E01000277,"8. Process, plant and machine operatives",33,28,5
E01000277,9. Elementary occupations,56,50,6
E01000278,"1. Managers, directors and senior officials",176,126,50
E01000278,2. Professional occupations,251,235,16
E01000278,3. Associate professional and technical occupations,88,27,61
E01000278,4. Administrative and secretarial occupations,57,88,-31
E01000278,5. Skilled trades occupations,20,24,-4
E01000278,"6. Caring, leisure and other service occupations",21,28,-7
E01000278,7. Sales and customer service occupations,22,33,-11
E01000278,"8. Process, plant and machine operatives",11,14,-3
E01000278,9. Elementary occupations,12,19,-7
E01000279,"1. Managers, directors and senior officials",201,185,16
E01000279,2. Professional occupations,177,174,3
E01000279,3. Associate professional and technical occupations,89,33,56
E01000279,4. Administrative and secretarial occupations,47,71,-24
E01000279,5. Skilled trades occupations,20,22,-2
E01000279,"6. Caring, leisure and other service occupations",29,35,-6
E01000279,7. Sales and customer service occupations,13,15,-2
E01000279,"8. Process, plant and machine operatives",8,11,-3
E01000279,9. Elementary occupations,20,26,-6
E01000280,"1. Managers, directors and senior officials",195,161,34
E01000280,2. Professional occupations,212,198,14
E01000280,3. Associate professional and technical occupations,89,45,44
E01000280,4. Administrative and secretarial occupations,59,74,-15
E01000280,5. Skilled trades occupations,13,24,-11
E01000280,"6. Caring, leisure and other service occupations",24,33,-9
E01000280,7. Sales and customer service occupations,11,24,-13
E01000280,"8. Process, plant and machine operatives",13,15,-2
E01000280,9. Elementary occupations,9,25,-16
E01000281,"1. Managers, directors and senior officials",218,69,149
E01000281,2. Professional occupations,386,101,285
E01000281,3. Associate professional and technical occupations,149,53,96
E01000281,4. Administrative and secretarial occupations,63,63,0
E01000281,5. Skilled trades occupations,46,66,-20
E01000281,"6. Caring, leisure and other service occupations",28,62,-34
E01000281,7. Sales and customer service occupations,38,42,-4
E01000281,"8. Process, plant and machine operatives",21,18,3
E01000281,9. Elementary occupations,39,46,-7
E01000282,"1. Managers, directors and senior officials",190,102,88
E01000282,2. Professional occupations,293,243,50
E01000282,3. Associate professional and technical occupations,129,50,79
E01000282,4. Administrative and secretarial occupations,88,129,-41
E01000282,5. Skilled trades occupations,52,42,10
E01000282,"6. Caring, leisure and other service occupations",46,55,-9
E01000282,7. Sales and customer service occupations,27,32,-5
E01000282,"8. Process, plant and machine operatives",30,29,1
E01000282,9. Elementary occupations,30,36,-6
E01000283,"1. Managers, directors and senior officials",169,157,12
E01000283,2. Professional occupations,272,222,50
E01000283,3. Associate professional and technical occupations,70,27,43
E01000283,4. Administrative and secretarial occupations,59,79,-20
E01000283,5. Skilled trades occupations,13,26,-13
E01000283,"6. Caring, leisure and other service occupations",21,37,-16
E01000283,7. Sales and customer service occupations,27,32,-5
E01000283,"8. Process, plant and machine operatives",12,14,-2
E01000283,9. Elementary occupations,9,7,2
E01000284,"1. Managers, directors and senior officials",136,94,42
E01000284,2. Professional occupations,241,239,2
E01000284,3. Associate professional and technical occupations,119,60,59
E01000284,4. Administrative and secretarial occupations,82,83,-1
E01000284,5. Skilled trades occupations,111,61,50
E01000284,"6. Caring, leisure and other service occupations",55,69,-14
E01000284,7. Sales and customer service occupations,64,77,-13
E01000284,"8. Process, plant and machine operatives",39,27,12
E01000284,9. Elementary occupations,87,57,30
E01000285,"1. Managers, directors and senior officials",103,72,31
E01000285,2. Professional occupations,189,138,51
E01000285,3. Associate professional and technical occupations,106,40,66
E01000285,4. Administrative and secretarial occupations,69,87,-18
E01000285,5. Skilled trades occupations,52,66,-14
E01000285,"6. Caring, leisure and other service occupations",62,73,-11
E01000285,7. Sales and customer service occupations,39,59,-20
E01000285,"8. Process, plant and machine operatives",21,31,-10
E01000285,9. Elementary occupations,48,61,-13
E01000286,"1. Managers, directors and senior officials",104,73,31
E01000286,2. Professional occupations,206,139,67
E01000286,3. Associate professional and technical occupations,91,27,64
E01000286,4. Administrative and secretarial occupations,65,89,-24
E01000286,5. Skilled trades occupations,86,87,-1
E01000286,"6. Caring, leisure and other service occupations",81,79,2
E01000286,7. Sales and customer service occupations,46,56,-10
E01000286,"8. Process, plant and machine operatives",36,36,0
E01000286,9. Elementary occupations,61,62,-1
E01000287,"1. Managers, directors and senior officials",95,74,21
E01000287,2. Professional occupations,151,119,32
E01000287,3. Associate professional and technical occupations,90,40,50
E01000287,4. Administrative and secretarial occupations,85,86,-1
E01000287,5. Skilled trades occupations,73,65,8
E01000287,"6. Caring, leisure and other service occupations",72,68,4
E01000287,7. Sales and customer service occupations,42,69,-27
E01000287,"8. Process, plant and machine operatives",51,46,5
E01000287,9. Elementary occupations,75,58,17
E01000288,"1. Managers, directors and senior officials",101,82,19
E01000288,2. Professional occupations,247,159,88
E01000288,3. Associate professional and technical occupations,115,43,72
E01000288,4. Administrative and secretarial occupations,87,112,-25
E01000288,5. Skilled trades occupations,46,72,-26
E01000288,"6. Caring, leisure and other service occupations",60,73,-13
E01000288,7. Sales and customer service occupations,34,68,-34
E01000288,"8. Process, plant and machine operatives",33,36,-3
E01000288,9. Elementary occupations,41,54,-13
E01000289,"1. Managers, directors and senior officials",66,43,23
E01000289,2. Professional occupations,120,92,28
E01000289,3. Associate professional and technical occupations,65,31,34
E01000289,4. Administrative and secretarial occupations,63,79,-16
E01000289,5. Skilled trades occupations,68,80,-12
E01000289,"6. Caring, leisure and other service occupations",83,94,-11
E01000289,7. Sales and customer service occupations,53,75,-22
E01000289,"8. Process, plant and machine operatives",56,56,0
E01000289,9. Elementary occupations,84,95,-11
E01000290,"1. Managers, directors and senior officials",141,118,23
E01000290,2. Professional occupations,183,116,67
E01000290,3. Associate professional and technical occupations,99,35,64
E01000290,4. Administrative and secretarial occupations,72,95,-23
E01000290,5. Skilled trades occupations,52,65,-13
E01000290,"6. Caring, leisure and other service occupations",69,71,-2
E01000290,7. Sales and customer service occupations,35,38,-3
E01000290,"8. Process, plant and machine operatives",34,42,-8
E01000290,9. Elementary occupations,39,37,2
E01000291,"1. Managers, directors and senior officials",88,44,44
E01000291,2. Professional occupations,181,84,97
E01000291,3. Associate professional and technical occupations,90,34,56
E01000291,4. Administrative and secretarial occupations,67,79,-12
E01000291,5. Skilled trades occupations,69,79,-10
E01000291,"6. Caring, leisure and other service occupations",84,77,7
E01000291,7. Sales and customer service occupations,43,63,-20
E01000291,"8. Process, plant and machine operatives",48,39,9
E01000291,9. Elementary occupations,60,67,-7
E01000292,"1. Managers, directors and senior officials",121,99,22
E01000292,2. Professional occupations,223,186,37
E01000292,3. Associate professional and technical occupations,113,52,61
E01000292,4. Administrative and secretarial occupations,55,85,-30
E01000292,5. Skilled trades occupations,45,50,-5
E01000292,"6. Caring, leisure and other service occupations",47,58,-11
E01000292,7. Sales and customer service occupations,31,36,-5
E01000292,"8. Process, plant and machine operatives",19,25,-6
E01000292,9. Elementary occupations,30,36,-6
E01000293,"1. Managers, directors and senior officials",140,121,19
E01000293,2. Professional occupations,333,277,56
E01000293,3. Associate professional and technical occupations,137,55,82
E01000293,4. Administrative and secretarial occupations,79,92,-13
E01000293,5. Skilled trades occupations,49,55,-6
E01000293,"6. Caring, leisure and other service occupations",56,61,-5
E01000293,7. Sales and customer service occupations,44,59,-15
E01000293,"8. Process, plant and machine operatives",23,25,-2
E01000293,9. Elementary occupations,50,51,-1
E01000294,"1. Managers, directors and senior officials",142,89,53
E01000294,2. Professional occupations,262,207,55
E01000294,3. Associate professional and technical occupations,129,58,71
E01000294,4. Administrative and secretarial occupations,70,85,-15
E01000294,5. Skilled trades occupations,65,50,15
E01000294,"6. Caring, leisure and other service occupations",59,60,-1
E01000294,7. Sales and customer service occupations,34,40,-6
E01000294,"8. Process, plant and machine operatives",31,25,6
E01000294,9. Elementary occupations,48,33,15
E01000295,"1. Managers, directors and senior officials",138,129,9
E01000295,2. Professional occupations,309,297,12
E01000295,3. Associate professional and technical occupations,144,54,90
E01000295,4. Administrative and secretarial occupations,70,118,-48
E01000295,5. Skilled trades occupations,54,56,-2
E01000295,"6. Caring, leisure and other service occupations",54,46,8
E01000295,7. Sales and customer service occupations,50,42,8
E01000295,"8. Process, plant and machine operatives",11,24,-13
E01000295,9. Elementary occupations,46,43,3
E01000296,"1. Managers, directors and senior officials",149,121,28
E01000296,2. Professional occupations,309,282,27
E01000296,3. Associate professional and technical occupations,147,59,88
E01000296,4. Administrative and secretarial occupations,76,96,-20
E01000296,5. Skilled trades occupations,81,60,21
E01000296,"6. Caring, leisure and other service occupations",74,67,7
E01000296,7. Sales and customer service occupations,57,46,11
E01000296,"8. Process, plant and machine operatives",43,24,19
E01000296,9. Elementary occupations,71,75,-4
E01000297,"1. Managers, directors and senior officials",102,92,10
E01000297,2. Professional occupations,224,192,32
E01000297,3. Associate professional and technical occupations,102,45,57
E01000297,4. Administrative and secretarial occupations,66,90,-24
E01000297,5. Skilled trades occupations,72,86,-14
E01000297,"6. Caring, leisure and other service occupations",51,53,-2
E01000297,7. Sales and customer service occupations,45,59,-14
E01000297,"8. Process, plant and machine operatives",34,34,0
E01000297,9. Elementary occupations,61,73,-12
E01000298,"1. Managers, directors and senior officials",152,139,13
E01000298,2. Professional occupations,302,266,36
E01000298,3. Associate professional and technical occupations,135,64,71
E01000298,4. Administrative and secretarial occupations,65,112,-47
E01000298,5. Skilled trades occupations,82,85,-3
E01000298,"6. Caring, leisure and other service occupations",50,53,-3
E01000298,7. Sales and customer service occupations,44,59,-15
E01000298,"8. Process, plant and machine operatives",22,21,1
E01000298,9. Elementary occupations,80,74,6
E01000299,"1. Managers, directors and senior officials",162,111,51
E01000299,2. Professional occupations,246,245,1
E01000299,3. Associate professional and technical occupations,157,64,93
E01000299,4. Administrative and secretarial occupations,79,112,-33
E01000299,5. Skilled trades occupations,103,71,32
E01000299,"6. Caring, leisure and other service occupations",60,76,-16
E01000299,7. Sales and customer service occupations,63,55,8
E01000299,"8. Process, plant and machine operatives",57,35,22
E01000299,9. Elementary occupations,91,81,10
E01000300,"1. Managers, directors and senior officials",149,113,36
E01000300,2. Professional occupations,323,246,77
E01000300,3. Associate professional and technical occupations,139,60,79
E01000300,4. Administrative and secretarial occupations,65,114,-49
E01000300,5. Skilled trades occupations,45,48,-3
E01000300,"6. Caring, leisure and other service occupations",52,60,-8
E01000300,7. Sales and customer service occupations,37,51,-14
E01000300,"8. Process, plant and machine operatives",18,27,-9
E01000300,9. Elementary occupations,47,49,-2
E01000301,"1. Managers, directors and senior officials",153,113,40
E01000301,2. Professional occupations,268,230,38
E01000301,3. Associate professional and technical occupations,89,37,52
E01000301,4. Administrative and secretarial occupations,64,86,-22
E01000301,5. Skilled trades occupations,31,43,-12
E01000301,"6. Caring, leisure and other service occupations",25,44,-19
E01000301,7. Sales and customer service occupations,23,33,-10
E01000301,"8. Process, plant and machine operatives",16,12,4
E01000301,9. Elementary occupations,17,43,-26
E01000302,"1. Managers, directors and senior officials",127,96,31
E01000302,2. Professional occupations,260,268,-8
E01000302,3. Associate professional and technical occupations,131,49,82
E01000302,4. Administrative and secretarial occupations,64,96,-32
E01000302,5. Skilled trades occupations,72,78,-6
E01000302,"6. Caring, leisure and other service occupations",52,66,-14
E01000302,7. Sales and customer service occupations,34,63,-29
E01000302,"8. Process, plant and machine operatives",48,31,17
E01000302,9. Elementary occupations,56,51,5
E01000303,"1. Managers, directors and senior officials",165,123,42
E01000303,2. Professional occupations,237,244,-7
E01000303,3. Associate professional and technical occupations,105,36,69
E01000303,4. Administrative and secretarial occupations,58,87,-29
E01000303,5. Skilled trades occupations,34,37,-3
E01000303,"6. Caring, leisure and other service occupations",42,52,-10
E01000303,7. Sales and customer service occupations,25,33,-8
E01000303,"8. Process, plant and machine operatives",14,16,-2
E01000303,9. Elementary occupations,34,20,14
E01000304,"1. Managers, directors and senior officials",155,112,43
E01000304,2. Professional occupations,263,256,7
E01000304,3. Associate professional and technical occupations,144,63,81
E01000304,4. Administrative and secretarial occupations,59,88,-29
E01000304,5. Skilled trades occupations,63,55,8
E01000304,"6. Caring, leisure and other service occupations",50,56,-6
E01000304,7. Sales and customer service occupations,41,50,-9
E01000304,"8. Process, plant and machine operatives",36,25,11
E01000304,9. Elementary occupations,51,55,-4
E01000305,"1. Managers, directors and senior officials",88,64,24
E01000305,2. Professional occupations,191,118,73
E01000305,3. Associate professional and technical occupations,109,33,76
E01000305,4. Administrative and secretarial occupations,63,77,-14
E01000305,5. Skilled trades occupations,94,103,-9
E01000305,"6. Caring, leisure and other service occupations",62,58,4
E01000305,7. Sales and customer service occupations,61,111,-50
E01000305,"8. Process, plant and machine operatives",56,52,4
E01000305,9. Elementary occupations,126,117,9
E01000306,"1. Managers, directors and senior officials",142,82,60
E01000306,2. Professional occupations,152,146,6
E01000306,3. Associate professional and technical occupations,112,49,63
E01000306,4. Administrative and secretarial occupations,90,92,-2
E01000306,5. Skilled trades occupations,128,124,4
E01000306,"6. Caring, leisure and other service occupations",63,66,-3
E01000306,7. Sales and customer service occupations,77,89,-12
E01000306,"8. Process, plant and machine operatives",89,56,33
E01000306,9. Elementary occupations,212,87,125
E01000307,"1. Managers, directors and senior officials",100,76,24
E01000307,2. Professional occupations,126,91,35
E01000307,3. Associate professional and technical occupations,75,30,45
E01000307,4. Administrative and secretarial occupations,68,75,-7
E01000307,5. Skilled trades occupations,98,102,-4
E01000307,"6. Caring, leisure and other service occupations",65,79,-14
E01000307,7. Sales and customer service occupations,60,95,-35
E01000307,"8. Process, plant and machine operatives",59,54,5
E01000307,9. Elementary occupations,99,104,-5
E01000308,"1. Managers, directors and senior officials",197,50,147
E01000308,2. Professional occupations,312,57,255
E01000308,3. Associate professional and technical occupations,168,23,145
E01000308,4. Administrative and secretarial occupations,96,72,24
E01000308,5. Skilled trades occupations,87,64,23
E01000308,"6. Caring, leisure and other service occupations",93,82,11
E01000308,7. Sales and customer service occupations,88,82,6
E01000308,"8. Process, plant and machine operatives",51,42,9
E01000308,9. Elementary occupations,99,78,21
E01000309,"1. Managers, directors and senior officials",184,115,69
E01000309,2. Professional occupations,244,207,37
E01000309,3. Associate professional and technical occupations,94,38,56
E01000309,4. Administrative and secretarial occupations,89,117,-28
E01000309,5. Skilled trades occupations,116,61,55
E01000309,"6. Caring, leisure and other service occupations",78,78,0
E01000309,7. Sales and customer service occupations,40,67,-27
E01000309,"8. Process, plant and machine operatives",54,32,22
E01000309,9. Elementary occupations,126,87,39
E01000310,"1. Managers, directors and senior officials",135,116,19
E01000310,2. Professional occupations,258,199,59
E01000310,3. Associate professional and technical occupations,105,45,60
E01000310,4. Administrative and secretarial occupations,78,109,-31
E01000310,5. Skilled trades occupations,113,129,-16
E01000310,"6. Caring, leisure and other service occupations",84,115,-31
E01000310,7. Sales and customer service occupations,89,100,-11
E01000310,"8. Process, plant and machine operatives",65,40,25
E01000310,9. Elementary occupations,122,134,-12
E01000311,"1. Managers, directors and senior officials",155,127,28
E01000311,2. Professional occupations,255,203,52
E01000311,3. Associate professional and technical occupations,67,27,40
E01000311,4. Administrative and secretarial occupations,78,82,-4
E01000311,5. Skilled trades occupations,46,38,8
E01000311,"6. Caring, leisure and other service occupations",56,51,5
E01000311,7. Sales and customer service occupations,35,21,14
E01000311,"8. Process, plant and machine operatives",20,13,7
E01000311,9. Elementary occupations,42,32,10
E01000312,"1. Managers, directors and senior officials",90,71,19
E01000312,2. Professional occupations,144,120,24
E01000312,3. Associate professional and technical occupations,78,22,56
E01000312,4. Administrative and secretarial occupations,75,84,-9
E01000312,5. Skilled trades occupations,129,98,31
E01000312,"6. Caring, leisure and other service occupations",83,96,-13
E01000312,7. Sales and customer service occupations,71,94,-23
E01000312,"8. Process, plant and machine operatives",53,69,-16
E01000312,9. Elementary occupations,131,109,22
E01000313,"1. Managers, directors and senior officials",120,90,30
E01000313,2. Professional occupations,193,149,44
E01000313,3. Associate professional and technical occupations,112,23,89
E01000313,4. Administrative and secretarial occupations,69,92,-23
E01000313,5. Skilled trades occupations,129,97,32
E01000313,"6. Caring, leisure and other service occupations",57,91,-34
E01000313,7. Sales and customer service occupations,76,106,-30
E01000313,"8. Process, plant and machine operatives",69,63,6
E01000313,9. Elementary occupations,129,149,-20
E01000314,"1. Managers, directors and senior officials",176,169,7
E01000314,2. Professional occupations,264,220,44
E01000314,3. Associate professional and technical occupations,152,45,107
E01000314,4. Administrative and secretarial occupations,98,104,-6
E01000314,5. Skilled trades occupations,122,83,39
E01000314,"6. Caring, leisure and other service occupations",100,76,24
E01000314,7. Sales and customer service occupations,70,59,11
E01000314,"8. Process, plant and machine operatives",44,16,28
E01000314,9. Elementary occupations,124,93,31
E01000315,"1. Managers, directors and senior officials",78,74,4
E01000315,2. Professional occupations,150,98,52
E01000315,3. Associate professional and technical occupations,85,36,49
E01000315,4. Administrative and secretarial occupations,90,83,7
E01000315,5. Skilled trades occupations,88,88,0
E01000315,"6. Caring, leisure and other service occupations",86,90,-4
E01000315,7. Sales and customer service occupations,69,68,1
E01000315,"8. Process, plant and machine operatives",44,52,-8
E01000315,9. Elementary occupations,82,78,4
E01000316,"1. Managers, directors and senior officials",176,135,41
E01000316,2. Professional occupations,289,279,10
E01000316,3. Associate professional and technical occupations,149,70,79
E01000316,4. Administrative and secretarial occupations,80,123,-43
E01000316,5. Skilled trades occupations,84,85,-1
E01000316,"6. Caring, leisure and other service occupations",90,90,0
E01000316,7. Sales and customer service occupations,75,111,-36
E01000316,"8. Process, plant and machine operatives",40,48,-8
E01000316,9. Elementary occupations,100,105,-5
E01000317,"1. Managers, directors and senior officials",121,96,25
E01000317,2. Professional occupations,257,247,10
E01000317,3. Associate professional and technical occupations,121,45,76
E01000317,4. Administrative and secretarial occupations,58,87,-29
E01000317,5. Skilled trades occupations,34,58,-24
E01000317,"6. Caring, leisure and other service occupations",45,56,-11
E01000317,7. Sales and customer service occupations,46,58,-12
E01000317,"8. Process, plant and machine operatives",21,25,-4
E01000317,9. Elementary occupations,45,60,-15
E01000318,"1. Managers, directors and senior officials",120,91,29
E01000318,2. Professional occupations,251,220,31
E01000318,3. Associate professional and technical occupations,123,54,69
E01000318,4. Administrative and secretarial occupations,110,116,-6
E01000318,5. Skilled trades occupations,66,78,-12
E01000318,"6. Caring, leisure and other service occupations",41,62,-21
E01000318,7. Sales and customer service occupations,49,86,-37
E01000318,"8. Process, plant and machine operatives",27,40,-13
E01000318,9. Elementary occupations,68,75,-7
E01000319,"1. Managers, directors and senior officials",123,121,2
E01000319,2. Professional occupations,246,207,39
E01000319,3. Associate professional and technical occupations,113,46,67
E01000319,4. Administrative and secretarial occupations,56,88,-32
E01000319,5. Skilled trades occupations,37,68,-31
E01000319,"6. Caring, leisure and other service occupations",39,50,-11
E01000319,7. Sales and customer service occupations,41,41,0
E01000319,"8. Process, plant and machine operatives",19,28,-9
E01000319,9. Elementary occupations,25,60,-35
E01000320,"1. Managers, directors and senior officials",151,98,53
E01000320,2. Professional occupations,315,195,120
E01000320,3. Associate professional and technical occupations,166,40,126
E01000320,4. Administrative and secretarial occupations,90,86,4
E01000320,5. Skilled trades occupations,68,38,30
E01000320,"6. Caring, leisure and other service occupations",53,64,-11
E01000320,7. Sales and customer service occupations,54,38,16
E01000320,"8. Process, plant and machine operatives",37,22,15
E01000320,9. Elementary occupations,58,36,22
E01000321,"1. Managers, directors and senior officials",141,118,23
E01000321,2. Professional occupations,319,212,107
E01000321,3. Associate professional and technical occupations,196,61,135
E01000321,4. Administrative and secretarial occupations,85,108,-23
E01000321,5. Skilled trades occupations,91,91,0
E01000321,"6. Caring, leisure and other service occupations",75,72,3
E01000321,7. Sales and customer service occupations,52,49,3
E01000321,"8. Process, plant and machine operatives",46,27,19
E01000321,9. Elementary occupations,65,80,-15
E01000322,"1. Managers, directors and senior officials",141,126,15
E01000322,2. Professional occupations,230,202,28
E01000322,3. Associate professional and technical occupations,139,61,78
E01000322,4. Administrative and secretarial occupations,73,124,-51
E01000322,5. Skilled trades occupations,71,77,-6
E01000322,"6. Caring, leisure and other service occupations",58,77,-19
E01000322,7. Sales and customer service occupations,50,53,-3
E01000322,"8. Process, plant and machine operatives",46,34,12
E01000322,9. Elementary occupations,93,51,42
E01000323,"1. Managers, directors and senior officials",182,131,51
E01000323,2. Professional occupations,271,256,15
E01000323,3. Associate professional and technical occupations,162,52,110
E01000323,4. Administrative and secretarial occupations,99,108,-9
E01000323,5. Skilled trades occupations,134,94,40
E01000323,"6. Caring, leisure and other service occupations",83,79,4
E01000323,7. Sales and customer service occupations,80,79,1
E01000323,"8. Process, plant and machine operatives",77,51,26
E01000323,9. Elementary occupations,135,95,40
E01000324,"1. Managers, directors and senior officials",161,107,54
E01000324,2. Professional occupations,235,172,63
E01000324,3. Associate professional and technical occupations,130,59,71
E01000324,4. Administrative and secretarial occupations,92,116,-24
E01000324,5. Skilled trades occupations,67,79,-12
E01000324,"6. Caring, leisure and other service occupations",75,71,4
E01000324,7. Sales and customer service occupations,59,53,6
E01000324,"8. Process, plant and machine operatives",42,45,-3
E01000324,9. Elementary occupations,63,57,6
E01000325,"1. Managers, directors and senior officials",104,66,38
E01000325,2. Professional occupations,162,115,47
E01000325,3. Associate professional and technical occupations,130,54,76
E01000325,4. Administrative and secretarial occupations,130,173,-43
E01000325,5. Skilled trades occupations,68,99,-31
E01000325,"6. Caring, leisure and other service occupations",52,64,-12
E01000325,7. Sales and customer service occupations,48,70,-22
E01000325,"8. Process, plant and machine operatives",46,48,-2
E01000325,9. Elementary occupations,61,60,1
E01000326,"1. Managers, directors and senior officials",78,66,12
E01000326,2. Professional occupations,145,95,50
E01000326,3. Associate professional and technical occupations,100,55,45
E01000326,4. Administrative and secretarial occupations,101,156,-55
E01000326,5. Skilled trades occupations,84,101,-17
E01000326,"6. Caring, leisure and other service occupations",62,45,17
E01000326,7. Sales and customer service occupations,48,46,2
E01000326,"8. Process, plant and machine operatives",38,44,-6
E01000326,9. Elementary occupations,58,54,4
E01000327,"1. Managers, directors and senior officials",123,78,45
E01000327,2. Professional occupations,161,108,53
E01000327,3. Associate professional and technical occupations,95,50,45
E01000327,4. Administrative and secretarial occupations,117,177,-60
E01000327,5. Skilled trades occupations,80,86,-6
E01000327,"6. Caring, leisure and other service occupations",44,55,-11
E01000327,7. Sales and customer service occupations,60,40,20
E01000327,"8. Process, plant and machine operatives",24,39,-15
E01000327,9. Elementary occupations,48,53,-5
E01000328,"1. Managers, directors and senior officials",120,87,33
E01000328,2. Professional occupations,128,91,37
E01000328,3. Associate professional and technical occupations,115,52,63
E01000328,4. Administrative and secretarial occupations,115,134,-19
E01000328,5. Skilled trades occupations,86,88,-2
E01000328,"6. Caring, leisure and other service occupations",53,64,-11
E01000328,7. Sales and customer service occupations,43,52,-9
E01000328,"8. Process, plant and machine operatives",42,42,0
E01000328,9. Elementary occupations,51,57,-6
E01000329,"1. Managers, directors and senior officials",107,51,56
E01000329,2. Professional occupations,170,102,68
E01000329,3. Associate professional and technical occupations,104,39,65
E01000329,4. Administrative and secretarial occupations,105,98,7
E01000329,5. Skilled trades occupations,87,57,30
E01000329,"6. Caring, leisure and other service occupations",54,57,-3
E01000329,7. Sales and customer service occupations,52,65,-13
E01000329,"8. Process, plant and machine operatives",51,47,4
E01000329,9. Elementary occupations,70,59,11
E01000330,"1. Managers, directors and senior officials",97,68,29
E01000330,2. Professional occupations,136,94,42
E01000330,3. Associate professional and technical occupations,108,55,53
E01000330,4. Administrative and secretarial occupations,109,143,-34
E01000330,5. Skilled trades occupations,74,80,-6
E01000330,"6. Caring, leisure and other service occupations",58,48,10
E01000330,7. Sales and customer service occupations,67,58,9
E01000330,"8. Process, plant and machine operatives",52,45,7
E01000330,9. Elementary occupations,75,60,15
E01000331,"1. Managers, directors and senior officials",96,58,38
E01000331,2. Professional occupations,145,65,80
E01000331,3. Associate professional and technical occupations,110,36,74
E01000331,4. Administrative and secretarial occupations,79,109,-30
E01000331,5. Skilled trades occupations,91,71,20
E01000331,"6. Caring, leisure and other service occupations",69,83,-14
E01000331,7. Sales and customer service occupations,58,57,1
E01000331,"8. Process, plant and machine operatives",42,53,-11
E01000331,9. Elementary occupations,75,102,-27
E01000332,"1. Managers, directors and senior officials",80,77,3
E01000332,2. Professional occupations,135,101,34
E01000332,3. Associate professional and technical occupations,104,37,67
E01000332,4. Administrative and secretarial occupations,81,119,-38
E01000332,5. Skilled trades occupations,62,75,-13
E01000332,"6. Caring, leisure and other service occupations",64,56,8
E01000332,7. Sales and customer service occupations,57,65,-8
E01000332,"8. Process, plant and machine operatives",59,53,6
E01000332,9. Elementary occupations,86,77,9
E01000333,"1. Managers, directors and senior officials",91,67,24
E01000333,2. Professional occupations,129,81,48
E01000333,3. Associate professional and technical occupations,127,67,60
E01000333,4. Administrative and secretarial occupations,95,129,-34
E01000333,5. Skilled trades occupations,87,81,6
E01000333,"6. Caring, leisure and other service occupations",86,68,18
E01000333,7. Sales and customer service occupations,80,55,25
E01000333,"8. Process, plant and machine operatives",69,54,15
E01000333,9. Elementary occupations,104,74,30
E01000334,"1. Managers, directors and senior officials",75,63,12
E01000334,2. Professional occupations,145,98,47
E01000334,3. Associate professional and technical occupations,97,62,35
E01000334,4. Administrative and secretarial occupations,122,128,-6
E01000334,5. Skilled trades occupations,94,79,15
E01000334,"6. Caring, leisure and other service occupations",72,71,1
E01000334,7. Sales and customer service occupations,60,76,-16
E01000334,"8. Process, plant and machine operatives",60,64,-4
E01000334,9. Elementary occupations,69,90,-21
E01000335,"1. Managers, directors and senior officials",166,46,120
E01000335,2. Professional occupations,243,95,148
E01000335,3. Associate professional and technical occupations,162,39,123
E01000335,4. Administrative and secretarial occupations,125,95,30
E01000335,5. Skilled trades occupations,121,82,39
E01000335,"6. Caring, leisure and other service occupations",131,85,46
E01000335,7. Sales and customer service occupations,131,72,59
E01000335,"8. Process, plant and machine operatives",150,85,65
E01000335,9. Elementary occupations,197,91,106
E01000336,"1. Managers, directors and senior officials",64,74,-10
E01000336,2. Professional occupations,136,120,16
E01000336,3. Associate professional and technical occupations,84,44,40
E01000336,4. Administrative and secretarial occupations,86,121,-35
E01000336,5. Skilled trades occupations,94,75,19
E01000336,"6. Caring, leisure and other service occupations",116,63,53
E01000336,7. Sales and customer service occupations,75,89,-14
E01000336,"8. Process, plant and machine operatives",88,70,18
E01000336,9. Elementary occupations,119,110,9
E01000337,"1. Managers, directors and senior officials",78,69,9
E01000337,2. Professional occupations,143,98,45
E01000337,3. Associate professional and technical occupations,127,67,60
E01000337,4. Administrative and secretarial occupations,90,122,-32
E01000337,5. Skilled trades occupations,86,99,-13
E01000337,"6. Caring, leisure and other service occupations",94,100,-6
E01000337,7. Sales and customer service occupations,55,60,-5
E01000337,"8. Process, plant and machine operatives",71,69,2
E01000337,9. Elementary occupations,94,97,-3
E01000338,"1. Managers, directors and senior officials",109,89,20
E01000338,2. Professional occupations,198,103,95
E01000338,3. Associate professional and technical occupations,115,64,51
E01000338,4. Administrative and secretarial occupations,103,150,-47
E01000338,5. Skilled trades occupations,95,82,13
E01000338,"6. Caring, leisure and other service occupations",79,80,-1
E01000338,7. Sales and customer service occupations,69,76,-7
E01000338,"8. Process, plant and machine operatives",81,98,-17
E01000338,9. Elementary occupations,117,103,14
E01000339,"1. Managers, directors and senior officials",104,59,45
E01000339,2. Professional occupations,154,107,47
E01000339,3. Associate professional and technical occupations,103,43,60
E01000339,4. Administrative and secretarial occupations,110,133,-23
E01000339,5. Skilled trades occupations,101,88,13
E01000339,"6. Caring, leisure and other service occupations",44,68,-24
E01000339,7. Sales and customer service occupations,50,62,-12
E01000339,"8. Process, plant and machine operatives",35,48,-13
E01000339,9. Elementary occupations,48,52,-4
E01000340,"1. Managers, directors and senior officials",94,52,42
E01000340,2. Professional occupations,131,52,79
E01000340,3. Associate professional and technical occupations,112,39,73
E01000340,4. Administrative and secretarial occupations,119,109,10
E01000340,5. Skilled trades occupations,95,82,13
E01000340,"6. Caring, leisure and other service occupations",52,46,6
E01000340,7. Sales and customer service occupations,53,42,11
E01000340,"8. Process, plant and machine operatives",52,49,3
E01000340,9. Elementary occupations,52,49,3
E01000341,"1. Managers, directors and senior officials",92,78,14
E01000341,2. Professional occupations,123,69,54
E01000341,3. Associate professional and technical occupations,86,56,30
E01000341,4. Administrative and secretarial occupations,125,141,-16
E01000341,5. Skilled trades occupations,93,89,4
E01000341,"6. Caring, leisure and other service occupations",54,58,-4
E01000341,7. Sales and customer service occupations,47,68,-21
E01000341,"8. Process, plant and machine operatives",46,45,1
E01000341,9. Elementary occupations,48,49,-1
E01000342,"1. Managers, directors and senior officials",97,101,-4
E01000342,2. Professional occupations,138,137,1
E01000342,3. Associate professional and technical occupations,112,78,34
E01000342,4. Administrative and secretarial occupations,136,202,-66
E01000342,5. Skilled trades occupations,118,127,-9
E01000342,"6. Caring, leisure and other service occupations",53,78,-25
E01000342,7. Sales and customer service occupations,55,91,-36
E01000342,"8. Process, plant and machine operatives",52,66,-14
E01000342,9. Elementary occupations,70,92,-22
E01000343,"1. Managers, directors and senior officials",108,68,40
E01000343,2. Professional occupations,107,90,17
E01000343,3. Associate professional and technical occupations,106,52,54
E01000343,4. Administrative and secretarial occupations,120,133,-13
E01000343,5. Skilled trades occupations,93,78,15
E01000343,"6. Caring, leisure and other service occupations",63,62,1
E01000343,7. Sales and customer service occupations,49,67,-18
E01000343,"8. Process, plant and machine operatives",43,64,-21
E01000343,9. Elementary occupations,44,67,-23
E01000344,"1. Managers, directors and senior officials",92,63,29
E01000344,2. Professional occupations,169,133,36
E01000344,3. Associate professional and technical occupations,123,62,61
E01000344,4. Administrative and secretarial occupations,146,155,-9
E01000344,5. Skilled trades occupations,85,84,1
E01000344,"6. Caring, leisure and other service occupations",60,66,-6
E01000344,7. Sales and customer service occupations,44,54,-10
E01000344,"8. Process, plant and machine operatives",27,44,-17
E01000344,9. Elementary occupations,44,55,-11
E01000345,"1. Managers, directors and senior officials",110,83,27
E01000345,2. Professional occupations,118,100,18
E01000345,3. Associate professional and technical occupations,132,49,83
E01000345,4. Administrative and secretarial occupations,131,154,-23
E01000345,5. Skilled trades occupations,74,68,6
E01000345,"6. Caring, leisure and other service occupations",47,60,-13
E01000345,7. Sales and customer service occupations,32,48,-16
E01000345,"8. Process, plant and machine operatives",31,41,-10
E01000345,9. Elementary occupations,37,39,-2
E01000346,"1. Managers, directors and senior officials",86,75,11
E01000346,2. Professional occupations,155,97,58
E01000346,3. Associate professional and technical occupations,125,48,77
E01000346,4. Administrative and secretarial occupations,133,194,-61
E01000346,5. Skilled trades occupations,109,108,1
E01000346,"6. Caring, leisure and other service occupations",67,64,3
E01000346,7. Sales and customer service occupations,46,53,-7
E01000346,"8. Process, plant and machine operatives",48,48,0
E01000346,9. Elementary occupations,52,54,-2
E01000347,"1. Managers, directors and senior officials",88,69,19
E01000347,2. Professional occupations,110,74,36
E01000347,3. Associate professional and technical occupations,103,32,71
E01000347,4. Administrative and secretarial occupations,128,144,-16
E01000347,5. Skilled trades occupations,91,98,-7
E01000347,"6. Caring, leisure and other service occupations",61,55,6
E01000347,7. Sales and customer service occupations,42,81,-39
E01000347,"8. Process, plant and machine operatives",58,56,2
E01000347,9. Elementary occupations,54,60,-6
E01000348,"1. Managers, directors and senior officials",129,98,31
E01000348,2. Professional occupations,169,110,59
E01000348,3. Associate professional and technical occupations,120,48,72
E01000348,4. Administrative and secretarial occupations,139,136,3
E01000348,5. Skilled trades occupations,95,98,-3
E01000348,"6. Caring, leisure and other service occupations",32,55,-23
E01000348,7. Sales and customer service occupations,39,56,-17
E01000348,"8. Process, plant and machine operatives",32,40,-8
E01000348,9. Elementary occupations,30,31,-1
E01000349,"1. Managers, directors and senior officials",137,102,35
E01000349,2. Professional occupations,194,129,65
E01000349,3. Associate professional and technical occupations,114,60,54
E01000349,4. Administrative and secretarial occupations,121,140,-19
E01000349,5. Skilled trades occupations,72,92,-20
E01000349,"6. Caring, leisure and other service occupations",56,46,10
E01000349,7. Sales and customer service occupations,39,42,-3
E01000349,"8. Process, plant and machine operatives",43,50,-7
E01000349,9. Elementary occupations,42,39,3
E01000350,"1. Managers, directors and senior officials",103,72,31
E01000350,2. Professional occupations,148,101,47
E01000350,3. Associate professional and technical occupations,118,49,69
E01000350,4. Administrative and secretarial occupations,142,153,-11
E01000350,5. Skilled trades occupations,89,95,-6
E01000350,"6. Caring, leisure and other service occupations",57,62,-5
E01000350,7. Sales and customer service occupations,48,62,-14
E01000350,"8. Process, plant and machine operatives",37,60,-23
E01000350,9. Elementary occupations,54,50,4
E01000351,"1. Managers, directors and senior officials",96,70,26
E01000351,2. Professional occupations,193,91,102
E01000351,3. Associate professional and technical occupations,120,69,51
E01000351,4. Administrative and secretarial occupations,116,164,-48
E01000351,5. Skilled trades occupations,97,88,9
E01000351,"6. Caring, leisure and other service occupations",63,64,-1
E01000351,7. Sales and customer service occupations,45,54,-9
E01000351,"8. Process, plant and machine operatives",39,69,-30
E01000351,9. Elementary occupations,48,79,-31
E01000352,"1. Managers, directors and senior officials",100,75,25
E01000352,2. Professional occupations,119,84,35
E01000352,3. Associate professional and technical occupations,102,47,55
E01000352,4. Administrative and secretarial occupations,123,164,-41
E01000352,5. Skilled trades occupations,119,96,23
E01000352,"6. Caring, leisure and other service occupations",78,66,12
E01000352,7. Sales and customer service occupations,55,54,1
E01000352,"8. Process, plant and machine operatives",44,50,-6
E01000352,9. Elementary occupations,49,61,-12
E01000353,"1. Managers, directors and senior officials",104,94,10
E01000353,2. Professional occupations,155,116,39
E01000353,3. Associate professional and technical occupations,111,61,50
E01000353,4. Administrative and secretarial occupations,114,154,-40
E01000353,5. Skilled trades occupations,79,89,-10
E01000353,"6. Caring, leisure and other service occupations",50,66,-16
E01000353,7. Sales and customer service occupations,34,66,-32
E01000353,"8. Process, plant and machine operatives",43,51,-8
E01000353,9. Elementary occupations,27,47,-20
E01000354,"1. Managers, directors and senior officials",77,54,23
E01000354,2. Professional occupations,140,102,38
E01000354,3. Associate professional and technical occupations,91,37,54
E01000354,4. Administrative and secretarial occupations,107,153,-46
E01000354,5. Skilled trades occupations,89,68,21
E01000354,"6. Caring, leisure and other service occupations",52,79,-27
E01000354,7. Sales and customer service occupations,46,72,-26
E01000354,"8. Process, plant and machine operatives",48,37,11
E01000354,9. Elementary occupations,61,67,-6
E01000355,"1. Managers, directors and senior officials",86,62,24
E01000355,2. Professional occupations,123,90,33
E01000355,3. Associate professional and technical occupations,104,38,66
E01000355,4. Administrative and secretarial occupations,97,136,-39
E01000355,5. Skilled trades occupations,76,89,-13
E01000355,"6. Caring, leisure and other service occupations",45,53,-8
E01000355,7. Sales and customer service occupations,41,58,-17
E01000355,"8. Process, plant and machine operatives",56,54,2
E01000355,9. Elementary occupations,40,43,-3
E01000356,"1. Managers, directors and senior officials",106,64,42
E01000356,2. Professional occupations,156,90,66
E01000356,3. Associate professional and technical occupations,99,58,41
E01000356,4. Administrative and secretarial occupations,104,161,-57
E01000356,5. Skilled trades occupations,47,57,-10
E01000356,"6. Caring, leisure and other service occupations",44,53,-9
E01000356,7. Sales and customer service occupations,48,60,-12
E01000356,"8. Process, plant and machine operatives",32,46,-14
E01000356,9. Elementary occupations,42,43,-1
E01000357,"1. Managers, directors and senior officials",102,65,37
E01000357,2. Professional occupations,175,119,56
E01000357,3. Associate professional and technical occupations,98,46,52
E01000357,4. Administrative and secretarial occupations,117,144,-27
E01000357,5. Skilled trades occupations,68,81,-13
E01000357,"6. Caring, leisure and other service occupations",49,58,-9
E01000357,7. Sales and customer service occupations,40,65,-25
E01000357,"8. Process, plant and machine operatives",29,38,-9
E01000357,9. Elementary occupations,47,39,8
E01000358,"1. Managers, directors and senior officials",94,67,27
E01000358,2. Professional occupations,188,124,64
E01000358,3. Associate professional and technical occupations,109,62,47
E01000358,4. Administrative and secretarial occupations,108,163,-55
E01000358,5. Skilled trades occupations,91,95,-4
E01000358,"6. Caring, leisure and other service occupations",75,74,1
E01000358,7. Sales and customer service occupations,49,53,-4
E01000358,"8. Process, plant and machine operatives",34,55,-21
E01000358,9. Elementary occupations,43,54,-11
E01000359,"1. Managers, directors and senior officials",91,77,14
E01000359,2. Professional occupations,143,92,51
E01000359,3. Associate professional and technical occupations,98,46,52
E01000359,4. Administrative and secretarial occupations,82,131,-49
E01000359,5. Skilled trades occupations,56,54,2
E01000359,"6. Caring, leisure and other service occupations",46,65,-19
E01000359,7. Sales and customer service occupations,39,33,6
E01000359,"8. Process, plant and machine operatives",27,31,-4
E01000359,9. Elementary occupations,39,47,-8
E01000360,"1. Managers, directors and senior officials",131,70,61
E01000360,2. Professional occupations,172,147,25
E01000360,3. Associate professional and technical occupations,138,53,85
E01000360,4. Administrative and secretarial occupations,114,146,-32
E01000360,5. Skilled trades occupations,116,96,20
E01000360,"6. Caring, leisure and other service occupations",71,65,6
E01000360,7. Sales and customer service occupations,82,60,22
E01000360,"8. Process, plant and machine operatives",43,44,-1
E01000360,9. Elementary occupations,89,55,34
E01000361,"1. Managers, directors and senior officials",110,98,12
E01000361,2. Professional occupations,182,126,56
E01000361,3. Associate professional and technical occupations,125,63,62
E01000361,4. Administrative and secretarial occupations,116,128,-12
E01000361,5. Skilled trades occupations,94,96,-2
E01000361,"6. Caring, leisure and other service occupations",66,59,7
E01000361,7. Sales and customer service occupations,57,52,5
E01000361,"8. Process, plant and machine operatives",42,41,1
E01000361,9. Elementary occupations,55,67,-12
E01000362,"1. Managers, directors and senior officials",130,70,60
E01000362,2. Professional occupations,200,109,91
E01000362,3. Associate professional and technical occupations,133,48,85
E01000362,4. Administrative and secretarial occupations,137,118,19
E01000362,5. Skilled trades occupations,100,68,32
E01000362,"6. Caring, leisure and other service occupations",47,57,-10
E01000362,7. Sales and customer service occupations,66,72,-6
E01000362,"8. Process, plant and machine operatives",41,53,-12
E01000362,9. Elementary occupations,58,44,14
E01000363,"1. Managers, directors and senior officials",112,86,26
E01000363,2. Professional occupations,178,110,68
E01000363,3. Associate professional and technical occupations,99,57,42
E01000363,4. Administrative and secretarial occupations,94,143,-49
E01000363,5. Skilled trades occupations,75,75,0
E01000363,"6. Caring, leisure and other service occupations",49,57,-8
E01000363,7. Sales and customer service occupations,52,42,10
E01000363,"8. Process, plant and machine operatives",39,43,-4
E01000363,9. Elementary occupations,49,45,4
E01000364,"1. Managers, directors and senior officials",112,82,30
E01000364,2. Professional occupations,182,120,62
E01000364,3. Associate professional and technical occupations,110,50,60
E01000364,4. Administrative and secretarial occupations,111,144,-33
E01000364,5. Skilled trades occupations,80,88,-8
E01000364,"6. Caring, leisure and other service occupations",72,59,13
E01000364,7. Sales and customer service occupations,63,57,6
E01000364,"8. Process, plant and machine operatives",49,49,0
E01000364,9. Elementary occupations,53,55,-2
E01000365,"1. Managers, directors and senior officials",109,70,39
E01000365,2. Professional occupations,161,129,32
E01000365,3. Associate professional and technical occupations,107,57,50
E01000365,4. Administrative and secretarial occupations,104,130,-26
E01000365,5. Skilled trades occupations,76,82,-6
E01000365,"6. Caring, leisure and other service occupations",60,69,-9
E01000365,7. Sales and customer service occupations,54,59,-5
E01000365,"8. Process, plant and machine operatives",43,40,3
E01000365,9. Elementary occupations,65,54,11
E01000366,"1. Managers, directors and senior officials",122,98,24
E01000366,2. Professional occupations,224,147,77
E01000366,3. Associate professional and technical occupations,123,78,45
E01000366,4. Administrative and secretarial occupations,122,169,-47
E01000366,5. Skilled trades occupations,85,88,-3
E01000366,"6. Caring, leisure and other service occupations",55,68,-13
E01000366,7. Sales and customer service occupations,58,58,0
E01000366,"8. Process, plant and machine operatives",43,39,4
E01000366,9. Elementary occupations,34,48,-14
E01000367,"1. Managers, directors and senior officials",95,44,51
E01000367,2. Professional occupations,140,63,77
E01000367,3. Associate professional and technical occupations,109,35,74
E01000367,4. Administrative and secretarial occupations,119,100,19
E01000367,5. Skilled trades occupations,116,78,38
E01000367,"6. Caring, leisure and other service occupations",120,72,48
E01000367,7. Sales and customer service occupations,82,76,6
E01000367,"8. Process, plant and machine operatives",77,69,8
E01000367,9. Elementary occupations,120,108,12
E01000368,"1. Managers, directors and senior officials",60,53,7
E01000368,2. Professional occupations,96,64,32
E01000368,3. Associate professional and technical occupations,99,44,55
E01000368,4. Administrative and secretarial occupations,95,90,5
E01000368,5. Skilled trades occupations,100,70,30
E01000368,"6. Caring, leisure and other service occupations",72,66,6
E01000368,7. Sales and customer service occupations,64,74,-10
E01000368,"8. Process, plant and machine operatives",67,63,4
E01000368,9. Elementary occupations,100,94,6
E01000369,"1. Managers, directors and senior officials",111,65,46
E01000369,2. Professional occupations,128,115,13
E01000369,3. Associate professional and technical occupations,118,50,68
E01000369,4. Administrative and secretarial occupations,121,160,-39
E01000369,5. Skilled trades occupations,100,91,9
E01000369,"6. Caring, leisure and other service occupations",51,64,-13
E01000369,7. Sales and customer service occupations,59,77,-18
E01000369,"8. Process, plant and machine operatives",72,59,13
E01000369,9. Elementary occupations,74,89,-15
E01000370,"1. Managers, directors and senior officials",116,83,33
E01000370,2. Professional occupations,173,104,69
E01000370,3. Associate professional and technical occupations,97,58,39
E01000370,4. Administrative and secretarial occupations,108,150,-42
E01000370,5. Skilled trades occupations,73,93,-20
E01000370,"6. Caring, leisure and other service occupations",51,49,2
E01000370,7. Sales and customer service occupations,41,59,-18
E01000370,"8. Process, plant and machine operatives",41,45,-4
E01000370,9. Elementary occupations,45,61,-16
E01000371,"1. Managers, directors and senior officials",102,82,20
E01000371,2. Professional occupations,164,114,50
E01000371,3. Associate professional and technical occupations,123,56,67
E01000371,4. Administrative and secretarial occupations,103,152,-49
E01000371,5. Skilled trades occupations,112,111,1
E01000371,"6. Caring, leisure and other service occupations",66,66,0
E01000371,7. Sales and customer service occupations,61,59,2
E01000371,"8. Process, plant and machine operatives",51,53,-2
E01000371,9. Elementary occupations,54,61,-7
E01000372,"1. Managers, directors and senior officials",72,44,28
E01000372,2. Professional occupations,142,78,64
E01000372,3. Associate professional and technical occupations,72,34,38
E01000372,4. Administrative and secretarial occupations,71,91,-20
E01000372,5. Skilled trades occupations,91,81,10
E01000372,"6. Caring, leisure and other service occupations",77,88,-11
E01000372,7. Sales and customer service occupations,68,66,2
E01000372,"8. Process, plant and machine operatives",69,72,-3
E01000372,9. Elementary occupations,75,88,-13
E01000373,"1. Managers, directors and senior officials",51,28,23
E01000373,2. Professional occupations,140,59,81
E01000373,3. Associate professional and technical occupations,81,27,54
E01000373,4. Administrative and secretarial occupations,74,62,12
E01000373,5. Skilled trades occupations,53,44,9
E01000373,"6. Caring, leisure and other service occupations",64,87,-23
E01000373,7. Sales and customer service occupations,53,67,-14
E01000373,"8. Process, plant and machine operatives",44,67,-23
E01000373,9. Elementary occupations,80,115,-35
E01000374,"1. Managers, directors and senior officials",51,39,12
E01000374,2. Professional occupations,112,64,48
E01000374,3. Associate professional and technical occupations,71,21,50
E01000374,4. Administrative and secretarial occupations,68,56,12
E01000374,5. Skilled trades occupations,65,84,-19
E01000374,"6. Caring, leisure and other service occupations",76,61,15
E01000374,7. Sales and customer service occupations,58,51,7
E01000374,"8. Process, plant and machine operatives",63,69,-6
E01000374,9. Elementary occupations,85,94,-9
E01000375,"1. Managers, directors and senior officials",131,58,73
E01000375,2. Professional occupations,200,85,115
E01000375,3. Associate professional and technical occupations,155,48,107
E01000375,4. Administrative and secretarial occupations,129,90,39
E01000375,5. Skilled trades occupations,109,72,37
E01000375,"6. Caring, leisure and other service occupations",78,50,28
E01000375,7. Sales and customer service occupations,95,76,19
E01000375,"8. Process, plant and machine operatives",95,49,46
E01000375,9. Elementary occupations,116,90,26
E01000376,"1. Managers, directors and senior officials",101,80,21
E01000376,2. Professional occupations,171,80,91
E01000376,3. Associate professional and technical occupations,112,56,56
E01000376,4. Administrative and secretarial occupations,118,135,-17
E01000376,5. Skilled trades occupations,111,84,27
E01000376,"6. Caring, leisure and other service occupations",76,70,6
E01000376,7. Sales and customer service occupations,63,59,4
E01000376,"8. Process, plant and machine operatives",48,68,-20
E01000376,9. Elementary occupations,70,68,2
E01000377,"1. Managers, directors and senior officials",116,70,46
E01000377,2. Professional occupations,127,113,14
E01000377,3. Associate professional and technical occupations,114,51,63
E01000377,4. Administrative and secretarial occupations,95,131,-36
E01000377,5. Skilled trades occupations,83,80,3
E01000377,"6. Caring, leisure and other service occupations",48,55,-7
E01000377,7. Sales and customer service occupations,47,59,-12
E01000377,"8. Process, plant and machine operatives",56,51,5
E01000377,9. Elementary occupations,48,49,-1
E01000379,"1. Managers, directors and senior officials",108,71,37
E01000379,2. Professional occupations,174,111,63
E01000379,3. Associate professional and technical occupations,129,61,68
E01000379,4. Administrative and secretarial occupations,112,137,-25
E01000379,5. Skilled trades occupations,81,90,-9
E01000379,"6. Caring, leisure and other service occupations",61,72,-11
E01000379,7. Sales and customer service occupations,72,60,12
E01000379,"8. Process, plant and machine operatives",66,51,15
E01000379,9. Elementary occupations,71,73,-2
E01000380,"1. Managers, directors and senior officials",72,56,16
E01000380,2. Professional occupations,129,78,51
E01000380,3. Associate professional and technical occupations,120,43,77
E01000380,4. Administrative and secretarial occupations,124,127,-3
E01000380,5. Skilled trades occupations,108,69,39
E01000380,"6. Caring, leisure and other service occupations",84,76,8
E01000380,7. Sales and customer service occupations,72,70,2
E01000380,"8. Process, plant and machine operatives",88,69,19
E01000380,9. Elementary occupations,105,98,7
E01000381,"1. Managers, directors and senior officials",80,51,29
E01000381,2. Professional occupations,145,113,32
E01000381,3. Associate professional and technical occupations,95,46,49
E01000381,4. Administrative and secretarial occupations,115,124,-9
E01000381,5. Skilled trades occupations,82,79,3
E01000381,"6. Caring, leisure and other service occupations",62,72,-10
E01000381,7. Sales and customer service occupations,42,64,-22
E01000381,"8. Process, plant and machine operatives",47,63,-16
E01000381,9. Elementary occupations,49,73,-24
E01000382,"1. Managers, directors and senior officials",146,88,58
E01000382,2. Professional occupations,203,131,72
E01000382,3. Associate professional and technical occupations,108,61,47
E01000382,4. Administrative and secretarial occupations,113,132,-19
E01000382,5. Skilled trades occupations,61,61,0
E01000382,"6. Caring, leisure and other service occupations",42,61,-19
E01000382,7. Sales and customer service occupations,32,48,-16
E01000382,"8. Process, plant and machine operatives",32,29,3
E01000382,9. Elementary occupations,28,41,-13
E01000383,"1. Managers, directors and senior officials",111,74,37
E01000383,2. Professional occupations,139,97,42
E01000383,3. Associate professional and technical occupations,91,53,38
E01000383,4. Administrative and secretarial occupations,97,109,-12
E01000383,5. Skilled trades occupations,85,87,-2
E01000383,"6. Caring, leisure and other service occupations",66,60,6
E01000383,7. Sales and customer service occupations,45,48,-3
E01000383,"8. Process, plant and machine operatives",45,61,-16
E01000383,9. Elementary occupations,46,54,-8
E01000384,"1. Managers, directors and senior officials",134,84,50
E01000384,2. Professional occupations,198,138,60
E01000384,3. Associate professional and technical occupations,128,76,52
E01000384,4. Administrative and secretarial occupations,130,149,-19
E01000384,5. Skilled trades occupations,77,89,-12
E01000384,"6. Caring, leisure and other service occupations",61,51,10
E01000384,7. Sales and customer service occupations,48,60,-12
E01000384,"8. Process, plant and machine operatives",42,50,-8
E01000384,9. Elementary occupations,52,54,-2
E01000385,"1. Managers, directors and senior officials",87,61,26
E01000385,2. Professional occupations,152,100,52
E01000385,3. Associate professional and technical occupations,108,55,53
E01000385,4. Administrative and secretarial occupations,89,123,-34
E01000385,5. Skilled trades occupations,86,82,4
E01000385,"6. Caring, leisure and other service occupations",98,83,15
E01000385,7. Sales and customer service occupations,77,76,1
E01000385,"8. Process, plant and machine operatives",51,64,-13
E01000385,9. Elementary occupations,91,89,2
E01000386,"1. Managers, directors and senior officials",60,38,22
E01000386,2. Professional occupations,103,69,34
E01000386,3. Associate professional and technical occupations,70,31,39
E01000386,4. Administrative and secretarial occupations,58,84,-26
E01000386,5. Skilled trades occupations,73,68,5
E01000386,"6. Caring, leisure and other service occupations",89,55,34
E01000386,7. Sales and customer service occupations,51,64,-13
E01000386,"8. Process, plant and machine operatives",68,44,24
E01000386,9. Elementary occupations,63,71,-8
E01000387,"1. Managers, directors and senior officials",106,78,28
E01000387,2. Professional occupations,166,113,53
E01000387,3. Associate professional and technical occupations,124,41,83
E01000387,4. Administrative and secretarial occupations,108,146,-38
E01000387,5. Skilled trades occupations,74,75,-1
E01000387,"6. Caring, leisure and other service occupations",63,44,19
E01000387,7. Sales and customer service occupations,38,57,-19
E01000387,"8. Process, plant and machine operatives",43,44,-1
E01000387,9. Elementary occupations,39,52,-13
E01000388,"1. Managers, directors and senior officials",99,75,24
E01000388,2. Professional occupations,160,103,57
E01000388,3. Associate professional and technical occupations,94,33,61
E01000388,4. Administrative and secretarial occupations,109,149,-40
E01000388,5. Skilled trades occupations,66,84,-18
E01000388,"6. Caring, leisure and other service occupations",41,62,-21
E01000388,7. Sales and customer service occupations,40,54,-14
E01000388,"8. Process, plant and machine operatives",35,30,5
E01000388,9. Elementary occupations,39,36,3
E01000389,"1. Managers, directors and senior officials",148,113,35
E01000389,2. Professional occupations,196,131,65
E01000389,3. Associate professional and technical occupations,121,51,70
E01000389,4. Administrative and secretarial occupations,108,149,-41
E01000389,5. Skilled trades occupations,64,87,-23
E01000389,"6. Caring, leisure and other service occupations",54,58,-4
E01000389,7. Sales and customer service occupations,40,61,-21
E01000389,"8. Process, plant and machine operatives",31,45,-14
E01000389,9. Elementary occupations,49,48,1
E01000390,"1. Managers, directors and senior officials",78,56,22
E01000390,2. Professional occupations,144,84,60
E01000390,3. Associate professional and technical occupations,100,40,60
E01000390,4. Administrative and secretarial occupations,101,142,-41
E01000390,5. Skilled trades occupations,78,70,8
E01000390,"6. Caring, leisure and other service occupations",37,49,-12
E01000390,7. Sales and customer service occupations,38,45,-7
E01000390,"8. Process, plant and machine operatives",26,38,-12
E01000390,9. Elementary occupations,32,46,-14
E01000391,"1. Managers, directors and senior officials",101,70,31
E01000391,2. Professional occupations,160,87,73
E01000391,3. Associate professional and technical occupations,112,57,55
E01000391,4. Administrative and secretarial occupations,120,140,-20
E01000391,5. Skilled trades occupations,106,130,-24
E01000391,"6. Caring, leisure and other service occupations",85,99,-14
E01000391,7. Sales and customer service occupations,61,85,-24
E01000391,"8. Process, plant and machine operatives",54,62,-8
E01000391,9. Elementary occupations,86,73,13
E01000392,"1. Managers, directors and senior officials",114,67,47
E01000392,2. Professional occupations,191,96,95
E01000392,3. Associate professional and technical occupations,119,39,80
E01000392,4. Administrative and secretarial occupations,119,143,-24
E01000392,5. Skilled trades occupations,120,92,28
E01000392,"6. Caring, leisure and other service occupations",102,83,19
E01000392,7. Sales and customer service occupations,75,67,8
E01000392,"8. Process, plant and machine operatives",47,43,4
E01000392,9. Elementary occupations,102,96,6
E01000393,"1. Managers, directors and senior officials",100,93,7
E01000393,2. Professional occupations,202,106,96
E01000393,3. Associate professional and technical occupations,111,63,48
E01000393,4. Administrative and secretarial occupations,113,161,-48
E01000393,5. Skilled trades occupations,99,100,-1
E01000393,"6. Caring, leisure and other service occupations",69,73,-4
E01000393,7. Sales and customer service occupations,66,82,-16
E01000393,"8. Process, plant and machine operatives",43,44,-1
E01000393,9. Elementary occupations,64,63,1
E01000394,"1. Managers, directors and senior officials",115,92,23
E01000394,2. Professional occupations,200,101,99
E01000394,3. Associate professional and technical occupations,126,43,83
E01000394,4. Administrative and secretarial occupations,117,141,-24
E01000394,5. Skilled trades occupations,69,68,1
E01000394,"6. Caring, leisure and other service occupations",51,52,-1
E01000394,7. Sales and customer service occupations,40,48,-8
E01000394,"8. Process, plant and machine operatives",15,45,-30
E01000394,9. Elementary occupations,49,47,2
E01000395,"1. Managers, directors and senior officials",108,74,34
E01000395,2. Professional occupations,175,103,72
E01000395,3. Associate professional and technical occupations,99,53,46
E01000395,4. Administrative and secretarial occupations,117,140,-23
E01000395,5. Skilled trades occupations,89,95,-6
E01000395,"6. Caring, leisure and other service occupations",59,54,5
E01000395,7. Sales and customer service occupations,47,51,-4
E01000395,"8. Process, plant and machine operatives",48,48,0
E01000395,9. Elementary occupations,44,45,-1
E01000396,"1. Managers, directors and senior officials",93,72,21
E01000396,2. Professional occupations,151,96,55
E01000396,3. Associate professional and technical occupations,117,52,65
E01000396,4. Administrative and secretarial occupations,113,148,-35
E01000396,5. Skilled trades occupations,83,77,6
E01000396,"6. Caring, leisure and other service occupations",55,66,-11
E01000396,7. Sales and customer service occupations,49,56,-7
E01000396,"8. Process, plant and machine operatives",42,52,-10
E01000396,9. Elementary occupations,53,53,0
E01000398,"1. Managers, directors and senior officials",84,52,32
E01000398,2. Professional occupations,110,77,33
E01000398,3. Associate professional and technical occupations,94,42,52
E01000398,4. Administrative and secretarial occupations,97,142,-45
E01000398,5. Skilled trades occupations,85,82,3
E01000398,"6. Caring, leisure and other service occupations",62,68,-6
E01000398,7. Sales and customer service occupations,57,68,-11
E01000398,"8. Process, plant and machine operatives",61,63,-2
E01000398,9. Elementary occupations,71,66,5
E01000399,"1. Managers, directors and senior officials",105,67,38
E01000399,2. Professional occupations,151,87,64
E01000399,3. Associate professional and technical occupations,102,56,46
E01000399,4. Administrative and secretarial occupations,85,130,-45
E01000399,5. Skilled trades occupations,101,88,13
E01000399,"6. Caring, leisure and other service occupations",51,68,-17
E01000399,7. Sales and customer service occupations,51,63,-12
E01000399,"8. Process, plant and machine operatives",52,49,3
E01000399,9. Elementary occupations,75,66,9
E01000400,"1. Managers, directors and senior officials",89,67,22
E01000400,2. Professional occupations,176,91,85
E01000400,3. Associate professional and technical occupations,98,50,48
E01000400,4. Administrative and secretarial occupations,101,148,-47
E01000400,5. Skilled trades occupations,79,89,-10
E01000400,"6. Caring, leisure and other service occupations",61,67,-6
E01000400,7. Sales and customer service occupations,61,73,-12
E01000400,"8. Process, plant and machine operatives",33,51,-18
E01000400,9. Elementary occupations,71,62,9
E01000401,"1. Managers, directors and senior officials",78,61,17
E01000401,2. Professional occupations,133,83,50
E01000401,3. Associate professional and technical occupations,91,26,65
E01000401,4. Administrative and secretarial occupations,99,131,-32
E01000401,5. Skilled trades occupations,108,100,8
E01000401,"6. Caring, leisure and other service occupations",83,79,4
E01000401,7. Sales and customer service occupations,57,65,-8
E01000401,"8. Process, plant and machine operatives",42,51,-9
E01000401,9. Elementary occupations,80,96,-16
E01000402,"1. Managers, directors and senior officials",69,64,5
E01000402,2. Professional occupations,115,96,19
E01000402,3. Associate professional and technical occupations,94,54,40
E01000402,4. Administrative and secretarial occupations,71,126,-55
E01000402,5. Skilled trades occupations,76,72,4
E01000402,"6. Caring, leisure and other service occupations",93,68,25
E01000402,7. Sales and customer service occupations,51,48,3
E01000402,"8. Process, plant and machine operatives",58,60,-2
E01000402,9. Elementary occupations,95,69,26
E01000403,"1. Managers, directors and senior officials",108,90,18
E01000403,2. Professional occupations,185,115,70
E01000403,3. Associate professional and technical occupations,122,37,85
E01000403,4. Administrative and secretarial occupations,109,154,-45
E01000403,5. Skilled trades occupations,76,78,-2
E01000403,"6. Caring, leisure and other service occupations",110,87,23
E01000403,7. Sales and customer service occupations,81,78,3
E01000403,"8. Process, plant and machine operatives",89,68,21
E01000403,9. Elementary occupations,111,97,14
E01000404,"1. Managers, directors and senior officials",89,86,3
E01000404,2. Professional occupations,176,146,30
E01000404,3. Associate professional and technical occupations,135,69,66
E01000404,4. Administrative and secretarial occupations,87,137,-50
E01000404,5. Skilled trades occupations,79,91,-12
E01000404,"6. Caring, leisure and other service occupations",126,100,26
E01000404,7. Sales and customer service occupations,106,108,-2
E01000404,"8. Process, plant and machine operatives",84,82,2
E01000404,9. Elementary occupations,133,112,21
E01000405,"1. Managers, directors and senior officials",72,57,15
E01000405,2. Professional occupations,128,89,39
E01000405,3. Associate professional and technical occupations,112,45,67
E01000405,4. Administrative and secretarial occupations,81,84,-3
E01000405,5. Skilled trades occupations,78,47,31
E01000405,"6. Caring, leisure and other service occupations",76,70,6
E01000405,7. Sales and customer service occupations,63,60,3
E01000405,"8. Process, plant and machine operatives",62,54,8
E01000405,9. Elementary occupations,83,104,-21
E01000406,"1. Managers, directors and senior officials",97,63,34
E01000406,2. Professional occupations,231,109,122
E01000406,3. Associate professional and technical occupations,137,36,101
E01000406,4. Administrative and secretarial occupations,129,91,38
E01000406,5. Skilled trades occupations,116,86,30
E01000406,"6. Caring, leisure and other service occupations",118,76,42
E01000406,7. Sales and customer service occupations,86,77,9
E01000406,"8. Process, plant and machine operatives",80,81,-1
E01000406,9. Elementary occupations,115,92,23
E01000407,"1. Managers, directors and senior officials",112,69,43
E01000407,2. Professional occupations,226,99,127
E01000407,3. Associate professional and technical occupations,108,41,67
E01000407,4. Administrative and secretarial occupations,119,102,17
E01000407,5. Skilled trades occupations,83,64,19
E01000407,"6. Caring, leisure and other service occupations",85,66,19
E01000407,7. Sales and customer service occupations,58,45,13
E01000407,"8. Process, plant and machine operatives",55,45,10
E01000407,9. Elementary occupations,66,64,2
E01000408,"1. Managers, directors and senior officials",77,58,19
E01000408,2. Professional occupations,141,90,51
E01000408,3. Associate professional and technical occupations,85,49,36
E01000408,4. Administrative and secretarial occupations,106,121,-15
E01000408,5. Skilled trades occupations,77,67,10
E01000408,"6. Caring, leisure and other service occupations",92,73,19
E01000408,7. Sales and customer service occupations,60,75,-15
E01000408,"8. Process, plant and machine operatives",88,62,26
E01000408,9. Elementary occupations,115,103,12
E01000409,"1. Managers, directors and senior officials",113,72,41
E01000409,2. Professional occupations,179,107,72
E01000409,3. Associate professional and technical occupations,119,45,74
E01000409,4. Administrative and secretarial occupations,158,184,-26
E01000409,5. Skilled trades occupations,89,105,-16
E01000409,"6. Caring, leisure and other service occupations",60,74,-14
E01000409,7. Sales and customer service occupations,48,66,-18
E01000409,"8. Process, plant and machine operatives",55,68,-13
E01000409,9. Elementary occupations,72,69,3
E01000410,"1. Managers, directors and senior officials",106,59,47
E01000410,2. Professional occupations,174,116,58
E01000410,3. Associate professional and technical occupations,129,47,82
E01000410,4. Administrative and secretarial occupations,137,160,-23
E01000410,5. Skilled trades occupations,94,96,-2
E01000410,"6. Caring, leisure and other service occupations",72,77,-5
E01000410,7. Sales and customer service occupations,61,64,-3
E01000410,"8. Process, plant and machine operatives",57,59,-2
E01000410,9. Elementary occupations,61,71,-10
E01000411,"1. Managers, directors and senior officials",103,69,34
E01000411,2. Professional occupations,140,65,75
E01000411,3. Associate professional and technical occupations,101,41,60
E01000411,4. Administrative and secretarial occupations,95,157,-62
E01000411,5. Skilled trades occupations,110,94,16
E01000411,"6. Caring, leisure and other service occupations",75,64,11
E01000411,7. Sales and customer service occupations,41,63,-22
E01000411,"8. Process, plant and machine operatives",43,57,-14
E01000411,9. Elementary occupations,38,35,3
E01000412,"1. Managers, directors and senior officials",115,90,25
E01000412,2. Professional occupations,182,115,67
E01000412,3. Associate professional and technical occupations,134,57,77
E01000412,4. Administrative and secretarial occupations,131,181,-50
E01000412,5. Skilled trades occupations,118,103,15
E01000412,"6. Caring, leisure and other service occupations",78,59,19
E01000412,7. Sales and customer service occupations,59,70,-11
E01000412,"8. Process, plant and machine operatives",57,65,-8
E01000412,9. Elementary occupations,88,67,21
E01000413,"1. Managers, directors and senior officials",58,56,2
E01000413,2. Professional occupations,111,75,36
E01000413,3. Associate professional and technical occupations,91,25,66
E01000413,4. Administrative and secretarial occupations,112,144,-32
E01000413,5. Skilled trades occupations,99,98,1
E01000413,"6. Caring, leisure and other service occupations",62,58,4
E01000413,7. Sales and customer service occupations,49,64,-15
E01000413,"8. Process, plant and machine operatives",65,62,3
E01000413,9. Elementary occupations,51,65,-14
E01000414,"1. Managers, directors and senior officials",115,85,30
E01000414,2. Professional occupations,171,90,81
E01000414,3. Associate professional and technical occupations,146,55,91
E01000414,4. Administrative and secretarial occupations,123,134,-11
E01000414,5. Skilled trades occupations,102,96,6
E01000414,"6. Caring, leisure and other service occupations",70,70,0
E01000414,7. Sales and customer service occupations,55,61,-6
E01000414,"8. Process, plant and machine operatives",50,51,-1
E01000414,9. Elementary occupations,88,82,6
E01000415,"1. Managers, directors and senior officials",91,78,13
E01000415,2. Professional occupations,132,96,36
E01000415,3. Associate professional and technical occupations,119,51,68
E01000415,4. Administrative and secretarial occupations,113,135,-22
E01000415,5. Skilled trades occupations,88,107,-19
E01000415,"6. Caring, leisure and other service occupations",49,61,-12
E01000415,7. Sales and customer service occupations,40,61,-21
E01000415,"8. Process, plant and machine operatives",37,41,-4
E01000415,9. Elementary occupations,53,58,-5
E01000416,"1. Managers, directors and senior officials",66,50,16
E01000416,2. Professional occupations,123,82,41
E01000416,3. Associate professional and technical occupations,72,30,42
E01000416,4. Administrative and secretarial occupations,36,87,-51
E01000416,5. Skilled trades occupations,72,80,-8
E01000416,"6. Caring, leisure and other service occupations",99,77,22
E01000416,7. Sales and customer service occupations,73,65,8
E01000416,"8. Process, plant and machine operatives",73,55,18
E01000416,9. Elementary occupations,122,108,14
E01000417,"1. Managers, directors and senior officials",110,70,40
E01000417,2. Professional occupations,150,126,24
E01000417,3. Associate professional and technical occupations,106,40,66
E01000417,4. Administrative and secretarial occupations,84,139,-55
E01000417,5. Skilled trades occupations,88,92,-4
E01000417,"6. Caring, leisure and other service occupations",82,76,6
E01000417,7. Sales and customer service occupations,64,56,8
E01000417,"8. Process, plant and machine operatives",61,61,0
E01000417,9. Elementary occupations,75,67,8
E01000418,"1. Managers, directors and senior officials",98,57,41
E01000418,2. Professional occupations,163,122,41
E01000418,3. Associate professional and technical occupations,129,63,66
E01000418,4. Administrative and secretarial occupations,103,139,-36
E01000418,5. Skilled trades occupations,98,114,-16
E01000418,"6. Caring, leisure and other service occupations",90,96,-6
E01000418,7. Sales and customer service occupations,64,90,-26
E01000418,"8. Process, plant and machine operatives",71,63,8
E01000418,9. Elementary occupations,136,111,25
E01000419,"1. Managers, directors and senior officials",76,59,17
E01000419,2. Professional occupations,138,88,50
E01000419,3. Associate professional and technical occupations,95,49,46
E01000419,4. Administrative and secretarial occupations,84,114,-30
E01000419,5. Skilled trades occupations,84,86,-2
E01000419,"6. Caring, leisure and other service occupations",65,70,-5
E01000419,7. Sales and customer service occupations,46,58,-12
E01000419,"8. Process, plant and machine operatives",56,45,11
E01000419,9. Elementary occupations,54,62,-8
E01000420,"1. Managers, directors and senior officials",86,78,8
E01000420,2. Professional occupations,136,100,36
E01000420,3. Associate professional and technical occupations,117,56,61
E01000420,4. Administrative and secretarial occupations,86,123,-37
E01000420,5. Skilled trades occupations,80,77,3
E01000420,"6. Caring, leisure and other service occupations",78,77,1
E01000420,7. Sales and customer service occupations,58,67,-9
E01000420,"8. Process, plant and machine operatives",46,60,-14
E01000420,9. Elementary occupations,46,58,-12
E01000421,"1. Managers, directors and senior officials",105,65,40
E01000421,2. Professional occupations,150,89,61
E01000421,3. Associate professional and technical occupations,112,48,64
E01000421,4. Administrative and secretarial occupations,122,126,-4
E01000421,5. Skilled trades occupations,75,62,13
E01000421,"6. Caring, leisure and other service occupations",56,56,0
E01000421,7. Sales and customer service occupations,51,67,-16
E01000421,"8. Process, plant and machine operatives",44,50,-6
E01000421,9. Elementary occupations,34,42,-8
E01000422,"1. Managers, directors and senior officials",34,34,0
E01000422,2. Professional occupations,96,77,19
E01000422,3. Associate professional and technical occupations,76,37,39
E01000422,4. Administrative and secretarial occupations,32,66,-34
E01000422,5. Skilled trades occupations,34,40,-6
E01000422,"6. Caring, leisure and other service occupations",104,100,4
E01000422,7. Sales and customer service occupations,49,75,-26
E01000422,"8. Process, plant and machine operatives",43,46,-3
E01000422,9. Elementary occupations,97,134,-37
E01000423,"1. Managers, directors and senior officials",111,75,36
E01000423,2. Professional occupations,189,135,54
E01000423,3. Associate professional and technical occupations,106,73,33
E01000423,4. Administrative and secretarial occupations,105,151,-46
E01000423,5. Skilled trades occupations,92,74,18
E01000423,"6. Caring, leisure and other service occupations",50,70,-20
E01000423,7. Sales and customer service occupations,43,50,-7
E01000423,"8. Process, plant and machine operatives",30,46,-16
E01000423,9. Elementary occupations,35,50,-15
E01000424,"1. Managers, directors and senior officials",159,122,37
E01000424,2. Professional occupations,227,183,44
E01000424,3. Associate professional and technical occupations,168,77,91
E01000424,4. Administrative and secretarial occupations,127,170,-43
E01000424,5. Skilled trades occupations,51,67,-16
E01000424,"6. Caring, leisure and other service occupations",44,43,1
E01000424,7. Sales and customer service occupations,43,49,-6
E01000424,"8. Process, plant and machine operatives",16,23,-7
E01000424,9. Elementary occupations,33,45,-12
E01000425,"1. Managers, directors and senior officials",140,77,63
E01000425,2. Professional occupations,203,132,71
E01000425,3. Associate professional and technical occupations,133,65,68
E01000425,4. Administrative and secretarial occupations,117,153,-36
E01000425,5. Skilled trades occupations,70,89,-19
E01000425,"6. Caring, leisure and other service occupations",49,61,-12
E01000425,7. Sales and customer service occupations,26,52,-26
E01000425,"8. Process, plant and machine operatives",33,40,-7
E01000425,9. Elementary occupations,33,55,-22
E01000426,"1. Managers, directors and senior officials",120,103,17
E01000426,2. Professional occupations,203,162,41
E01000426,3. Associate professional and technical occupations,168,61,107
E01000426,4. Administrative and secretarial occupations,117,153,-36
E01000426,5. Skilled trades occupations,98,81,17
E01000426,"6. Caring, leisure and other service occupations",76,68,8
E01000426,7. Sales and customer service occupations,47,67,-20
E01000426,"8. Process, plant and machine operatives",41,34,7
E01000426,9. Elementary occupations,45,66,-21
E01000427,"1. Managers, directors and senior officials",127,90,37
E01000427,2. Professional occupations,196,158,38
E01000427,3. Associate professional and technical occupations,139,62,77
E01000427,4. Administrative and secretarial occupations,140,143,-3
E01000427,5. Skilled trades occupations,91,80,11
E01000427,"6. Caring, leisure and other service occupations",71,84,-13
E01000427,7. Sales and customer service occupations,50,57,-7
E01000427,"8. Process, plant and machine operatives",39,50,-11
E01000427,9. Elementary occupations,63,61,2
E01000428,"1. Managers, directors and senior officials",94,75,19
E01000428,2. Professional occupations,188,164,24
E01000428,3. Associate professional and technical occupations,155,55,100
E01000428,4. Administrative and secretarial occupations,115,116,-1
E01000428,5. Skilled trades occupations,76,59,17
E01000428,"6. Caring, leisure and other service occupations",65,77,-12
E01000428,7. Sales and customer service occupations,70,63,7
E01000428,"8. Process, plant and machine operatives",41,35,6
E01000428,9. Elementary occupations,48,51,-3
E01000429,"1. Managers, directors and senior officials",60,33,27
E01000429,2. Professional occupations,109,80,29
E01000429,3. Associate professional and technical occupations,90,35,55
E01000429,4. Administrative and secretarial occupations,61,101,-40
E01000429,5. Skilled trades occupations,55,62,-7
E01000429,"6. Caring, leisure and other service occupations",102,70,32
E01000429,7. Sales and customer service occupations,68,83,-15
E01000429,"8. Process, plant and machine operatives",64,61,3
E01000429,9. Elementary occupations,116,117,-1
E01000430,"1. Managers, directors and senior officials",88,58,30
E01000430,2. Professional occupations,234,145,89
E01000430,3. Associate professional and technical occupations,112,64,48
E01000430,4. Administrative and secretarial occupations,94,135,-41
E01000430,5. Skilled trades occupations,62,66,-4
E01000430,"6. Caring, leisure and other service occupations",125,60,65
E01000430,7. Sales and customer service occupations,87,67,20
E01000430,"8. Process, plant and machine operatives",76,68,8
E01000430,9. Elementary occupations,114,99,15
E01000431,"1. Managers, directors and senior officials",40,41,-1
E01000431,2. Professional occupations,89,72,17
E01000431,3. Associate professional and technical occupations,53,28,25
E01000431,4. Administrative and secretarial occupations,54,77,-23
E01000431,5. Skilled trades occupations,47,47,0
E01000431,"6. Caring, leisure and other service occupations",68,91,-23
E01000431,7. Sales and customer service occupations,54,74,-20
E01000431,"8. Process, plant and machine operatives",30,56,-26
E01000431,9. Elementary occupations,55,137,-82
E01000433,"1. Managers, directors and senior officials",44,53,-9
E01000433,2. Professional occupations,127,80,47
E01000433,3. Associate professional and technical occupations,72,45,27
E01000433,4. Administrative and secretarial occupations,88,94,-6
E01000433,5. Skilled trades occupations,101,77,24
E01000433,"6. Caring, leisure and other service occupations",112,67,45
E01000433,7. Sales and customer service occupations,83,68,15
E01000433,"8. Process, plant and machine operatives",72,72,0
E01000433,9. Elementary occupations,124,98,26
E01000434,"1. Managers, directors and senior officials",51,37,14
E01000434,2. Professional occupations,74,43,31
E01000434,3. Associate professional and technical occupations,81,30,51
E01000434,4. Administrative and secretarial occupations,63,73,-10
E01000434,5. Skilled trades occupations,80,61,19
E01000434,"6. Caring, leisure and other service occupations",77,79,-2
E01000434,7. Sales and customer service occupations,66,52,14
E01000434,"8. Process, plant and machine operatives",76,69,7
E01000434,9. Elementary occupations,116,108,8
E01000435,"1. Managers, directors and senior officials",56,44,12
E01000435,2. Professional occupations,120,68,52
E01000435,3. Associate professional and technical occupations,86,34,52
E01000435,4. Administrative and secretarial occupations,68,102,-34
E01000435,5. Skilled trades occupations,63,83,-20
E01000435,"6. Caring, leisure and other service occupations",66,58,8
E01000435,7. Sales and customer service occupations,68,59,9
E01000435,"8. Process, plant and machine operatives",59,55,4
E01000435,9. Elementary occupations,82,59,23
E01000436,"1. Managers, directors and senior officials",123,81,42
E01000436,2. Professional occupations,175,135,40
E01000436,3. Associate professional and technical occupations,110,59,51
E01000436,4. Administrative and secretarial occupations,159,153,6
E01000436,5. Skilled trades occupations,86,102,-16
E01000436,"6. Caring, leisure and other service occupations",64,65,-1
E01000436,7. Sales and customer service occupations,50,69,-19
E01000436,"8. Process, plant and machine operatives",45,53,-8
E01000436,9. Elementary occupations,52,53,-1
E01000437,"1. Managers, directors and senior officials",78,61,17
E01000437,2. Professional occupations,124,67,57
E01000437,3. Associate professional and technical occupations,89,38,51
E01000437,4. Administrative and secretarial occupations,106,114,-8
E01000437,5. Skilled trades occupations,89,78,11
E01000437,"6. Caring, leisure and other service occupations",57,66,-9
E01000437,7. Sales and customer service occupations,49,70,-21
E01000437,"8. Process, plant and machine operatives",50,50,0
E01000437,9. Elementary occupations,72,40,32
E01000438,"1. Managers, directors and senior officials",84,64,20
E01000438,2. Professional occupations,140,87,53
E01000438,3. Associate professional and technical occupations,80,44,36
E01000438,4. Administrative and secretarial occupations,105,122,-17
E01000438,5. Skilled trades occupations,105,121,-16
E01000438,"6. Caring, leisure and other service occupations",69,78,-9
E01000438,7. Sales and customer service occupations,64,82,-18
E01000438,"8. Process, plant and machine operatives",60,71,-11
E01000438,9. Elementary occupations,79,75,4
E01000439,"1. Managers, directors and senior officials",76,62,14
E01000439,2. Professional occupations,83,57,26
E01000439,3. Associate professional and technical occupations,95,35,60
E01000439,4. Administrative and secretarial occupations,101,117,-16
E01000439,5. Skilled trades occupations,76,72,4
E01000439,"6. Caring, leisure and other service occupations",59,69,-10
E01000439,7. Sales and customer service occupations,47,70,-23
E01000439,"8. Process, plant and machine operatives",54,69,-15
E01000439,9. Elementary occupations,56,74,-18
E01000440,"1. Managers, directors and senior officials",82,58,24
E01000440,2. Professional occupations,137,90,47
E01000440,3. Associate professional and technical occupations,82,48,34
E01000440,4. Administrative and secretarial occupations,103,134,-31
E01000440,5. Skilled trades occupations,73,85,-12
E01000440,"6. Caring, leisure and other service occupations",50,61,-11
E01000440,7. Sales and customer service occupations,52,58,-6
E01000440,"8. Process, plant and machine operatives",45,54,-9
E01000440,9. Elementary occupations,55,60,-5
E01000441,"1. Managers, directors and senior officials",74,71,3
E01000441,2. Professional occupations,121,78,43
E01000441,3. Associate professional and technical occupations,107,40,67
E01000441,4. Administrative and secretarial occupations,102,122,-20
E01000441,5. Skilled trades occupations,93,75,18
E01000441,"6. Caring, leisure and other service occupations",85,71,14
E01000441,7. Sales and customer service occupations,63,80,-17
E01000441,"8. Process, plant and machine operatives",57,58,-1
E01000441,9. Elementary occupations,84,76,8
E01000442,"1. Managers, directors and senior officials",110,77,33
E01000442,2. Professional occupations,134,77,57
E01000442,3. Associate professional and technical occupations,113,46,67
E01000442,4. Administrative and secretarial occupations,138,136,2
E01000442,5. Skilled trades occupations,73,77,-4
E01000442,"6. Caring, leisure and other service occupations",64,73,-9
E01000442,7. Sales and customer service occupations,49,65,-16
E01000442,"8. Process, plant and machine operatives",68,73,-5
E01000442,9. Elementary occupations,65,74,-9
E01000443,"1. Managers, directors and senior officials",79,57,22
E01000443,2. Professional occupations,132,87,45
E01000443,3. Associate professional and technical occupations,94,42,52
E01000443,4. Administrative and secretarial occupations,106,112,-6
E01000443,5. Skilled trades occupations,79,65,14
E01000443,"6. Caring, leisure and other service occupations",44,44,0
E01000443,7. Sales and customer service occupations,36,48,-12
E01000443,"8. Process, plant and machine operatives",31,34,-3
E01000443,9. Elementary occupations,45,51,-6
E01000444,"1. Managers, directors and senior officials",158,114,44
E01000444,2. Professional occupations,184,152,32
E01000444,3. Associate professional and technical occupations,121,54,67
E01000444,4. Administrative and secretarial occupations,114,153,-39
E01000444,5. Skilled trades occupations,43,69,-26
E01000444,"6. Caring, leisure and other service occupations",58,43,15
E01000444,7. Sales and customer service occupations,40,45,-5
E01000444,"8. Process, plant and machine operatives",18,26,-8
E01000444,9. Elementary occupations,27,40,-13
E01000445,"1. Managers, directors and senior officials",146,76,70
E01000445,2. Professional occupations,168,129,39
E01000445,3. Associate professional and technical occupations,129,49,80
E01000445,4. Administrative and secretarial occupations,115,149,-34
E01000445,5. Skilled trades occupations,89,87,2
E01000445,"6. Caring, leisure and other service occupations",39,51,-12
E01000445,7. Sales and customer service occupations,43,44,-1
E01000445,"8. Process, plant and machine operatives",27,46,-19
E01000445,9. Elementary occupations,33,49,-16
E01000446,"1. Managers, directors and senior officials",107,85,22
E01000446,2. Professional occupations,155,120,35
E01000446,3. Associate professional and technical occupations,149,52,97
E01000446,4. Administrative and secretarial occupations,157,190,-33
E01000446,5. Skilled trades occupations,77,95,-18
E01000446,"6. Caring, leisure and other service occupations",63,82,-19
E01000446,7. Sales and customer service occupations,40,67,-27
E01000446,"8. Process, plant and machine operatives",51,51,0
E01000446,9. Elementary occupations,43,64,-21
E01000447,"1. Managers, directors and senior officials",204,108,96
E01000447,2. Professional occupations,271,154,117
E01000447,3. Associate professional and technical occupations,176,63,113
E01000447,4. Administrative and secretarial occupations,143,140,3
E01000447,5. Skilled trades occupations,83,76,7
E01000447,"6. Caring, leisure and other service occupations",50,50,0
E01000447,7. Sales and customer service occupations,39,43,-4
E01000447,"8. Process, plant and machine operatives",37,47,-10
E01000447,9. Elementary occupations,51,43,8
E01000448,"1. Managers, directors and senior officials",122,111,11
E01000448,2. Professional occupations,161,124,37
E01000448,3. Associate professional and technical occupations,114,47,67
E01000448,4. Administrative and secretarial occupations,95,105,-10
E01000448,5. Skilled trades occupations,49,40,9
E01000448,"6. Caring, leisure and other service occupations",34,39,-5
E01000448,7. Sales and customer service occupations,29,36,-7
E01000448,"8. Process, plant and machine operatives",13,29,-16
E01000448,9. Elementary occupations,36,35,1
E01000449,"1. Managers, directors and senior officials",138,99,39
E01000449,2. Professional occupations,200,156,44
E01000449,3. Associate professional and technical occupations,122,39,83
E01000449,4. Administrative and secretarial occupations,97,120,-23
E01000449,5. Skilled trades occupations,47,40,7
E01000449,"6. Caring, leisure and other service occupations",38,26,12
E01000449,7. Sales and customer service occupations,28,49,-21
E01000449,"8. Process, plant and machine operatives",15,24,-9
E01000449,9. Elementary occupations,15,21,-6
E01000450,"1. Managers, directors and senior officials",106,66,40
E01000450,2. Professional occupations,157,87,70
E01000450,3. Associate professional and technical occupations,110,46,64
E01000450,4. Administrative and secretarial occupations,104,133,-29
E01000450,5. Skilled trades occupations,97,99,-2
E01000450,"6. Caring, leisure and other service occupations",73,77,-4
E01000450,7. Sales and customer service occupations,76,67,9
E01000450,"8. Process, plant and machine operatives",59,68,-9
E01000450,9. Elementary occupations,85,83,2
E01000451,"1. Managers, directors and senior officials",103,78,25
E01000451,2. Professional occupations,181,121,60
E01000451,3. Associate professional and technical occupations,122,63,59
E01000451,4. Administrative and secretarial occupations,128,160,-32
E01000451,5. Skilled trades occupations,107,101,6
E01000451,"6. Caring, leisure and other service occupations",84,65,19
E01000451,7. Sales and customer service occupations,77,71,6
E01000451,"8. Process, plant and machine operatives",52,74,-22
E01000451,9. Elementary occupations,71,60,11
E01000452,"1. Managers, directors and senior officials",100,77,23
E01000452,2. Professional occupations,142,92,50
E01000452,3. Associate professional and technical occupations,108,37,71
E01000452,4. Administrative and secretarial occupations,123,166,-43
E01000452,5. Skilled trades occupations,91,97,-6
E01000452,"6. Caring, leisure and other service occupations",72,68,4
E01000452,7. Sales and customer service occupations,59,68,-9
E01000452,"8. Process, plant and machine operatives",39,49,-10
E01000452,9. Elementary occupations,60,50,10
E01000453,"1. Managers, directors and senior officials",101,78,23
E01000453,2. Professional occupations,165,90,75
E01000453,3. Associate professional and technical occupations,97,44,53
E01000453,4. Administrative and secretarial occupations,107,126,-19
E01000453,5. Skilled trades occupations,91,96,-5
E01000453,"6. Caring, leisure and other service occupations",54,78,-24
E01000453,7. Sales and customer service occupations,44,60,-16
E01000453,"8. Process, plant and machine operatives",44,65,-21
E01000453,9. Elementary occupations,61,62,-1
E01000454,"1. Managers, directors and senior officials",112,70,42
E01000454,2. Professional occupations,137,77,60
E01000454,3. Associate professional and technical occupations,102,47,55
E01000454,4. Administrative and secretarial occupations,104,144,-40
E01000454,5. Skilled trades occupations,83,88,-5
E01000454,"6. Caring, leisure and other service occupations",63,89,-26
E01000454,7. Sales and customer service occupations,64,68,-4
E01000454,"8. Process, plant and machine operatives",35,66,-31
E01000454,9. Elementary occupations,78,65,13
E01000455,"1. Managers, directors and senior officials",89,98,-9
E01000455,2. Professional occupations,192,119,73
E01000455,3. Associate professional and technical occupations,109,46,63
E01000455,4. Administrative and secretarial occupations,125,152,-27
E01000455,5. Skilled trades occupations,88,103,-15
E01000455,"6. Caring, leisure and other service occupations",66,75,-9
E01000455,7. Sales and customer service occupations,76,74,2
E01000455,"8. Process, plant and machine operatives",72,51,21
E01000455,9. Elementary occupations,74,64,10
E01000456,"1. Managers, directors and senior officials",89,64,25
E01000456,2. Professional occupations,133,93,40
E01000456,3. Associate professional and technical occupations,114,54,60
E01000456,4. Administrative and secretarial occupations,104,148,-44
E01000456,5. Skilled trades occupations,77,77,0
E01000456,"6. Caring, leisure and other service occupations",72,67,5
E01000456,7. Sales and customer service occupations,39,74,-35
E01000456,"8. Process, plant and machine operatives",49,48,1
E01000456,9. Elementary occupations,52,58,-6
E01000457,"1. Managers, directors and senior officials",146,83,63
E01000457,2. Professional occupations,255,143,112
E01000457,3. Associate professional and technical occupations,185,71,114
E01000457,4. Administrative and secretarial occupations,143,160,-17
E01000457,5. Skilled trades occupations,86,64,22
E01000457,"6. Caring, leisure and other service occupations",90,57,33
E01000457,7. Sales and customer service occupations,50,74,-24
E01000457,"8. Process, plant and machine operatives",36,33,3
E01000457,9. Elementary occupations,75,78,-3
E01000458,"1. Managers, directors and senior officials",116,69,47
E01000458,2. Professional occupations,186,171,15
E01000458,3. Associate professional and technical occupations,120,45,75
E01000458,4. Administrative and secretarial occupations,94,127,-33
E01000458,5. Skilled trades occupations,46,65,-19
E01000458,"6. Caring, leisure and other service occupations",38,42,-4
E01000458,7. Sales and customer service occupations,38,45,-7
E01000458,"8. Process, plant and machine operatives",25,16,9
E01000458,9. Elementary occupations,24,25,-1
E01000459,"1. Managers, directors and senior officials",127,87,40
E01000459,2. Professional occupations,199,124,75
E01000459,3. Associate professional and technical occupations,106,41,65
E01000459,4. Administrative and secretarial occupations,88,124,-36
E01000459,5. Skilled trades occupations,63,66,-3
E01000459,"6. Caring, leisure and other service occupations",71,68,3
E01000459,7. Sales and customer service occupations,55,45,10
E01000459,"8. Process, plant and machine operatives",39,23,16
E01000459,9. Elementary occupations,73,56,17
E01000460,"1. Managers, directors and senior officials",146,115,31
E01000460,2. Professional occupations,165,139,26
E01000460,3. Associate professional and technical occupations,94,46,48
E01000460,4. Administrative and secretarial occupations,91,136,-45
E01000460,5. Skilled trades occupations,43,61,-18
E01000460,"6. Caring, leisure and other service occupations",33,56,-23
E01000460,7. Sales and customer service occupations,16,51,-35
E01000460,"8. Process, plant and machine operatives",16,25,-9
E01000460,9. Elementary occupations,22,30,-8
E01000461,"1. Managers, directors and senior officials",126,104,22
E01000461,2. Professional occupations,197,116,81
E01000461,3. Associate professional and technical occupations,127,55,72
E01000461,4. Administrative and secretarial occupations,129,168,-39
E01000461,5. Skilled trades occupations,69,83,-14
E01000461,"6. Caring, leisure and other service occupations",50,82,-32
E01000461,7. Sales and customer service occupations,39,72,-33
E01000461,"8. Process, plant and machine operatives",29,43,-14
E01000461,9. Elementary occupations,36,74,-38
E01000462,"1. Managers, directors and senior officials",134,81,53
E01000462,2. Professional occupations,227,118,109
E01000462,3. Associate professional and technical occupations,175,47,128
E01000462,4. Administrative and secretarial occupations,128,152,-24
E01000462,5. Skilled trades occupations,90,70,20
E01000462,"6. Caring, leisure and other service occupations",52,45,7
E01000462,7. Sales and customer service occupations,60,59,1
E01000462,"8. Process, plant and machine operatives",28,28,0
E01000462,9. Elementary occupations,61,59,2
E01000463,"1. Managers, directors and senior officials",90,57,33
E01000463,2. Professional occupations,146,116,30
E01000463,3. Associate professional and technical occupations,117,41,76
E01000463,4. Administrative and secretarial occupations,88,129,-41
E01000463,5. Skilled trades occupations,58,72,-14
E01000463,"6. Caring, leisure and other service occupations",41,58,-17
E01000463,7. Sales and customer service occupations,42,44,-2
E01000463,"8. Process, plant and machine operatives",25,38,-13
E01000463,9. Elementary occupations,38,46,-8
E01000464,"1. Managers, directors and senior officials",34,29,5
E01000464,2. Professional occupations,114,84,30
E01000464,3. Associate professional and technical occupations,52,36,16
E01000464,4. Administrative and secretarial occupations,43,67,-24
E01000464,5. Skilled trades occupations,64,34,30
E01000464,"6. Caring, leisure and other service occupations",113,95,18
E01000464,7. Sales and customer service occupations,61,54,7
E01000464,"8. Process, plant and machine operatives",72,53,19
E01000464,9. Elementary occupations,103,124,-21
E01000465,"1. Managers, directors and senior officials",43,38,5
E01000465,2. Professional occupations,121,73,48
E01000465,3. Associate professional and technical occupations,71,22,49
E01000465,4. Administrative and secretarial occupations,68,88,-20
E01000465,5. Skilled trades occupations,59,59,0
E01000465,"6. Caring, leisure and other service occupations",110,81,29
E01000465,7. Sales and customer service occupations,68,68,0
E01000465,"8. Process, plant and machine operatives",60,70,-10
E01000465,9. Elementary occupations,125,113,12
E01000466,"1. Managers, directors and senior officials",42,36,6
E01000466,2. Professional occupations,127,108,19
E01000466,3. Associate professional and technical occupations,68,26,42
E01000466,4. Administrative and secretarial occupations,60,77,-17
E01000466,5. Skilled trades occupations,60,48,12
E01000466,"6. Caring, leisure and other service occupations",133,76,57
E01000466,7. Sales and customer service occupations,60,63,-3
E01000466,"8. Process, plant and machine operatives",64,54,10
E01000466,9. Elementary occupations,124,115,9
E01000467,"1. Managers, directors and senior officials",49,49,0
E01000467,2. Professional occupations,141,129,12
E01000467,3. Associate professional and technical occupations,69,41,28
E01000467,4. Administrative and secretarial occupations,61,102,-41
E01000467,5. Skilled trades occupations,55,58,-3
E01000467,"6. Caring, leisure and other service occupations",114,72,42
E01000467,7. Sales and customer service occupations,70,68,2
E01000467,"8. Process, plant and machine operatives",72,54,18
E01000467,9. Elementary occupations,95,95,0
E01000468,"1. Managers, directors and senior officials",88,76,12
E01000468,2. Professional occupations,274,239,35
E01000468,3. Associate professional and technical occupations,118,67,51
E01000468,4. Administrative and secretarial occupations,113,131,-18
E01000468,5. Skilled trades occupations,119,91,28
E01000468,"6. Caring, leisure and other service occupations",199,154,45
E01000468,7. Sales and customer service occupations,97,109,-12
E01000468,"8. Process, plant and machine operatives",109,93,16
E01000468,9. Elementary occupations,161,139,22
E01000469,"1. Managers, directors and senior officials",78,53,25
E01000469,2. Professional occupations,150,130,20
E01000469,3. Associate professional and technical occupations,86,45,41
E01000469,4. Administrative and secretarial occupations,67,104,-37
E01000469,5. Skilled trades occupations,78,60,18
E01000469,"6. Caring, leisure and other service occupations",113,82,31
E01000469,7. Sales and customer service occupations,64,59,5
E01000469,"8. Process, plant and machine operatives",64,65,-1
E01000469,9. Elementary occupations,128,119,9
E01000470,"1. Managers, directors and senior officials",30,17,13
E01000470,2. Professional occupations,78,50,28
E01000470,3. Associate professional and technical occupations,38,31,7
E01000470,4. Administrative and secretarial occupations,36,71,-35
E01000470,5. Skilled trades occupations,52,30,22
E01000470,"6. Caring, leisure and other service occupations",72,93,-21
E01000470,7. Sales and customer service occupations,51,68,-17
E01000470,"8. Process, plant and machine operatives",46,48,-2
E01000470,9. Elementary occupations,99,104,-5
E01000471,"1. Managers, directors and senior officials",74,57,17
E01000471,2. Professional occupations,107,68,39
E01000471,3. Associate professional and technical occupations,65,21,44
E01000471,4. Administrative and secretarial occupations,64,85,-21
E01000471,5. Skilled trades occupations,105,93,12
E01000471,"6. Caring, leisure and other service occupations",78,61,17
E01000471,7. Sales and customer service occupations,99,81,18
E01000471,"8. Process, plant and machine operatives",128,127,1
E01000471,9. Elementary occupations,196,175,21
E01000472,"1. Managers, directors and senior officials",120,60,60
E01000472,2. Professional occupations,215,121,94
E01000472,3. Associate professional and technical occupations,149,29,120
E01000472,4. Administrative and secretarial occupations,93,86,7
E01000472,5. Skilled trades occupations,135,95,40
E01000472,"6. Caring, leisure and other service occupations",104,45,59
E01000472,7. Sales and customer service occupations,114,80,34
E01000472,"8. Process, plant and machine operatives",112,81,31
E01000472,9. Elementary occupations,181,109,72
E01000473,"1. Managers, directors and senior officials",90,51,39
E01000473,2. Professional occupations,158,56,102
E01000473,3. Associate professional and technical occupations,89,19,70
E01000473,4. Administrative and secretarial occupations,83,66,17
E01000473,5. Skilled trades occupations,122,73,49
E01000473,"6. Caring, leisure and other service occupations",106,41,65
E01000473,7. Sales and customer service occupations,173,86,87
E01000473,"8. Process, plant and machine operatives",215,83,132
E01000473,9. Elementary occupations,258,153,105
E01000474,"1. Managers, directors and senior officials",81,49,32
E01000474,2. Professional occupations,119,65,54
E01000474,3. Associate professional and technical occupations,64,33,31
E01000474,4. Administrative and secretarial occupations,76,101,-25
E01000474,5. Skilled trades occupations,117,108,9
E01000474,"6. Caring, leisure and other service occupations",63,48,15
E01000474,7. Sales and customer service occupations,140,131,9
E01000474,"8. Process, plant and machine operatives",185,158,27
E01000474,9. Elementary occupations,263,182,81
E01000475,"1. Managers, directors and senior officials",91,66,25
E01000475,2. Professional occupations,134,111,23
E01000475,3. Associate professional and technical occupations,88,43,45
E01000475,4. Administrative and secretarial occupations,92,102,-10
E01000475,5. Skilled trades occupations,120,109,11
E01000475,"6. Caring, leisure and other service occupations",69,77,-8
E01000475,7. Sales and customer service occupations,114,124,-10
E01000475,"8. Process, plant and machine operatives",139,117,22
E01000475,9. Elementary occupations,173,169,4
E01000476,"1. Managers, directors and senior officials",72,57,15
E01000476,2. Professional occupations,113,90,23
E01000476,3. Associate professional and technical occupations,67,29,38
E01000476,4. Administrative and secretarial occupations,65,69,-4
E01000476,5. Skilled trades occupations,142,104,38
E01000476,"6. Caring, leisure and other service occupations",59,54,5
E01000476,7. Sales and customer service occupations,139,75,64
E01000476,"8. Process, plant and machine operatives",168,112,56
E01000476,9. Elementary occupations,254,150,104
E01000477,"1. Managers, directors and senior officials",61,59,2
E01000477,2. Professional occupations,101,93,8
E01000477,3. Associate professional and technical occupations,67,34,33
E01000477,4. Administrative and secretarial occupations,87,67,20
E01000477,5. Skilled trades occupations,148,127,21
E01000477,"6. Caring, leisure and other service occupations",88,78,10
E01000477,7. Sales and customer service occupations,124,86,38
E01000477,"8. Process, plant and machine operatives",197,166,31
E01000477,9. Elementary occupations,317,178,139
E01000478,"1. Managers, directors and senior officials",96,75,21
E01000478,2. Professional occupations,145,89,56
E01000478,3. Associate professional and technical occupations,93,34,59
E01000478,4. Administrative and secretarial occupations,77,78,-1
E01000478,5. Skilled trades occupations,131,122,9
E01000478,"6. Caring, leisure and other service occupations",81,62,19
E01000478,7. Sales and customer service occupations,125,151,-26
E01000478,"8. Process, plant and machine operatives",190,150,40
E01000478,9. Elementary occupations,261,250,11
E01000479,"1. Managers, directors and senior officials",175,129,46
E01000479,2. Professional occupations,192,151,41
E01000479,3. Associate professional and technical occupations,82,24,58
E01000479,4. Administrative and secretarial occupations,82,122,-40
E01000479,5. Skilled trades occupations,59,78,-19
E01000479,"6. Caring, leisure and other service occupations",42,38,4
E01000479,7. Sales and customer service occupations,63,51,12
E01000479,"8. Process, plant and machine operatives",40,41,-1
E01000479,9. Elementary occupations,55,49,6
E01000480,"1. Managers, directors and senior officials",138,141,-3
E01000480,2. Professional occupations,203,202,1
E01000480,3. Associate professional and technical occupations,91,33,58
E01000480,4. Administrative and secretarial occupations,74,111,-37
E01000480,5. Skilled trades occupations,83,78,5
E01000480,"6. Caring, leisure and other service occupations",59,55,4
E01000480,7. Sales and customer service occupations,46,60,-14
E01000480,"8. Process, plant and machine operatives",55,36,19
E01000480,9. Elementary occupations,49,73,-24
E01000481,"1. Managers, directors and senior officials",76,73,3
E01000481,2. Professional occupations,158,143,15
E01000481,3. Associate professional and technical occupations,80,33,47
E01000481,4. Administrative and secretarial occupations,61,66,-5
E01000481,5. Skilled trades occupations,59,65,-6
E01000481,"6. Caring, leisure and other service occupations",77,52,25
E01000481,7. Sales and customer service occupations,68,87,-19
E01000481,"8. Process, plant and machine operatives",49,49,0
E01000481,9. Elementary occupations,118,74,44
E01000483,"1. Managers, directors and senior officials",65,39,26
E01000483,2. Professional occupations,108,97,11
E01000483,3. Associate professional and technical occupations,68,30,38
E01000483,4. Administrative and secretarial occupations,78,84,-6
E01000483,5. Skilled trades occupations,92,81,11
E01000483,"6. Caring, leisure and other service occupations",87,74,13
E01000483,7. Sales and customer service occupations,78,67,11
E01000483,"8. Process, plant and machine operatives",74,55,19
E01000483,9. Elementary occupations,119,127,-8
E01000484,"1. Managers, directors and senior officials",51,48,3
E01000484,2. Professional occupations,113,73,40
E01000484,3. Associate professional and technical occupations,77,21,56
E01000484,4. Administrative and secretarial occupations,70,86,-16
E01000484,5. Skilled trades occupations,74,44,30
E01000484,"6. Caring, leisure and other service occupations",86,42,44
E01000484,7. Sales and customer service occupations,70,40,30
E01000484,"8. Process, plant and machine operatives",77,32,45
E01000484,9. Elementary occupations,109,71,38
E01000485,"1. Managers, directors and senior officials",83,66,17
E01000485,2. Professional occupations,120,119,1
E01000485,3. Associate professional and technical occupations,73,21,52
E01000485,4. Administrative and secretarial occupations,87,76,11
E01000485,5. Skilled trades occupations,89,85,4
E01000485,"6. Caring, leisure and other service occupations",45,41,4
E01000485,7. Sales and customer service occupations,62,74,-12
E01000485,"8. Process, plant and machine operatives",51,32,19
E01000485,9. Elementary occupations,84,84,0
E01000486,"1. Managers, directors and senior officials",120,112,8
E01000486,2. Professional occupations,213,229,-16
E01000486,3. Associate professional and technical occupations,102,45,57
E01000486,4. Administrative and secretarial occupations,68,124,-56
E01000486,5. Skilled trades occupations,58,109,-51
E01000486,"6. Caring, leisure and other service occupations",50,61,-11
E01000486,7. Sales and customer service occupations,57,95,-38
E01000486,"8. Process, plant and machine operatives",43,51,-8
E01000486,9. Elementary occupations,67,79,-12
E01000487,"1. Managers, directors and senior officials",99,83,16
E01000487,2. Professional occupations,186,156,30
E01000487,3. Associate professional and technical occupations,84,28,56
E01000487,4. Administrative and secretarial occupations,74,67,7
E01000487,5. Skilled trades occupations,134,55,79
E01000487,"6. Caring, leisure and other service occupations",64,47,17
E01000487,7. Sales and customer service occupations,64,44,20
E01000487,"8. Process, plant and machine operatives",68,55,13
E01000487,9. Elementary occupations,124,83,41
E01000488,"1. Managers, directors and senior officials",136,104,32
E01000488,2. Professional occupations,197,145,52
E01000488,3. Associate professional and technical occupations,185,44,141
E01000488,4. Administrative and secretarial occupations,75,70,5
E01000488,5. Skilled trades occupations,59,69,-10
E01000488,"6. Caring, leisure and other service occupations",58,57,1
E01000488,7. Sales and customer service occupations,52,49,3
E01000488,"8. Process, plant and machine operatives",36,53,-17
E01000488,9. Elementary occupations,63,87,-24
E01000489,"1. Managers, directors and senior officials",194,97,97
E01000489,2. Professional occupations,213,201,12
E01000489,3. Associate professional and technical occupations,111,55,56
E01000489,4. Administrative and secretarial occupations,75,84,-9
E01000489,5. Skilled trades occupations,40,46,-6
E01000489,"6. Caring, leisure and other service occupations",73,59,14
E01000489,7. Sales and customer service occupations,41,57,-16
E01000489,"8. Process, plant and machine operatives",33,23,10
E01000489,9. Elementary occupations,75,63,12
E01000490,"1. Managers, directors and senior officials",144,104,40
E01000490,2. Professional occupations,336,320,16
E01000490,3. Associate professional and technical occupations,192,66,126
E01000490,4. Administrative and secretarial occupations,71,102,-31
E01000490,5. Skilled trades occupations,63,59,4
E01000490,"6. Caring, leisure and other service occupations",68,52,16
E01000490,7. Sales and customer service occupations,51,60,-9
E01000490,"8. Process, plant and machine operatives",26,19,7
E01000490,9. Elementary occupations,49,54,-5
E01000491,"1. Managers, directors and senior officials",216,164,52
E01000491,2. Professional occupations,293,249,44
E01000491,3. Associate professional and technical occupations,182,44,138
E01000491,4. Administrative and secretarial occupations,81,72,9
E01000491,5. Skilled trades occupations,39,61,-22
E01000491,"6. Caring, leisure and other service occupations",66,84,-18
E01000491,7. Sales and customer service occupations,55,36,19
E01000491,"8. Process, plant and machine operatives",22,30,-8
E01000491,9. Elementary occupations,70,67,3
E01000492,"1. Managers, directors and senior officials",137,100,37
E01000492,2. Professional occupations,174,165,9
E01000492,3. Associate professional and technical occupations,95,39,56
E01000492,4. Administrative and secretarial occupations,51,63,-12
E01000492,5. Skilled trades occupations,41,47,-6
E01000492,"6. Caring, leisure and other service occupations",52,58,-6
E01000492,7. Sales and customer service occupations,37,36,1
E01000492,"8. Process, plant and machine operatives",11,21,-10
E01000492,9. Elementary occupations,43,52,-9
E01000493,"1. Managers, directors and senior officials",163,111,52
E01000493,2. Professional occupations,208,184,24
E01000493,3. Associate professional and technical occupations,140,60,80
E01000493,4. Administrative and secretarial occupations,85,82,3
E01000493,5. Skilled trades occupations,45,68,-23
E01000493,"6. Caring, leisure and other service occupations",49,52,-3
E01000493,7. Sales and customer service occupations,33,62,-29
E01000493,"8. Process, plant and machine operatives",21,24,-3
E01000493,9. Elementary occupations,50,49,1
E01000494,"1. Managers, directors and senior officials",156,110,46
E01000494,2. Professional occupations,220,258,-38
E01000494,3. Associate professional and technical occupations,127,52,75
E01000494,4. Administrative and secretarial occupations,63,95,-32
E01000494,5. Skilled trades occupations,52,55,-3
E01000494,"6. Caring, leisure and other service occupations",40,58,-18
E01000494,7. Sales and customer service occupations,32,45,-13
E01000494,"8. Process, plant and machine operatives",32,35,-3
E01000494,9. Elementary occupations,68,53,15
E01000495,"1. Managers, directors and senior officials",123,95,28
E01000495,2. Professional occupations,214,211,3
E01000495,3. Associate professional and technical occupations,153,47,106
E01000495,4. Administrative and secretarial occupations,71,74,-3
E01000495,5. Skilled trades occupations,54,65,-11
E01000495,"6. Caring, leisure and other service occupations",55,57,-2
E01000495,7. Sales and customer service occupations,37,59,-22
E01000495,"8. Process, plant and machine operatives",30,33,-3
E01000495,9. Elementary occupations,69,61,8
E01000497,"1. Managers, directors and senior officials",115,74,41
E01000497,2. Professional occupations,162,100,62
E01000497,3. Associate professional and technical occupations,108,30,78
E01000497,4. Administrative and secretarial occupations,94,89,5
E01000497,5. Skilled trades occupations,87,98,-11
E01000497,"6. Caring, leisure and other service occupations",145,68,77
E01000497,7. Sales and customer service occupations,75,84,-9
E01000497,"8. Process, plant and machine operatives",70,61,9
E01000497,9. Elementary occupations,138,116,22
E01000498,"1. Managers, directors and senior officials",43,45,-2
E01000498,2. Professional occupations,72,75,-3
E01000498,3. Associate professional and technical occupations,42,19,23
E01000498,4. Administrative and secretarial occupations,48,74,-26
E01000498,5. Skilled trades occupations,83,79,4
E01000498,"6. Caring, leisure and other service occupations",65,58,7
E01000498,7. Sales and customer service occupations,59,79,-20
E01000498,"8. Process, plant and machine operatives",86,67,19
E01000498,9. Elementary occupations,121,101,20
E01000499,"1. Managers, directors and senior officials",63,61,2
E01000499,2. Professional occupations,101,93,8
E01000499,3. Associate professional and technical occupations,80,22,58
E01000499,4. Administrative and secretarial occupations,68,73,-5
E01000499,5. Skilled trades occupations,79,75,4
E01000499,"6. Caring, leisure and other service occupations",90,58,32
E01000499,7. Sales and customer service occupations,95,72,23
E01000499,"8. Process, plant and machine operatives",69,64,5
E01000499,9. Elementary occupations,112,98,14
E01000501,"1. Managers, directors and senior officials",91,47,44
E01000501,2. Professional occupations,153,97,56
E01000501,3. Associate professional and technical occupations,85,35,50
E01000501,4. Administrative and secretarial occupations,63,101,-38
E01000501,5. Skilled trades occupations,75,73,2
E01000501,"6. Caring, leisure and other service occupations",99,80,19
E01000501,7. Sales and customer service occupations,90,85,5
E01000501,"8. Process, plant and machine operatives",69,58,11
E01000501,9. Elementary occupations,132,89,43
E01000502,"1. Managers, directors and senior officials",117,76,41
E01000502,2. Professional occupations,124,87,37
E01000502,3. Associate professional and technical occupations,78,25,53
E01000502,4. Administrative and secretarial occupations,66,58,8
E01000502,5. Skilled trades occupations,78,91,-13
E01000502,"6. Caring, leisure and other service occupations",73,50,23
E01000502,7. Sales and customer service occupations,75,48,27
E01000502,"8. Process, plant and machine operatives",59,27,32
E01000502,9. Elementary occupations,62,74,-12
E01000503,"1. Managers, directors and senior officials",108,86,22
E01000503,2. Professional occupations,178,156,22
E01000503,3. Associate professional and technical occupations,103,32,71
E01000503,4. Administrative and secretarial occupations,86,93,-7
E01000503,5. Skilled trades occupations,106,104,2
E01000503,"6. Caring, leisure and other service occupations",74,70,4
E01000503,7. Sales and customer service occupations,66,87,-21
E01000503,"8. Process, plant and machine operatives",87,70,17
E01000503,9. Elementary occupations,114,139,-25
E01000504,"1. Managers, directors and senior officials",135,109,26
E01000504,2. Professional occupations,278,223,55
E01000504,3. Associate professional and technical occupations,153,54,99
E01000504,4. Administrative and secretarial occupations,52,100,-48
E01000504,5. Skilled trades occupations,71,86,-15
E01000504,"6. Caring, leisure and other service occupations",72,64,8
E01000504,7. Sales and customer service occupations,59,50,9
E01000504,"8. Process, plant and machine operatives",33,40,-7
E01000504,9. Elementary occupations,83,95,-12
E01000505,"1. Managers, directors and senior officials",74,80,-6
E01000505,2. Professional occupations,167,131,36
E01000505,3. Associate professional and technical occupations,118,39,79
E01000505,4. Administrative and secretarial occupations,64,81,-17
E01000505,5. Skilled trades occupations,65,67,-2
E01000505,"6. Caring, leisure and other service occupations",53,78,-25
E01000505,7. Sales and customer service occupations,57,66,-9
E01000505,"8. Process, plant and machine operatives",41,41,0
E01000505,9. Elementary occupations,70,95,-25
E01000506,"1. Managers, directors and senior officials",59,54,5
E01000506,2. Professional occupations,93,95,-2
E01000506,3. Associate professional and technical occupations,76,34,42
E01000506,4. Administrative and secretarial occupations,58,86,-28
E01000506,5. Skilled trades occupations,99,116,-17
E01000506,"6. Caring, leisure and other service occupations",95,79,16
E01000506,7. Sales and customer service occupations,77,73,4
E01000506,"8. Process, plant and machine operatives",61,54,7
E01000506,9. Elementary occupations,161,137,24
E01000507,"1. Managers, directors and senior officials",104,80,24
E01000507,2. Professional occupations,167,167,0
E01000507,3. Associate professional and technical occupations,99,40,59
E01000507,4. Administrative and secretarial occupations,47,96,-49
E01000507,5. Skilled trades occupations,69,92,-23
E01000507,"6. Caring, leisure and other service occupations",75,55,20
E01000507,7. Sales and customer service occupations,55,70,-15
E01000507,"8. Process, plant and machine operatives",60,42,18
E01000507,9. Elementary occupations,80,82,-2
E01000508,"1. Managers, directors and senior officials",74,39,35
E01000508,2. Professional occupations,138,81,57
E01000508,3. Associate professional and technical occupations,100,29,71
E01000508,4. Administrative and secretarial occupations,75,88,-13
E01000508,5. Skilled trades occupations,101,100,1
E01000508,"6. Caring, leisure and other service occupations",98,83,15
E01000508,7. Sales and customer service occupations,78,79,-1
E01000508,"8. Process, plant and machine operatives",120,73,47
E01000508,9. Elementary occupations,137,144,-7
E01000509,"1. Managers, directors and senior officials",54,49,5
E01000509,2. Professional occupations,80,78,2
E01000509,3. Associate professional and technical occupations,43,21,22
E01000509,4. Administrative and secretarial occupations,49,46,3
E01000509,5. Skilled trades occupations,103,113,-10
E01000509,"6. Caring, leisure and other service occupations",48,54,-6
E01000509,7. Sales and customer service occupations,47,69,-22
E01000509,"8. Process, plant and machine operatives",61,62,-1
E01000509,9. Elementary occupations,109,104,5
E01000510,"1. Managers, directors and senior officials",78,70,8
E01000510,2. Professional occupations,98,101,-3
E01000510,3. Associate professional and technical occupations,46,22,24
E01000510,4. Administrative and secretarial occupations,50,68,-18
E01000510,5. Skilled trades occupations,110,134,-24
E01000510,"6. Caring, leisure and other service occupations",64,58,6
E01000510,7. Sales and customer service occupations,56,71,-15
E01000510,"8. Process, plant and machine operatives",66,58,8
E01000510,9. Elementary occupations,113,129,-16
E01000511,"1. Managers, directors and senior officials",96,66,30
E01000511,2. Professional occupations,118,104,14
E01000511,3. Associate professional and technical occupations,61,23,38
E01000511,4. Administrative and secretarial occupations,50,73,-23
E01000511,5. Skilled trades occupations,96,102,-6
E01000511,"6. Caring, leisure and other service occupations",77,62,15
E01000511,7. Sales and customer service occupations,109,58,51
E01000511,"8. Process, plant and machine operatives",51,55,-4
E01000511,9. Elementary occupations,84,112,-28
E01000512,"1. Managers, directors and senior officials",113,103,10
E01000512,2. Professional occupations,215,214,1
E01000512,3. Associate professional and technical occupations,137,59,78
E01000512,4. Administrative and secretarial occupations,43,100,-57
E01000512,5. Skilled trades occupations,78,80,-2
E01000512,"6. Caring, leisure and other service occupations",47,61,-14
E01000512,7. Sales and customer service occupations,44,65,-21
E01000512,"8. Process, plant and machine operatives",33,43,-10
E01000512,9. Elementary occupations,89,131,-42
E01000513,"1. Managers, directors and senior officials",102,95,7
E01000513,2. Professional occupations,146,110,36
E01000513,3. Associate professional and technical occupations,71,45,26
E01000513,4. Administrative and secretarial occupations,76,82,-6
E01000513,5. Skilled trades occupations,104,104,0
E01000513,"6. Caring, leisure and other service occupations",51,58,-7
E01000513,7. Sales and customer service occupations,64,98,-34
E01000513,"8. Process, plant and machine operatives",65,53,12
E01000513,9. Elementary occupations,87,93,-6
E01000514,"1. Managers, directors and senior officials",71,77,-6
E01000514,2. Professional occupations,139,130,9
E01000514,3. Associate professional and technical occupations,88,29,59
E01000514,4. Administrative and secretarial occupations,71,91,-20
E01000514,5. Skilled trades occupations,120,121,-1
E01000514,"6. Caring, leisure and other service occupations",54,60,-6
E01000514,7. Sales and customer service occupations,65,71,-6
E01000514,"8. Process, plant and machine operatives",76,59,17
E01000514,9. Elementary occupations,105,88,17
E01000515,"1. Managers, directors and senior officials",76,73,3
E01000515,2. Professional occupations,134,92,42
E01000515,3. Associate professional and technical occupations,88,29,59
E01000515,4. Administrative and secretarial occupations,85,101,-16
E01000515,5. Skilled trades occupations,107,93,14
E01000515,"6. Caring, leisure and other service occupations",97,69,28
E01000515,7. Sales and customer service occupations,86,87,-1
E01000515,"8. Process, plant and machine operatives",70,58,12
E01000515,9. Elementary occupations,136,111,25
E01000516,"1. Managers, directors and senior officials",149,76,73
E01000516,2. Professional occupations,250,108,142
E01000516,3. Associate professional and technical occupations,113,28,85
E01000516,4. Administrative and secretarial occupations,100,107,-7
E01000516,5. Skilled trades occupations,185,136,49
E01000516,"6. Caring, leisure and other service occupations",63,69,-6
E01000516,7. Sales and customer service occupations,85,90,-5
E01000516,"8. Process, plant and machine operatives",88,68,20
E01000516,9. Elementary occupations,169,118,51
E01000517,"1. Managers, directors and senior officials",94,83,11
E01000517,2. Professional occupations,182,151,31
E01000517,3. Associate professional and technical occupations,77,38,39
E01000517,4. Administrative and secretarial occupations,73,100,-27
E01000517,5. Skilled trades occupations,112,94,18
E01000517,"6. Caring, leisure and other service occupations",34,46,-12
E01000517,7. Sales and customer service occupations,59,86,-27
E01000517,"8. Process, plant and machine operatives",49,42,7
E01000517,9. Elementary occupations,86,76,10
E01000518,"1. Managers, directors and senior officials",88,57,31
E01000518,2. Professional occupations,138,119,19
E01000518,3. Associate professional and technical occupations,61,30,31
E01000518,4. Administrative and secretarial occupations,82,99,-17
E01000518,5. Skilled trades occupations,141,94,47
E01000518,"6. Caring, leisure and other service occupations",94,54,40
E01000518,7. Sales and customer service occupations,83,68,15
E01000518,"8. Process, plant and machine operatives",111,67,44
E01000518,9. Elementary occupations,119,86,33
E01000519,"1. Managers, directors and senior officials",106,86,20
E01000519,2. Professional occupations,122,111,11
E01000519,3. Associate professional and technical occupations,90,29,61
E01000519,4. Administrative and secretarial occupations,79,110,-31
E01000519,5. Skilled trades occupations,145,87,58
E01000519,"6. Caring, leisure and other service occupations",111,70,41
E01000519,7. Sales and customer service occupations,78,104,-26
E01000519,"8. Process, plant and machine operatives",75,60,15
E01000519,9. Elementary occupations,151,129,22
E01000520,"1. Managers, directors and senior officials",68,58,10
E01000520,2. Professional occupations,128,135,-7
E01000520,3. Associate professional and technical occupations,81,33,48
E01000520,4. Administrative and secretarial occupations,63,79,-16
E01000520,5. Skilled trades occupations,109,90,19
E01000520,"6. Caring, leisure and other service occupations",56,57,-1
E01000520,7. Sales and customer service occupations,67,73,-6
E01000520,"8. Process, plant and machine operatives",80,46,34
E01000520,9. Elementary occupations,79,97,-18
E01000521,"1. Managers, directors and senior officials",59,80,-21
E01000521,2. Professional occupations,101,90,11
E01000521,3. Associate professional and technical occupations,106,36,70
E01000521,4. Administrative and secretarial occupations,58,79,-21
E01000521,5. Skilled trades occupations,82,82,0
E01000521,"6. Caring, leisure and other service occupations",112,87,25
E01000521,7. Sales and customer service occupations,97,67,30
E01000521,"8. Process, plant and machine operatives",101,78,23
E01000521,9. Elementary occupations,207,196,11
E01000522,"1. Managers, directors and senior officials",74,55,19
E01000522,2. Professional occupations,105,82,23
E01000522,3. Associate professional and technical occupations,86,37,49
E01000522,4. Administrative and secretarial occupations,86,94,-8
E01000522,5. Skilled trades occupations,105,88,17
E01000522,"6. Caring, leisure and other service occupations",82,69,13
E01000522,7. Sales and customer service occupations,78,68,10
E01000522,"8. Process, plant and machine operatives",92,73,19
E01000522,9. Elementary occupations,127,147,-20
E01000523,"1. Managers, directors and senior officials",91,58,33
E01000523,2. Professional occupations,136,152,-16
E01000523,3. Associate professional and technical occupations,139,40,99
E01000523,4. Administrative and secretarial occupations,89,99,-10
E01000523,5. Skilled trades occupations,95,137,-42
E01000523,"6. Caring, leisure and other service occupations",149,139,10
E01000523,7. Sales and customer service occupations,74,104,-30
E01000523,"8. Process, plant and machine operatives",71,97,-26
E01000523,9. Elementary occupations,182,243,-61
E01000524,"1. Managers, directors and senior officials",75,69,6
E01000524,2. Professional occupations,152,113,39
E01000524,3. Associate professional and technical occupations,114,59,55
E01000524,4. Administrative and secretarial occupations,99,77,22
E01000524,5. Skilled trades occupations,85,113,-28
E01000524,"6. Caring, leisure and other service occupations",159,126,33
E01000524,7. Sales and customer service occupations,85,103,-18
E01000524,"8. Process, plant and machine operatives",96,82,14
E01000524,9. Elementary occupations,196,223,-27
E01000525,"1. Managers, directors and senior officials",74,55,19
E01000525,2. Professional occupations,129,92,37
E01000525,3. Associate professional and technical occupations,99,44,55
E01000525,4. Administrative and secretarial occupations,85,88,-3
E01000525,5. Skilled trades occupations,77,104,-27
E01000525,"6. Caring, leisure and other service occupations",115,101,14
E01000525,7. Sales and customer service occupations,71,72,-1
E01000525,"8. Process, plant and machine operatives",73,67,6
E01000525,9. Elementary occupations,130,178,-48
E01000526,"1. Managers, directors and senior officials",43,44,-1
E01000526,2. Professional occupations,107,69,38
E01000526,3. Associate professional and technical occupations,96,40,56
E01000526,4. Administrative and secretarial occupations,90,96,-6
E01000526,5. Skilled trades occupations,79,74,5
E01000526,"6. Caring, leisure and other service occupations",129,110,19
E01000526,7. Sales and customer service occupations,89,111,-22
E01000526,"8. Process, plant and machine operatives",85,77,8
E01000526,9. Elementary occupations,142,159,-17
E01000527,"1. Managers, directors and senior officials",66,51,15
E01000527,2. Professional occupations,94,111,-17
E01000527,3. Associate professional and technical occupations,82,26,56
E01000527,4. Administrative and secretarial occupations,72,95,-23
E01000527,5. Skilled trades occupations,61,124,-63
E01000527,"6. Caring, leisure and other service occupations",110,76,34
E01000527,7. Sales and customer service occupations,48,72,-24
E01000527,"8. Process, plant and machine operatives",73,75,-2
E01000527,9. Elementary occupations,124,182,-58
E01000528,"1. Managers, directors and senior officials",72,39,33
E01000528,2. Professional occupations,141,59,82
E01000528,3. Associate professional and technical occupations,94,24,70
E01000528,4. Administrative and secretarial occupations,64,63,1
E01000528,5. Skilled trades occupations,61,51,10
E01000528,"6. Caring, leisure and other service occupations",112,70,42
E01000528,7. Sales and customer service occupations,57,79,-22
E01000528,"8. Process, plant and machine operatives",69,51,18
E01000528,9. Elementary occupations,86,85,1
E01000530,"1. Managers, directors and senior officials",154,124,30
E01000530,2. Professional occupations,249,215,34
E01000530,3. Associate professional and technical occupations,195,80,115
E01000530,4. Administrative and secretarial occupations,67,113,-46
E01000530,5. Skilled trades occupations,63,78,-15
E01000530,"6. Caring, leisure and other service occupations",61,87,-26
E01000530,7. Sales and customer service occupations,48,74,-26
E01000530,"8. Process, plant and machine operatives",44,46,-2
E01000530,9. Elementary occupations,62,70,-8
E01000531,"1. Managers, directors and senior officials",116,96,20
E01000531,2. Professional occupations,188,220,-32
E01000531,3. Associate professional and technical occupations,174,62,112
E01000531,4. Administrative and secretarial occupations,58,84,-26
E01000531,5. Skilled trades occupations,53,110,-57
E01000531,"6. Caring, leisure and other service occupations",82,94,-12
E01000531,7. Sales and customer service occupations,51,70,-19
E01000531,"8. Process, plant and machine operatives",45,43,2
E01000531,9. Elementary occupations,103,150,-47
E01000532,"1. Managers, directors and senior officials",118,110,8
E01000532,2. Professional occupations,237,222,15
E01000532,3. Associate professional and technical occupations,139,77,62
E01000532,4. Administrative and secretarial occupations,90,75,15
E01000532,5. Skilled trades occupations,49,97,-48
E01000532,"6. Caring, leisure and other service occupations",68,72,-4
E01000532,7. Sales and customer service occupations,42,50,-8
E01000532,"8. Process, plant and machine operatives",38,33,5
E01000532,9. Elementary occupations,55,68,-13
E01000533,"1. Managers, directors and senior officials",109,89,20
E01000533,2. Professional occupations,149,129,20
E01000533,3. Associate professional and technical occupations,126,49,77
E01000533,4. Administrative and secretarial occupations,75,87,-12
E01000533,5. Skilled trades occupations,67,108,-41
E01000533,"6. Caring, leisure and other service occupations",119,94,25
E01000533,7. Sales and customer service occupations,70,95,-25
E01000533,"8. Process, plant and machine operatives",70,90,-20
E01000533,9. Elementary occupations,132,221,-89
E01000534,"1. Managers, directors and senior officials",144,84,60
E01000534,2. Professional occupations,226,159,67
E01000534,3. Associate professional and technical occupations,178,62,116
E01000534,4. Administrative and secretarial occupations,72,98,-26
E01000534,5. Skilled trades occupations,70,85,-15
E01000534,"6. Caring, leisure and other service occupations",81,83,-2
E01000534,7. Sales and customer service occupations,35,52,-17
E01000534,"8. Process, plant and machine operatives",61,38,23
E01000534,9. Elementary occupations,70,89,-19
E01000535,"1. Managers, directors and senior officials",126,109,17
E01000535,2. Professional occupations,206,173,33
E01000535,3. Associate professional and technical occupations,186,59,127
E01000535,4. Administrative and secretarial occupations,85,130,-45
E01000535,5. Skilled trades occupations,88,91,-3
E01000535,"6. Caring, leisure and other service occupations",107,113,-6
E01000535,7. Sales and customer service occupations,78,105,-27
E01000535,"8. Process, plant and machine operatives",52,49,3
E01000535,9. Elementary occupations,125,135,-10
E01000536,"1. Managers, directors and senior officials",125,118,7
E01000536,2. Professional occupations,234,217,17
E01000536,3. Associate professional and technical occupations,81,42,39
E01000536,4. Administrative and secretarial occupations,110,116,-6
E01000536,5. Skilled trades occupations,36,50,-14
E01000536,"6. Caring, leisure and other service occupations",40,30,10
E01000536,7. Sales and customer service occupations,42,72,-30
E01000536,"8. Process, plant and machine operatives",17,22,-5
E01000536,9. Elementary occupations,46,48,-2
E01000538,"1. Managers, directors and senior officials",130,133,-3
E01000538,2. Professional occupations,251,227,24
E01000538,3. Associate professional and technical occupations,88,39,49
E01000538,4. Administrative and secretarial occupations,88,108,-20
E01000538,5. Skilled trades occupations,59,63,-4
E01000538,"6. Caring, leisure and other service occupations",23,52,-29
E01000538,7. Sales and customer service occupations,44,40,4
E01000538,"8. Process, plant and machine operatives",30,15,15
E01000538,9. Elementary occupations,39,32,7
E01000539,"1. Managers, directors and senior officials",118,88,30
E01000539,2. Professional occupations,218,207,11
E01000539,3. Associate professional and technical occupations,90,42,48
E01000539,4. Administrative and secretarial occupations,82,125,-43
E01000539,5. Skilled trades occupations,74,55,19
E01000539,"6. Caring, leisure and other service occupations",36,36,0
E01000539,7. Sales and customer service occupations,43,53,-10
E01000539,"8. Process, plant and machine operatives",33,26,7
E01000539,9. Elementary occupations,58,48,10
E01000540,"1. Managers, directors and senior officials",119,110,9
E01000540,2. Professional occupations,233,237,-4
E01000540,3. Associate professional and technical occupations,78,37,41
E01000540,4. Administrative and secretarial occupations,74,108,-34
E01000540,5. Skilled trades occupations,46,41,5
E01000540,"6. Caring, leisure and other service occupations",56,31,25
E01000540,7. Sales and customer service occupations,47,56,-9
E01000540,"8. Process, plant and machine operatives",27,23,4
E01000540,9. Elementary occupations,54,31,23
E01000541,"1. Managers, directors and senior officials",81,74,7
E01000541,2. Professional occupations,131,163,-32
E01000541,3. Associate professional and technical occupations,57,29,28
E01000541,4. Administrative and secretarial occupations,79,89,-10
E01000541,5. Skilled trades occupations,105,80,25
E01000541,"6. Caring, leisure and other service occupations",62,63,-1
E01000541,7. Sales and customer service occupations,55,66,-11
E01000541,"8. Process, plant and machine operatives",57,34,23
E01000541,9. Elementary occupations,78,65,13
E01000543,"1. Managers, directors and senior officials",114,89,25
E01000543,2. Professional occupations,149,149,0
E01000543,3. Associate professional and technical occupations,88,37,51
E01000543,4. Administrative and secretarial occupations,91,116,-25
E01000543,5. Skilled trades occupations,105,72,33
E01000543,"6. Caring, leisure and other service occupations",48,48,0
E01000543,7. Sales and customer service occupations,60,73,-13
E01000543,"8. Process, plant and machine operatives",49,32,17
E01000543,9. Elementary occupations,87,70,17
E01000544,"1. Managers, directors and senior officials",106,65,41
E01000544,2. Professional occupations,217,125,92
E01000544,3. Associate professional and technical occupations,151,36,115
E01000544,4. Administrative and secretarial occupations,57,86,-29
E01000544,5. Skilled trades occupations,57,48,9
E01000544,"6. Caring, leisure and other service occupations",98,95,3
E01000544,7. Sales and customer service occupations,53,88,-35
E01000544,"8. Process, plant and machine operatives",49,67,-18
E01000544,9. Elementary occupations,88,96,-8
E01000545,"1. Managers, directors and senior officials",156,115,41
E01000545,2. Professional occupations,285,280,5
E01000545,3. Associate professional and technical occupations,169,66,103
E01000545,4. Administrative and secretarial occupations,91,104,-13
E01000545,5. Skilled trades occupations,74,88,-14
E01000545,"6. Caring, leisure and other service occupations",83,91,-8
E01000545,7. Sales and customer service occupations,54,80,-26
E01000545,"8. Process, plant and machine operatives",37,36,1
E01000545,9. Elementary occupations,102,115,-13
E01000546,"1. Managers, directors and senior officials",134,108,26
E01000546,2. Professional occupations,224,253,-29
E01000546,3. Associate professional and technical occupations,198,57,141
E01000546,4. Administrative and secretarial occupations,60,90,-30
E01000546,5. Skilled trades occupations,50,62,-12
E01000546,"6. Caring, leisure and other service occupations",55,78,-23
E01000546,7. Sales and customer service occupations,61,51,10
E01000546,"8. Process, plant and machine operatives",23,25,-2
E01000546,9. Elementary occupations,70,85,-15
E01000547,"1. Managers, directors and senior officials",139,98,41
E01000547,2. Professional occupations,253,232,21
E01000547,3. Associate professional and technical occupations,173,61,112
E01000547,4. Administrative and secretarial occupations,44,94,-50
E01000547,5. Skilled trades occupations,48,60,-12
E01000547,"6. Caring, leisure and other service occupations",54,73,-19
E01000547,7. Sales and customer service occupations,52,53,-1
E01000547,"8. Process, plant and machine operatives",46,40,6
E01000547,9. Elementary occupations,64,96,-32
E01000548,"1. Managers, directors and senior officials",148,140,8
E01000548,2. Professional occupations,311,297,14
E01000548,3. Associate professional and technical occupations,208,65,143
E01000548,4. Administrative and secretarial occupations,84,99,-15
E01000548,5. Skilled trades occupations,70,89,-19
E01000548,"6. Caring, leisure and other service occupations",82,106,-24
E01000548,7. Sales and customer service occupations,62,66,-4
E01000548,"8. Process, plant and machine operatives",61,43,18
E01000548,9. Elementary occupations,110,129,-19
E01000549,"1. Managers, directors and senior officials",210,177,33
E01000549,2. Professional occupations,359,323,36
E01000549,3. Associate professional and technical occupations,230,80,150
E01000549,4. Administrative and secretarial occupations,58,84,-26
E01000549,5. Skilled trades occupations,36,59,-23
E01000549,"6. Caring, leisure and other service occupations",68,69,-1
E01000549,7. Sales and customer service occupations,61,61,0
E01000549,"8. Process, plant and machine operatives",31,27,4
E01000549,9. Elementary occupations,65,56,9
E01000550,"1. Managers, directors and senior officials",118,67,51
E01000550,2. Professional occupations,226,210,16
E01000550,3. Associate professional and technical occupations,152,62,90
E01000550,4. Administrative and secretarial occupations,80,91,-11
E01000550,5. Skilled trades occupations,52,63,-11
E01000550,"6. Caring, leisure and other service occupations",91,88,3
E01000550,7. Sales and customer service occupations,80,85,-5
E01000550,"8. Process, plant and machine operatives",49,58,-9
E01000550,9. Elementary occupations,80,106,-26
E01000551,"1. Managers, directors and senior officials",135,65,70
E01000551,2. Professional occupations,240,108,132
E01000551,3. Associate professional and technical occupations,172,46,126
E01000551,4. Administrative and secretarial occupations,105,90,15
E01000551,5. Skilled trades occupations,86,66,20
E01000551,"6. Caring, leisure and other service occupations",165,86,79
E01000551,7. Sales and customer service occupations,141,98,43
E01000551,"8. Process, plant and machine operatives",119,64,55
E01000551,9. Elementary occupations,159,129,30
E01000552,"1. Managers, directors and senior officials",87,27,60
E01000552,2. Professional occupations,128,63,65
E01000552,3. Associate professional and technical occupations,83,27,56
E01000552,4. Administrative and secretarial occupations,67,86,-19
E01000552,5. Skilled trades occupations,35,52,-17
E01000552,"6. Caring, leisure and other service occupations",80,88,-8
E01000552,7. Sales and customer service occupations,55,90,-35
E01000552,"8. Process, plant and machine operatives",47,71,-24
E01000552,9. Elementary occupations,53,106,-53
E01000553,"1. Managers, directors and senior officials",99,94,5
E01000553,2. Professional occupations,196,162,34
E01000553,3. Associate professional and technical occupations,114,50,64
E01000553,4. Administrative and secretarial occupations,64,98,-34
E01000553,5. Skilled trades occupations,109,126,-17
E01000553,"6. Caring, leisure and other service occupations",112,105,7
E01000553,7. Sales and customer service occupations,91,81,10
E01000553,"8. Process, plant and machine operatives",71,71,0
E01000553,9. Elementary occupations,211,198,13
E01000554,"1. Managers, directors and senior officials",144,79,65
E01000554,2. Professional occupations,216,177,39
E01000554,3. Associate professional and technical occupations,105,42,63
E01000554,4. Administrative and secretarial occupations,68,87,-19
E01000554,5. Skilled trades occupations,91,105,-14
E01000554,"6. Caring, leisure and other service occupations",81,90,-9
E01000554,7. Sales and customer service occupations,77,77,0
E01000554,"8. Process, plant and machine operatives",52,54,-2
E01000554,9. Elementary occupations,123,144,-21
E01000555,"1. Managers, directors and senior officials",128,103,25
E01000555,2. Professional occupations,204,189,15
E01000555,3. Associate professional and technical occupations,104,36,68
E01000555,4. Administrative and secretarial occupations,49,79,-30
E01000555,5. Skilled trades occupations,45,63,-18
E01000555,"6. Caring, leisure and other service occupations",79,40,39
E01000555,7. Sales and customer service occupations,43,47,-4
E01000555,"8. Process, plant and machine operatives",29,35,-6
E01000555,9. Elementary occupations,76,60,16
E01000556,"1. Managers, directors and senior officials",95,97,-2
E01000556,2. Professional occupations,152,136,16
E01000556,3. Associate professional and technical occupations,140,63,77
E01000556,4. Administrative and secretarial occupations,59,103,-44
E01000556,5. Skilled trades occupations,165,104,61
E01000556,"6. Caring, leisure and other service occupations",100,96,4
E01000556,7. Sales and customer service occupations,86,93,-7
E01000556,"8. Process, plant and machine operatives",95,46,49
E01000556,9. Elementary occupations,228,204,24
E01000557,"1. Managers, directors and senior officials",119,94,25
E01000557,2. Professional occupations,190,221,-31
E01000557,3. Associate professional and technical occupations,136,39,97
E01000557,4. Administrative and secretarial occupations,60,103,-43
E01000557,5. Skilled trades occupations,81,98,-17
E01000557,"6. Caring, leisure and other service occupations",82,93,-11
E01000557,7. Sales and customer service occupations,74,101,-27
E01000557,"8. Process, plant and machine operatives",53,43,10
E01000557,9. Elementary occupations,132,140,-8
E01000558,"1. Managers, directors and senior officials",118,94,24
E01000558,2. Professional occupations,197,237,-40
E01000558,3. Associate professional and technical occupations,102,37,65
E01000558,4. Administrative and secretarial occupations,52,90,-38
E01000558,5. Skilled trades occupations,46,55,-9
E01000558,"6. Caring, leisure and other service occupations",46,67,-21
E01000558,7. Sales and customer service occupations,26,39,-13
E01000558,"8. Process, plant and machine operatives",19,27,-8
E01000558,9. Elementary occupations,66,65,1
E01000559,"1. Managers, directors and senior officials",98,96,2
E01000559,2. Professional occupations,207,201,6
E01000559,3. Associate professional and technical occupations,142,62,80
E01000559,4. Administrative and secretarial occupations,84,101,-17
E01000559,5. Skilled trades occupations,50,57,-7
E01000559,"6. Caring, leisure and other service occupations",57,55,2
E01000559,7. Sales and customer service occupations,39,68,-29
E01000559,"8. Process, plant and machine operatives",28,15,13
E01000559,9. Elementary occupations,62,62,0
E01000560,"1. Managers, directors and senior officials",131,108,23
E01000560,2. Professional occupations,281,298,-17
E01000560,3. Associate professional and technical occupations,155,54,101
E01000560,4. Administrative and secretarial occupations,59,91,-32
E01000560,5. Skilled trades occupations,42,52,-10
E01000560,"6. Caring, leisure and other service occupations",56,54,2
E01000560,7. Sales and customer service occupations,42,47,-5
E01000560,"8. Process, plant and machine operatives",27,14,13
E01000560,9. Elementary occupations,61,63,-2
E01000561,"1. Managers, directors and senior officials",111,98,13
E01000561,2. Professional occupations,284,247,37
E01000561,3. Associate professional and technical occupations,191,66,125
E01000561,4. Administrative and secretarial occupations,67,105,-38
E01000561,5. Skilled trades occupations,64,57,7
E01000561,"6. Caring, leisure and other service occupations",65,61,4
E01000561,7. Sales and customer service occupations,51,65,-14
E01000561,"8. Process, plant and machine operatives",60,40,20
E01000561,9. Elementary occupations,88,80,8
E01000562,"1. Managers, directors and senior officials",159,147,12
E01000562,2. Professional occupations,209,169,40
E01000562,3. Associate professional and technical occupations,65,25,40
E01000562,4. Administrative and secretarial occupations,89,89,0
E01000562,5. Skilled trades occupations,21,21,0
E01000562,"6. Caring, leisure and other service occupations",48,39,9
E01000562,7. Sales and customer service occupations,49,46,3
E01000562,"8. Process, plant and machine operatives",43,14,29
E01000562,9. Elementary occupations,52,25,27
E01000563,"1. Managers, directors and senior officials",154,117,37
E01000563,2. Professional occupations,242,184,58
E01000563,3. Associate professional and technical occupations,84,28,56
E01000563,4. Administrative and secretarial occupations,79,116,-37
E01000563,5. Skilled trades occupations,62,53,9
E01000563,"6. Caring, leisure and other service occupations",42,39,3
E01000563,7. Sales and customer service occupations,42,47,-5
E01000563,"8. Process, plant and machine operatives",38,41,-3
E01000563,9. Elementary occupations,69,42,27
E01000564,"1. Managers, directors and senior officials",82,58,24
E01000564,2. Professional occupations,146,87,59
E01000564,3. Associate professional and technical occupations,72,18,54
E01000564,4. Administrative and secretarial occupations,61,71,-10
E01000564,5. Skilled trades occupations,110,75,35
E01000564,"6. Caring, leisure and other service occupations",73,36,37
E01000564,7. Sales and customer service occupations,66,58,8
E01000564,"8. Process, plant and machine operatives",64,50,14
E01000564,9. Elementary occupations,114,86,28
E01000565,"1. Managers, directors and senior officials",82,82,0
E01000565,2. Professional occupations,153,163,-10
E01000565,3. Associate professional and technical occupations,73,44,29
E01000565,4. Administrative and secretarial occupations,59,77,-18
E01000565,5. Skilled trades occupations,43,34,9
E01000565,"6. Caring, leisure and other service occupations",66,49,17
E01000565,7. Sales and customer service occupations,43,75,-32
E01000565,"8. Process, plant and machine operatives",52,30,22
E01000565,9. Elementary occupations,85,67,18
E01000566,"1. Managers, directors and senior officials",109,81,28
E01000566,2. Professional occupations,157,162,-5
E01000566,3. Associate professional and technical occupations,94,29,65
E01000566,4. Administrative and secretarial occupations,94,112,-18
E01000566,5. Skilled trades occupations,77,64,13
E01000566,"6. Caring, leisure and other service occupations",63,64,-1
E01000566,7. Sales and customer service occupations,58,58,0
E01000566,"8. Process, plant and machine operatives",59,44,15
E01000566,9. Elementary occupations,71,59,12
E01000567,"1. Managers, directors and senior officials",88,87,1
E01000567,2. Professional occupations,130,172,-42
E01000567,3. Associate professional and technical occupations,61,38,23
E01000567,4. Administrative and secretarial occupations,62,95,-33
E01000567,5. Skilled trades occupations,70,75,-5
E01000567,"6. Caring, leisure and other service occupations",45,55,-10
E01000567,7. Sales and customer service occupations,48,73,-25
E01000567,"8. Process, plant and machine operatives",70,52,18
E01000567,9. Elementary occupations,77,81,-4
E01000568,"1. Managers, directors and senior officials",98,57,41
E01000568,2. Professional occupations,466,577,-111
E01000568,3. Associate professional and technical occupations,125,56,69
E01000568,4. Administrative and secretarial occupations,56,80,-24
E01000568,5. Skilled trades occupations,90,48,42
E01000568,"6. Caring, leisure and other service occupations",68,55,13
E01000568,7. Sales and customer service occupations,66,107,-41
E01000568,"8. Process, plant and machine operatives",45,30,15
E01000568,9. Elementary occupations,115,81,34
E01000569,"1. Managers, directors and senior officials",107,114,-7
E01000569,2. Professional occupations,223,182,41
E01000569,3. Associate professional and technical occupations,90,47,43
E01000569,4. Administrative and secretarial occupations,89,112,-23
E01000569,5. Skilled trades occupations,51,54,-3
E01000569,"6. Caring, leisure and other service occupations",34,59,-25
E01000569,7. Sales and customer service occupations,56,67,-11
E01000569,"8. Process, plant and machine operatives",45,40,5
E01000569,9. Elementary occupations,43,54,-11
E01000570,"1. Managers, directors and senior officials",69,57,12
E01000570,2. Professional occupations,114,79,35
E01000570,3. Associate professional and technical occupations,81,38,43
E01000570,4. Administrative and secretarial occupations,55,67,-12
E01000570,5. Skilled trades occupations,74,80,-6
E01000570,"6. Caring, leisure and other service occupations",75,50,25
E01000570,7. Sales and customer service occupations,73,97,-24
E01000570,"8. Process, plant and machine operatives",93,74,19
E01000570,9. Elementary occupations,128,111,17
E01000571,"1. Managers, directors and senior officials",113,112,1
E01000571,2. Professional occupations,188,135,53
E01000571,3. Associate professional and technical occupations,87,38,49
E01000571,4. Administrative and secretarial occupations,83,89,-6
E01000571,5. Skilled trades occupations,78,66,12
E01000571,"6. Caring, leisure and other service occupations",54,38,16
E01000571,7. Sales and customer service occupations,89,89,0
E01000571,"8. Process, plant and machine operatives",68,39,29
E01000571,9. Elementary occupations,141,79,62
E01000572,"1. Managers, directors and senior officials",84,84,0
E01000572,2. Professional occupations,164,148,16
E01000572,3. Associate professional and technical occupations,80,34,46
E01000572,4. Administrative and secretarial occupations,84,88,-4
E01000572,5. Skilled trades occupations,82,68,14
E01000572,"6. Caring, leisure and other service occupations",40,52,-12
E01000572,7. Sales and customer service occupations,58,75,-17
E01000572,"8. Process, plant and machine operatives",49,38,11
E01000572,9. Elementary occupations,80,64,16
E01000573,"1. Managers, directors and senior officials",77,64,13
E01000573,2. Professional occupations,157,143,14
E01000573,3. Associate professional and technical occupations,87,35,52
E01000573,4. Administrative and secretarial occupations,87,115,-28
E01000573,5. Skilled trades occupations,148,74,74
E01000573,"6. Caring, leisure and other service occupations",59,49,10
E01000573,7. Sales and customer service occupations,68,60,8
E01000573,"8. Process, plant and machine operatives",51,45,6
E01000573,9. Elementary occupations,89,88,1
E01000574,"1. Managers, directors and senior officials",116,63,53
E01000574,2. Professional occupations,149,120,29
E01000574,3. Associate professional and technical occupations,86,40,46
E01000574,4. Administrative and secretarial occupations,67,97,-30
E01000574,5. Skilled trades occupations,106,71,35
E01000574,"6. Caring, leisure and other service occupations",31,48,-17
E01000574,7. Sales and customer service occupations,75,52,23
E01000574,"8. Process, plant and machine operatives",85,36,49
E01000574,9. Elementary occupations,142,68,74
E01000575,"1. Managers, directors and senior officials",118,90,28
E01000575,2. Professional occupations,173,191,-18
E01000575,3. Associate professional and technical occupations,63,41,22
E01000575,4. Administrative and secretarial occupations,103,124,-21
E01000575,5. Skilled trades occupations,236,112,124
E01000575,"6. Caring, leisure and other service occupations",84,67,17
E01000575,7. Sales and customer service occupations,101,87,14
E01000575,"8. Process, plant and machine operatives",130,44,86
E01000575,9. Elementary occupations,188,123,65
E01000576,"1. Managers, directors and senior officials",130,86,44
E01000576,2. Professional occupations,218,154,64
E01000576,3. Associate professional and technical occupations,81,29,52
E01000576,4. Administrative and secretarial occupations,84,103,-19
E01000576,5. Skilled trades occupations,136,63,73
E01000576,"6. Caring, leisure and other service occupations",65,69,-4
E01000576,7. Sales and customer service occupations,83,82,1
E01000576,"8. Process, plant and machine operatives",65,49,16
E01000576,9. Elementary occupations,105,72,33
E01000577,"1. Managers, directors and senior officials",88,85,3
E01000577,2. Professional occupations,187,168,19
E01000577,3. Associate professional and technical occupations,104,47,57
E01000577,4. Administrative and secretarial occupations,93,108,-15
E01000577,5. Skilled trades occupations,155,96,59
E01000577,"6. Caring, leisure and other service occupations",115,110,5
E01000577,7. Sales and customer service occupations,93,106,-13
E01000577,"8. Process, plant and machine operatives",96,66,30
E01000577,9. Elementary occupations,179,143,36
E01000578,"1. Managers, directors and senior officials",135,91,44
E01000578,2. Professional occupations,204,147,57
E01000578,3. Associate professional and technical occupations,100,45,55
E01000578,4. Administrative and secretarial occupations,80,97,-17
E01000578,5. Skilled trades occupations,97,84,13
E01000578,"6. Caring, leisure and other service occupations",82,61,21
E01000578,7. Sales and customer service occupations,63,70,-7
E01000578,"8. Process, plant and machine operatives",80,62,18
E01000578,9. Elementary occupations,126,103,23
E01000579,"1. Managers, directors and senior officials",152,119,33
E01000579,2. Professional occupations,229,161,68
E01000579,3. Associate professional and technical occupations,170,56,114
E01000579,4. Administrative and secretarial occupations,61,86,-25
E01000579,5. Skilled trades occupations,45,72,-27
E01000579,"6. Caring, leisure and other service occupations",65,71,-6
E01000579,7. Sales and customer service occupations,48,56,-8
E01000579,"8. Process, plant and machine operatives",32,39,-7
E01000579,9. Elementary occupations,56,89,-33
E01000580,"1. Managers, directors and senior officials",254,165,89
E01000580,2. Professional occupations,289,287,2
E01000580,3. Associate professional and technical occupations,220,58,162
E01000580,4. Administrative and secretarial occupations,54,105,-51
E01000580,5. Skilled trades occupations,36,66,-30
E01000580,"6. Caring, leisure and other service occupations",62,66,-4
E01000580,7. Sales and customer service occupations,39,38,1
E01000580,"8. Process, plant and machine operatives",20,37,-17
E01000580,9. Elementary occupations,33,60,-27
E01000581,"1. Managers, directors and senior officials",156,124,32
E01000581,2. Professional occupations,197,187,10
E01000581,3. Associate professional and technical occupations,193,61,132
E01000581,4. Administrative and secretarial occupations,45,71,-26
E01000581,5. Skilled trades occupations,24,66,-42
E01000581,"6. Caring, leisure and other service occupations",55,51,4
E01000581,7. Sales and customer service occupations,31,49,-18
E01000581,"8. Process, plant and machine operatives",16,29,-13
E01000581,9. Elementary occupations,47,53,-6
E01000582,"1. Managers, directors and senior officials",231,168,63
E01000582,2. Professional occupations,285,273,12
E01000582,3. Associate professional and technical occupations,197,63,134
E01000582,4. Administrative and secretarial occupations,49,78,-29
E01000582,5. Skilled trades occupations,21,54,-33
E01000582,"6. Caring, leisure and other service occupations",45,67,-22
E01000582,7. Sales and customer service occupations,26,43,-17
E01000582,"8. Process, plant and machine operatives",18,16,2
E01000582,9. Elementary occupations,42,60,-18
E01000583,"1. Managers, directors and senior officials",227,166,61
E01000583,2. Professional occupations,319,334,-15
E01000583,3. Associate professional and technical occupations,234,100,134
E01000583,4. Administrative and secretarial occupations,78,120,-42
E01000583,5. Skilled trades occupations,37,72,-35
E01000583,"6. Caring, leisure and other service occupations",56,73,-17
E01000583,7. Sales and customer service occupations,51,79,-28
E01000583,"8. Process, plant and machine operatives",30,32,-2
E01000583,9. Elementary occupations,78,110,-32
E01000584,"1. Managers, directors and senior officials",159,115,44
E01000584,2. Professional occupations,193,174,19
E01000584,3. Associate professional and technical occupations,174,55,119
E01000584,4. Administrative and secretarial occupations,49,86,-37
E01000584,5. Skilled trades occupations,44,78,-34
E01000584,"6. Caring, leisure and other service occupations",56,71,-15
E01000584,7. Sales and customer service occupations,39,63,-24
E01000584,"8. Process, plant and machine operatives",27,51,-24
E01000584,9. Elementary occupations,55,92,-37
E01000585,"1. Managers, directors and senior officials",178,143,35
E01000585,2. Professional occupations,218,220,-2
E01000585,3. Associate professional and technical occupations,199,60,139
E01000585,4. Administrative and secretarial occupations,33,89,-56
E01000585,5. Skilled trades occupations,45,86,-41
E01000585,"6. Caring, leisure and other service occupations",59,64,-5
E01000585,7. Sales and customer service occupations,40,63,-23
E01000585,"8. Process, plant and machine operatives",28,37,-9
E01000585,9. Elementary occupations,50,81,-31
E01000586,"1. Managers, directors and senior officials",217,181,36
E01000586,2. Professional occupations,366,304,62
E01000586,3. Associate professional and technical occupations,266,77,189
E01000586,4. Administrative and secretarial occupations,84,130,-46
E01000586,5. Skilled trades occupations,67,112,-45
E01000586,"6. Caring, leisure and other service occupations",133,154,-21
E01000586,7. Sales and customer service occupations,75,85,-10
E01000586,"8. Process, plant and machine operatives",58,42,16
E01000586,9. Elementary occupations,134,145,-11
E01000587,"1. Managers, directors and senior officials",110,77,33
E01000587,2. Professional occupations,128,112,16
E01000587,3. Associate professional and technical occupations,83,35,48
E01000587,4. Administrative and secretarial occupations,69,113,-44
E01000587,5. Skilled trades occupations,151,118,33
E01000587,"6. Caring, leisure and other service occupations",52,50,2
E01000587,7. Sales and customer service occupations,65,86,-21
E01000587,"8. Process, plant and machine operatives",62,47,15
E01000587,9. Elementary occupations,108,89,19
E01000589,"1. Managers, directors and senior officials",142,91,51
E01000589,2. Professional occupations,231,145,86
E01000589,3. Associate professional and technical occupations,139,38,101
E01000589,4. Administrative and secretarial occupations,128,133,-5
E01000589,5. Skilled trades occupations,173,112,61
E01000589,"6. Caring, leisure and other service occupations",72,52,20
E01000589,7. Sales and customer service occupations,128,128,0
E01000589,"8. Process, plant and machine operatives",100,60,40
E01000589,9. Elementary occupations,162,108,54
E01000590,"1. Managers, directors and senior officials",106,91,15
E01000590,2. Professional occupations,188,153,35
E01000590,3. Associate professional and technical occupations,108,41,67
E01000590,4. Administrative and secretarial occupations,87,106,-19
E01000590,5. Skilled trades occupations,137,113,24
E01000590,"6. Caring, leisure and other service occupations",66,58,8
E01000590,7. Sales and customer service occupations,83,94,-11
E01000590,"8. Process, plant and machine operatives",69,47,22
E01000590,9. Elementary occupations,132,73,59
E01000591,"1. Managers, directors and senior officials",101,80,21
E01000591,2. Professional occupations,146,147,-1
E01000591,3. Associate professional and technical occupations,89,50,39
E01000591,4. Administrative and secretarial occupations,88,130,-42
E01000591,5. Skilled trades occupations,187,114,73
E01000591,"6. Caring, leisure and other service occupations",80,61,19
E01000591,7. Sales and customer service occupations,96,125,-29
E01000591,"8. Process, plant and machine operatives",98,55,43
E01000591,9. Elementary occupations,172,113,59
E01000592,"1. Managers, directors and senior officials",95,86,9
E01000592,2. Professional occupations,209,125,84
E01000592,3. Associate professional and technical occupations,107,38,69
E01000592,4. Administrative and secretarial occupations,84,96,-12
E01000592,5. Skilled trades occupations,133,107,26
E01000592,"6. Caring, leisure and other service occupations",78,57,21
E01000592,7. Sales and customer service occupations,80,82,-2
E01000592,"8. Process, plant and machine operatives",52,46,6
E01000592,9. Elementary occupations,119,94,25
E01000593,"1. Managers, directors and senior officials",126,98,28
E01000593,2. Professional occupations,163,194,-31
E01000593,3. Associate professional and technical occupations,100,54,46
E01000593,4. Administrative and secretarial occupations,91,162,-71
E01000593,5. Skilled trades occupations,159,115,44
E01000593,"6. Caring, leisure and other service occupations",85,68,17
E01000593,7. Sales and customer service occupations,83,108,-25
E01000593,"8. Process, plant and machine operatives",77,65,12
E01000593,9. Elementary occupations,129,103,26
E01000594,"1. Managers, directors and senior officials",88,91,-3
E01000594,2. Professional occupations,119,115,4
E01000594,3. Associate professional and technical occupations,91,30,61
E01000594,4. Administrative and secretarial occupations,81,110,-29
E01000594,5. Skilled trades occupations,178,118,60
E01000594,"6. Caring, leisure and other service occupations",83,63,20
E01000594,7. Sales and customer service occupations,74,83,-9
E01000594,"8. Process, plant and machine operatives",73,47,26
E01000594,9. Elementary occupations,154,95,59
E01000595,"1. Managers, directors and senior officials",32,25,7
E01000595,2. Professional occupations,82,63,19
E01000595,3. Associate professional and technical occupations,66,23,43
E01000595,4. Administrative and secretarial occupations,56,60,-4
E01000595,5. Skilled trades occupations,76,71,5
E01000595,"6. Caring, leisure and other service occupations",86,55,31
E01000595,7. Sales and customer service occupations,62,66,-4
E01000595,"8. Process, plant and machine operatives",64,40,24
E01000595,9. Elementary occupations,126,104,22
E01000596,"1. Managers, directors and senior officials",35,25,10
E01000596,2. Professional occupations,59,46,13
E01000596,3. Associate professional and technical occupations,77,18,59
E01000596,4. Administrative and secretarial occupations,47,71,-24
E01000596,5. Skilled trades occupations,63,44,19
E01000596,"6. Caring, leisure and other service occupations",92,67,25
E01000596,7. Sales and customer service occupations,66,87,-21
E01000596,"8. Process, plant and machine operatives",84,68,16
E01000596,9. Elementary occupations,110,96,14
E01000599,"1. Managers, directors and senior officials",80,28,52
E01000599,2. Professional occupations,152,85,67
E01000599,3. Associate professional and technical occupations,102,26,76
E01000599,4. Administrative and secretarial occupations,62,48,14
E01000599,5. Skilled trades occupations,49,35,14
E01000599,"6. Caring, leisure and other service occupations",117,70,47
E01000599,7. Sales and customer service occupations,81,79,2
E01000599,"8. Process, plant and machine operatives",66,46,20
E01000599,9. Elementary occupations,87,71,16
E01000601,"1. Managers, directors and senior officials",22,31,-9
E01000601,2. Professional occupations,50,54,-4
E01000601,3. Associate professional and technical occupations,50,21,29
E01000601,4. Administrative and secretarial occupations,48,47,1
E01000601,5. Skilled trades occupations,33,68,-35
E01000601,"6. Caring, leisure and other service occupations",77,69,8
E01000601,7. Sales and customer service occupations,49,71,-22
E01000601,"8. Process, plant and machine operatives",50,52,-2
E01000601,9. Elementary occupations,82,82,0
E01000602,"1. Managers, directors and senior officials",34,32,2
E01000602,2. Professional occupations,64,51,13
E01000602,3. Associate professional and technical occupations,58,26,32
E01000602,4. Administrative and secretarial occupations,51,48,3
E01000602,5. Skilled trades occupations,48,62,-14
E01000602,"6. Caring, leisure and other service occupations",65,76,-11
E01000602,7. Sales and customer service occupations,82,76,6
E01000602,"8. Process, plant and machine operatives",77,60,17
E01000602,9. Elementary occupations,79,96,-17
E01000603,"1. Managers, directors and senior officials",33,30,3
E01000603,2. Professional occupations,77,72,5
E01000603,3. Associate professional and technical occupations,41,21,20
E01000603,4. Administrative and secretarial occupations,35,67,-32
E01000603,5. Skilled trades occupations,47,62,-15
E01000603,"6. Caring, leisure and other service occupations",87,75,12
E01000603,7. Sales and customer service occupations,56,85,-29
E01000603,"8. Process, plant and machine operatives",64,59,5
E01000603,9. Elementary occupations,109,115,-6
E01000604,"1. Managers, directors and senior officials",30,42,-12
E01000604,2. Professional occupations,104,61,43
E01000604,3. Associate professional and technical occupations,67,24,43
E01000604,4. Administrative and secretarial occupations,52,77,-25
E01000604,5. Skilled trades occupations,57,54,3
E01000604,"6. Caring, leisure and other service occupations",91,73,18
E01000604,7. Sales and customer service occupations,74,96,-22
E01000604,"8. Process, plant and machine operatives",97,68,29
E01000604,9. Elementary occupations,99,87,12
E01000605,"1. Managers, directors and senior officials",38,44,-6
E01000605,2. Professional occupations,66,42,24
E01000605,3. Associate professional and technical occupations,48,14,34
E01000605,4. Administrative and secretarial occupations,51,63,-12
E01000605,5. Skilled trades occupations,57,42,15
E01000605,"6. Caring, leisure and other service occupations",84,79,5
E01000605,7. Sales and customer service occupations,61,87,-26
E01000605,"8. Process, plant and machine operatives",92,58,34
E01000605,9. Elementary occupations,76,108,-32
E01000606,"1. Managers, directors and senior officials",70,65,5
E01000606,2. Professional occupations,126,107,19
E01000606,3. Associate professional and technical occupations,84,22,62
E01000606,4. Administrative and secretarial occupations,65,95,-30
E01000606,5. Skilled trades occupations,86,100,-14
E01000606,"6. Caring, leisure and other service occupations",77,63,14
E01000606,7. Sales and customer service occupations,115,104,11
E01000606,"8. Process, plant and machine operatives",70,63,7
E01000606,9. Elementary occupations,160,137,23
E01000607,"1. Managers, directors and senior officials",119,110,9
E01000607,2. Professional occupations,155,137,18
E01000607,3. Associate professional and technical occupations,91,36,55
E01000607,4. Administrative and secretarial occupations,97,129,-32
E01000607,5. Skilled trades occupations,153,82,71
E01000607,"6. Caring, leisure and other service occupations",115,76,39
E01000607,7. Sales and customer service occupations,151,143,8
E01000607,"8. Process, plant and machine operatives",115,87,28
E01000607,9. Elementary occupations,208,179,29
E01000608,"1. Managers, directors and senior officials",105,100,5
E01000608,2. Professional occupations,155,125,30
E01000608,3. Associate professional and technical occupations,104,49,55
E01000608,4. Administrative and secretarial occupations,78,95,-17
E01000608,5. Skilled trades occupations,117,82,35
E01000608,"6. Caring, leisure and other service occupations",120,88,32
E01000608,7. Sales and customer service occupations,146,164,-18
E01000608,"8. Process, plant and machine operatives",120,101,19
E01000608,9. Elementary occupations,202,202,0
E01000609,"1. Managers, directors and senior officials",89,90,-1
E01000609,2. Professional occupations,141,128,13
E01000609,3. Associate professional and technical occupations,92,32,60
E01000609,4. Administrative and secretarial occupations,99,119,-20
E01000609,5. Skilled trades occupations,95,94,1
E01000609,"6. Caring, leisure and other service occupations",74,71,3
E01000609,7. Sales and customer service occupations,113,101,12
E01000609,"8. Process, plant and machine operatives",98,104,-6
E01000609,9. Elementary occupations,208,156,52
E01000610,"1. Managers, directors and senior officials",90,96,-6
E01000610,2. Professional occupations,150,143,7
E01000610,3. Associate professional and technical occupations,95,30,65
E01000610,4. Administrative and secretarial occupations,82,107,-25
E01000610,5. Skilled trades occupations,88,77,11
E01000610,"6. Caring, leisure and other service occupations",72,88,-16
E01000610,7. Sales and customer service occupations,118,111,7
E01000610,"8. Process, plant and machine operatives",120,74,46
E01000610,9. Elementary occupations,171,134,37
E01000611,"1. Managers, directors and senior officials",101,58,43
E01000611,2. Professional occupations,212,83,129
E01000611,3. Associate professional and technical occupations,107,26,81
E01000611,4. Administrative and secretarial occupations,95,83,12
E01000611,5. Skilled trades occupations,75,48,27
E01000611,"6. Caring, leisure and other service occupations",94,56,38
E01000611,7. Sales and customer service occupations,96,93,3
E01000611,"8. Process, plant and machine operatives",91,55,36
E01000611,9. Elementary occupations,127,114,13
E01000612,"1. Managers, directors and senior officials",72,57,15
E01000612,2. Professional occupations,113,114,-1
E01000612,3. Associate professional and technical occupations,95,26,69
E01000612,4. Administrative and secretarial occupations,73,112,-39
E01000612,5. Skilled trades occupations,86,73,13
E01000612,"6. Caring, leisure and other service occupations",72,48,24
E01000612,7. Sales and customer service occupations,79,127,-48
E01000612,"8. Process, plant and machine operatives",90,77,13
E01000612,9. Elementary occupations,161,133,28
E01000613,"1. Managers, directors and senior officials",80,110,-30
E01000613,2. Professional occupations,142,157,-15
E01000613,3. Associate professional and technical occupations,87,42,45
E01000613,4. Administrative and secretarial occupations,88,114,-26
E01000613,5. Skilled trades occupations,82,103,-21
E01000613,"6. Caring, leisure and other service occupations",68,78,-10
E01000613,7. Sales and customer service occupations,89,102,-13
E01000613,"8. Process, plant and machine operatives",74,80,-6
E01000613,9. Elementary occupations,121,131,-10
E01000615,"1. Managers, directors and senior officials",134,50,84
E01000615,2. Professional occupations,252,153,99
E01000615,3. Associate professional and technical occupations,184,40,144
E01000615,4. Administrative and secretarial occupations,119,89,30
E01000615,5. Skilled trades occupations,114,92,22
E01000615,"6. Caring, leisure and other service occupations",77,59,18
E01000615,7. Sales and customer service occupations,157,69,88
E01000615,"8. Process, plant and machine operatives",87,74,13
E01000615,9. Elementary occupations,191,105,86
E01000616,"1. Managers, directors and senior officials",74,64,10
E01000616,2. Professional occupations,113,126,-13
E01000616,3. Associate professional and technical occupations,124,35,89
E01000616,4. Administrative and secretarial occupations,93,96,-3
E01000616,5. Skilled trades occupations,114,100,14
E01000616,"6. Caring, leisure and other service occupations",102,74,28
E01000616,7. Sales and customer service occupations,116,98,18
E01000616,"8. Process, plant and machine operatives",102,69,33
E01000616,9. Elementary occupations,238,206,32
E01000617,"1. Managers, directors and senior officials",121,51,70
E01000617,2. Professional occupations,214,123,91
E01000617,3. Associate professional and technical occupations,120,36,84
E01000617,4. Administrative and secretarial occupations,86,85,1
E01000617,5. Skilled trades occupations,100,87,13
E01000617,"6. Caring, leisure and other service occupations",82,58,24
E01000617,7. Sales and customer service occupations,109,112,-3
E01000617,"8. Process, plant and machine operatives",131,93,38
E01000617,9. Elementary occupations,183,144,39
E01000618,"1. Managers, directors and senior officials",70,42,28
E01000618,2. Professional occupations,110,76,34
E01000618,3. Associate professional and technical occupations,81,17,64
E01000618,4. Administrative and secretarial occupations,81,62,19
E01000618,5. Skilled trades occupations,90,51,39
E01000618,"6. Caring, leisure and other service occupations",49,44,5
E01000618,7. Sales and customer service occupations,82,49,33
E01000618,"8. Process, plant and machine operatives",108,52,56
E01000618,9. Elementary occupations,139,76,63
E01000619,"1. Managers, directors and senior officials",60,40,20
E01000619,2. Professional occupations,114,105,9
E01000619,3. Associate professional and technical occupations,69,34,35
E01000619,4. Administrative and secretarial occupations,82,108,-26
E01000619,5. Skilled trades occupations,84,104,-20
E01000619,"6. Caring, leisure and other service occupations",70,48,22
E01000619,7. Sales and customer service occupations,76,94,-18
E01000619,"8. Process, plant and machine operatives",86,80,6
E01000619,9. Elementary occupations,134,133,1
E01000620,"1. Managers, directors and senior officials",64,48,16
E01000620,2. Professional occupations,121,101,20
E01000620,3. Associate professional and technical occupations,61,29,32
E01000620,4. Administrative and secretarial occupations,74,100,-26
E01000620,5. Skilled trades occupations,91,86,5
E01000620,"6. Caring, leisure and other service occupations",66,55,11
E01000620,7. Sales and customer service occupations,76,97,-21
E01000620,"8. Process, plant and machine operatives",115,83,32
E01000620,9. Elementary occupations,154,151,3
E01000621,"1. Managers, directors and senior officials",66,69,-3
E01000621,2. Professional occupations,120,123,-3
E01000621,3. Associate professional and technical occupations,74,40,34
E01000621,4. Administrative and secretarial occupations,101,117,-16
E01000621,5. Skilled trades occupations,109,145,-36
E01000621,"6. Caring, leisure and other service occupations",69,84,-15
E01000621,7. Sales and customer service occupations,65,116,-51
E01000621,"8. Process, plant and machine operatives",108,114,-6
E01000621,9. Elementary occupations,192,210,-18
E01000622,"1. Managers, directors and senior officials",80,56,24
E01000622,2. Professional occupations,88,87,1
E01000622,3. Associate professional and technical occupations,69,24,45
E01000622,4. Administrative and secretarial occupations,50,79,-29
E01000622,5. Skilled trades occupations,136,147,-11
E01000622,"6. Caring, leisure and other service occupations",88,63,25
E01000622,7. Sales and customer service occupations,68,56,12
E01000622,"8. Process, plant and machine operatives",99,57,42
E01000622,9. Elementary occupations,164,156,8
E01000623,"1. Managers, directors and senior officials",93,82,11
E01000623,2. Professional occupations,183,141,42
E01000623,3. Associate professional and technical occupations,98,38,60
E01000623,4. Administrative and secretarial occupations,96,120,-24
E01000623,5. Skilled trades occupations,128,119,9
E01000623,"6. Caring, leisure and other service occupations",71,52,19
E01000623,7. Sales and customer service occupations,71,84,-13
E01000623,"8. Process, plant and machine operatives",84,54,30
E01000623,9. Elementary occupations,106,88,18
E01000624,"1. Managers, directors and senior officials",97,84,13
E01000624,2. Professional occupations,139,88,51
E01000624,3. Associate professional and technical occupations,85,31,54
E01000624,4. Administrative and secretarial occupations,98,120,-22
E01000624,5. Skilled trades occupations,115,101,14
E01000624,"6. Caring, leisure and other service occupations",61,60,1
E01000624,7. Sales and customer service occupations,74,88,-14
E01000624,"8. Process, plant and machine operatives",52,47,5
E01000624,9. Elementary occupations,81,82,-1
E01000625,"1. Managers, directors and senior officials",88,83,5
E01000625,2. Professional occupations,166,137,29
E01000625,3. Associate professional and technical occupations,59,29,30
E01000625,4. Administrative and secretarial occupations,59,90,-31
E01000625,5. Skilled trades occupations,84,70,14
E01000625,"6. Caring, leisure and other service occupations",46,48,-2
E01000625,7. Sales and customer service occupations,60,57,3
E01000625,"8. Process, plant and machine operatives",61,40,21
E01000625,9. Elementary occupations,80,65,15
E01000626,"1. Managers, directors and senior officials",48,37,11
E01000626,2. Professional occupations,92,45,47
E01000626,3. Associate professional and technical occupations,73,31,42
E01000626,4. Administrative and secretarial occupations,75,78,-3
E01000626,5. Skilled trades occupations,85,73,12
E01000626,"6. Caring, leisure and other service occupations",81,82,-1
E01000626,7. Sales and customer service occupations,40,57,-17
E01000626,"8. Process, plant and machine operatives",60,52,8
E01000626,9. Elementary occupations,119,91,28
E01000627,"1. Managers, directors and senior officials",69,54,15
E01000627,2. Professional occupations,91,69,22
E01000627,3. Associate professional and technical occupations,77,28,49
E01000627,4. Administrative and secretarial occupations,77,88,-11
E01000627,5. Skilled trades occupations,149,129,20
E01000627,"6. Caring, leisure and other service occupations",82,88,-6
E01000627,7. Sales and customer service occupations,72,86,-14
E01000627,"8. Process, plant and machine operatives",116,79,37
E01000627,9. Elementary occupations,185,158,27
E01000628,"1. Managers, directors and senior officials",65,76,-11
E01000628,2. Professional occupations,102,97,5
E01000628,3. Associate professional and technical occupations,62,32,30
E01000628,4. Administrative and secretarial occupations,68,90,-22
E01000628,5. Skilled trades occupations,130,114,16
E01000628,"6. Caring, leisure and other service occupations",77,60,17
E01000628,7. Sales and customer service occupations,50,85,-35
E01000628,"8. Process, plant and machine operatives",69,87,-18
E01000628,9. Elementary occupations,152,133,19
E01000629,"1. Managers, directors and senior officials",94,72,22
E01000629,2. Professional occupations,139,117,22
E01000629,3. Associate professional and technical occupations,97,21,76
E01000629,4. Administrative and secretarial occupations,78,122,-44
E01000629,5. Skilled trades occupations,126,169,-43
E01000629,"6. Caring, leisure and other service occupations",78,85,-7
E01000629,7. Sales and customer service occupations,96,105,-9
E01000629,"8. Process, plant and machine operatives",95,84,11
E01000629,9. Elementary occupations,142,134,8
E01000630,"1. Managers, directors and senior officials",115,68,47
E01000630,2. Professional occupations,205,102,103
E01000630,3. Associate professional and technical occupations,147,41,106
E01000630,4. Administrative and secretarial occupations,89,114,-25
E01000630,5. Skilled trades occupations,102,102,0
E01000630,"6. Caring, leisure and other service occupations",107,97,10
E01000630,7. Sales and customer service occupations,162,141,21
E01000630,"8. Process, plant and machine operatives",163,106,57
E01000630,9. Elementary occupations,275,200,75
E01000631,"1. Managers, directors and senior officials",104,84,20
E01000631,2. Professional occupations,147,136,11
E01000631,3. Associate professional and technical occupations,75,44,31
E01000631,4. Administrative and secretarial occupations,82,103,-21
E01000631,5. Skilled trades occupations,100,77,23
E01000631,"6. Caring, leisure and other service occupations",69,71,-2
E01000631,7. Sales and customer service occupations,124,106,18
E01000631,"8. Process, plant and machine operatives",114,81,33
E01000631,9. Elementary occupations,187,151,36
E01000632,"1. Managers, directors and senior officials",109,76,33
E01000632,2. Professional occupations,147,97,50
E01000632,3. Associate professional and technical occupations,91,39,52
E01000632,4. Administrative and secretarial occupations,91,115,-24
E01000632,5. Skilled trades occupations,100,91,9
E01000632,"6. Caring, leisure and other service occupations",62,69,-7
E01000632,7. Sales and customer service occupations,149,141,8
E01000632,"8. Process, plant and machine operatives",151,106,45
E01000632,9. Elementary occupations,264,200,64
E01000633,"1. Managers, directors and senior officials",88,75,13
E01000633,2. Professional occupations,107,113,-6
E01000633,3. Associate professional and technical occupations,80,25,55
E01000633,4. Administrative and secretarial occupations,83,86,-3
E01000633,5. Skilled trades occupations,88,92,-4
E01000633,"6. Caring, leisure and other service occupations",74,66,8
E01000633,7. Sales and customer service occupations,186,137,49
E01000633,"8. Process, plant and machine operatives",208,125,83
E01000633,9. Elementary occupations,286,217,69
E01000634,"1. Managers, directors and senior officials",103,89,14
E01000634,2. Professional occupations,148,119,29
E01000634,3. Associate professional and technical occupations,106,39,67
E01000634,4. Administrative and secretarial occupations,116,91,25
E01000634,5. Skilled trades occupations,128,89,39
E01000634,"6. Caring, leisure and other service occupations",97,99,-2
E01000634,7. Sales and customer service occupations,139,140,-1
E01000634,"8. Process, plant and machine operatives",160,129,31
E01000634,9. Elementary occupations,270,234,36
E01000636,"1. Managers, directors and senior officials",92,57,35
E01000636,2. Professional occupations,171,106,65
E01000636,3. Associate professional and technical occupations,121,27,94
E01000636,4. Administrative and secretarial occupations,116,96,20
E01000636,5. Skilled trades occupations,109,103,6
E01000636,"6. Caring, leisure and other service occupations",117,76,41
E01000636,7. Sales and customer service occupations,159,116,43
E01000636,"8. Process, plant and machine operatives",160,92,68
E01000636,9. Elementary occupations,297,196,101
E01000637,"1. Managers, directors and senior officials",88,83,5
E01000637,2. Professional occupations,156,162,-6
E01000637,3. Associate professional and technical occupations,119,49,70
E01000637,4. Administrative and secretarial occupations,44,95,-51
E01000637,5. Skilled trades occupations,63,83,-20
E01000637,"6. Caring, leisure and other service occupations",68,63,5
E01000637,7. Sales and customer service occupations,45,61,-16
E01000637,"8. Process, plant and machine operatives",43,38,5
E01000637,9. Elementary occupations,110,138,-28
E01000638,"1. Managers, directors and senior officials",80,56,24
E01000638,2. Professional occupations,135,94,41
E01000638,3. Associate professional and technical occupations,73,36,37
E01000638,4. Administrative and secretarial occupations,70,80,-10
E01000638,5. Skilled trades occupations,125,144,-19
E01000638,"6. Caring, leisure and other service occupations",141,81,60
E01000638,7. Sales and customer service occupations,78,84,-6
E01000638,"8. Process, plant and machine operatives",87,79,8
E01000638,9. Elementary occupations,201,225,-24
E01000639,"1. Managers, directors and senior officials",125,86,39
E01000639,2. Professional occupations,195,212,-17
E01000639,3. Associate professional and technical occupations,147,76,71
E01000639,4. Administrative and secretarial occupations,75,113,-38
E01000639,5. Skilled trades occupations,97,99,-2
E01000639,"6. Caring, leisure and other service occupations",99,91,8
E01000639,7. Sales and customer service occupations,71,82,-11
E01000639,"8. Process, plant and machine operatives",49,43,6
E01000639,9. Elementary occupations,121,145,-24
E01000640,"1. Managers, directors and senior officials",89,59,30
E01000640,2. Professional occupations,125,109,16
E01000640,3. Associate professional and technical occupations,99,33,66
E01000640,4. Administrative and secretarial occupations,63,83,-20
E01000640,5. Skilled trades occupations,123,147,-24
E01000640,"6. Caring, leisure and other service occupations",146,145,1
E01000640,7. Sales and customer service occupations,78,95,-17
E01000640,"8. Process, plant and machine operatives",76,68,8
E01000640,9. Elementary occupations,190,225,-35
E01000641,"1. Managers, directors and senior officials",94,67,27
E01000641,2. Professional occupations,131,111,20
E01000641,3. Associate professional and technical occupations,82,46,36
E01000641,4. Administrative and secretarial occupations,65,94,-29
E01000641,5. Skilled trades occupations,95,129,-34
E01000641,"6. Caring, leisure and other service occupations",96,102,-6
E01000641,7. Sales and customer service occupations,77,98,-21
E01000641,"8. Process, plant and machine operatives",58,58,0
E01000641,9. Elementary occupations,155,160,-5
E01000642,"1. Managers, directors and senior officials",149,108,41
E01000642,2. Professional occupations,238,257,-19
E01000642,3. Associate professional and technical occupations,172,84,88
E01000642,4. Administrative and secretarial occupations,86,111,-25
E01000642,5. Skilled trades occupations,147,132,15
E01000642,"6. Caring, leisure and other service occupations",90,70,20
E01000642,7. Sales and customer service occupations,119,89,30
E01000642,"8. Process, plant and machine operatives",57,56,1
E01000642,9. Elementary occupations,213,179,34
E01000643,"1. Managers, directors and senior officials",89,55,34
E01000643,2. Professional occupations,168,136,32
E01000643,3. Associate professional and technical occupations,128,33,95
E01000643,4. Administrative and secretarial occupations,84,85,-1
E01000643,5. Skilled trades occupations,68,80,-12
E01000643,"6. Caring, leisure and other service occupations",118,75,43
E01000643,7. Sales and customer service occupations,91,93,-2
E01000643,"8. Process, plant and machine operatives",53,70,-17
E01000643,9. Elementary occupations,101,117,-16
E01000644,"1. Managers, directors and senior officials",121,88,33
E01000644,2. Professional occupations,184,182,2
E01000644,3. Associate professional and technical occupations,166,61,105
E01000644,4. Administrative and secretarial occupations,60,102,-42
E01000644,5. Skilled trades occupations,96,89,7
E01000644,"6. Caring, leisure and other service occupations",88,101,-13
E01000644,7. Sales and customer service occupations,65,68,-3
E01000644,"8. Process, plant and machine operatives",48,52,-4
E01000644,9. Elementary occupations,116,131,-15
E01000645,"1. Managers, directors and senior officials",215,181,34
E01000645,2. Professional occupations,235,177,58
E01000645,3. Associate professional and technical occupations,112,31,81
E01000645,4. Administrative and secretarial occupations,72,93,-21
E01000645,5. Skilled trades occupations,17,15,2
E01000645,"6. Caring, leisure and other service occupations",22,19,3
E01000645,7. Sales and customer service occupations,20,24,-4
E01000645,"8. Process, plant and machine operatives",10,9,1
E01000645,9. Elementary occupations,17,12,5
E01000646,"1. Managers, directors and senior officials",167,131,36
E01000646,2. Professional occupations,260,212,48
E01000646,3. Associate professional and technical occupations,146,52,94
E01000646,4. Administrative and secretarial occupations,93,106,-13
E01000646,5. Skilled trades occupations,57,65,-8
E01000646,"6. Caring, leisure and other service occupations",36,50,-14
E01000646,7. Sales and customer service occupations,48,44,4
E01000646,"8. Process, plant and machine operatives",36,21,15
E01000646,9. Elementary occupations,56,36,20
E01000647,"1. Managers, directors and senior officials",143,108,35
E01000647,2. Professional occupations,260,192,68
E01000647,3. Associate professional and technical occupations,143,66,77
E01000647,4. Administrative and secretarial occupations,104,131,-27
E01000647,5. Skilled trades occupations,77,85,-8
E01000647,"6. Caring, leisure and other service occupations",60,59,1
E01000647,7. Sales and customer service occupations,47,60,-13
E01000647,"8. Process, plant and machine operatives",21,22,-1
E01000647,9. Elementary occupations,47,40,7
E01000648,"1. Managers, directors and senior officials",190,122,68
E01000648,2. Professional occupations,293,217,76
E01000648,3. Associate professional and technical occupations,159,62,97
E01000648,4. Administrative and secretarial occupations,112,127,-15
E01000648,5. Skilled trades occupations,68,65,3
E01000648,"6. Caring, leisure and other service occupations",54,66,-12
E01000648,7. Sales and customer service occupations,47,50,-3
E01000648,"8. Process, plant and machine operatives",20,43,-23
E01000648,9. Elementary occupations,46,40,6
E01000649,"1. Managers, directors and senior officials",280,216,64
E01000649,2. Professional occupations,315,263,52
E01000649,3. Associate professional and technical occupations,163,41,122
E01000649,4. Administrative and secretarial occupations,83,125,-42
E01000649,5. Skilled trades occupations,33,40,-7
E01000649,"6. Caring, leisure and other service occupations",35,48,-13
E01000649,7. Sales and customer service occupations,43,54,-11
E01000649,"8. Process, plant and machine operatives",20,24,-4
E01000649,9. Elementary occupations,26,24,2
E01000650,"1. Managers, directors and senior officials",197,171,26
E01000650,2. Professional occupations,256,221,35
E01000650,3. Associate professional and technical occupations,102,44,58
E01000650,4. Administrative and secretarial occupations,88,104,-16
E01000650,5. Skilled trades occupations,29,33,-4
E01000650,"6. Caring, leisure and other service occupations",30,47,-17
E01000650,7. Sales and customer service occupations,27,44,-17
E01000650,"8. Process, plant and machine operatives",26,20,6
E01000650,9. Elementary occupations,13,23,-10
E01000651,"1. Managers, directors and senior officials",140,91,49
E01000651,2. Professional occupations,230,206,24
E01000651,3. Associate professional and technical occupations,135,59,76
E01000651,4. Administrative and secretarial occupations,108,111,-3
E01000651,5. Skilled trades occupations,45,57,-12
E01000651,"6. Caring, leisure and other service occupations",55,44,11
E01000651,7. Sales and customer service occupations,42,48,-6
E01000651,"8. Process, plant and machine operatives",25,19,6
E01000651,9. Elementary occupations,28,42,-14
E01000652,"1. Managers, directors and senior officials",175,100,75
E01000652,2. Professional occupations,248,163,85
E01000652,3. Associate professional and technical occupations,133,53,80
E01000652,4. Administrative and secretarial occupations,107,138,-31
E01000652,5. Skilled trades occupations,57,69,-12
E01000652,"6. Caring, leisure and other service occupations",32,51,-19
E01000652,7. Sales and customer service occupations,42,66,-24
E01000652,"8. Process, plant and machine operatives",21,32,-11
E01000652,9. Elementary occupations,30,35,-5
E01000653,"1. Managers, directors and senior officials",168,133,35
E01000653,2. Professional occupations,192,166,26
E01000653,3. Associate professional and technical occupations,114,44,70
E01000653,4. Administrative and secretarial occupations,67,84,-17
E01000653,5. Skilled trades occupations,33,34,-1
E01000653,"6. Caring, leisure and other service occupations",29,33,-4
E01000653,7. Sales and customer service occupations,19,39,-20
E01000653,"8. Process, plant and machine operatives",17,16,1
E01000653,9. Elementary occupations,13,16,-3
E01000654,"1. Managers, directors and senior officials",88,78,10
E01000654,2. Professional occupations,103,68,35
E01000654,3. Associate professional and technical occupations,114,52,62
E01000654,4. Administrative and secretarial occupations,91,121,-30
E01000654,5. Skilled trades occupations,86,99,-13
E01000654,"6. Caring, leisure and other service occupations",62,82,-20
E01000654,7. Sales and customer service occupations,44,54,-10
E01000654,"8. Process, plant and machine operatives",31,48,-17
E01000654,9. Elementary occupations,41,51,-10
E01000655,"1. Managers, directors and senior officials",97,81,16
E01000655,2. Professional occupations,120,95,25
E01000655,3. Associate professional and technical occupations,93,54,39
E01000655,4. Administrative and secretarial occupations,74,113,-39
E01000655,5. Skilled trades occupations,100,90,10
E01000655,"6. Caring, leisure and other service occupations",75,86,-11
E01000655,7. Sales and customer service occupations,40,49,-9
E01000655,"8. Process, plant and machine operatives",39,47,-8
E01000655,9. Elementary occupations,45,45,0
E01000656,"1. Managers, directors and senior officials",126,93,33
E01000656,2. Professional occupations,117,112,5
E01000656,3. Associate professional and technical occupations,139,73,66
E01000656,4. Administrative and secretarial occupations,104,147,-43
E01000656,5. Skilled trades occupations,85,86,-1
E01000656,"6. Caring, leisure and other service occupations",69,67,2
E01000656,7. Sales and customer service occupations,38,41,-3
E01000656,"8. Process, plant and machine operatives",38,44,-6
E01000656,9. Elementary occupations,49,47,2
E01000657,"1. Managers, directors and senior officials",90,96,-6
E01000657,2. Professional occupations,134,113,21
E01000657,3. Associate professional and technical occupations,134,68,66
E01000657,4. Administrative and secretarial occupations,98,145,-47
E01000657,5. Skilled trades occupations,123,116,7
E01000657,"6. Caring, leisure and other service occupations",73,85,-12
E01000657,7. Sales and customer service occupations,55,45,10
E01000657,"8. Process, plant and machine operatives",41,46,-5
E01000657,9. Elementary occupations,58,58,0
E01000658,"1. Managers, directors and senior officials",105,76,29
E01000658,2. Professional occupations,108,99,9
E01000658,3. Associate professional and technical occupations,84,41,43
E01000658,4. Administrative and secretarial occupations,82,106,-24
E01000658,5. Skilled trades occupations,64,70,-6
E01000658,"6. Caring, leisure and other service occupations",40,59,-19
E01000658,7. Sales and customer service occupations,42,43,-1
E01000658,"8. Process, plant and machine operatives",24,44,-20
E01000658,9. Elementary occupations,34,40,-6
E01000659,"1. Managers, directors and senior officials",104,83,21
E01000659,2. Professional occupations,151,98,53
E01000659,3. Associate professional and technical occupations,119,73,46
E01000659,4. Administrative and secretarial occupations,86,136,-50
E01000659,5. Skilled trades occupations,121,129,-8
E01000659,"6. Caring, leisure and other service occupations",74,91,-17
E01000659,7. Sales and customer service occupations,60,60,0
E01000659,"8. Process, plant and machine operatives",27,35,-8
E01000659,9. Elementary occupations,47,72,-25
E01000661,"1. Managers, directors and senior officials",162,62,100
E01000661,2. Professional occupations,308,63,245
E01000661,3. Associate professional and technical occupations,172,39,133
E01000661,4. Administrative and secretarial occupations,120,73,47
E01000661,5. Skilled trades occupations,122,80,42
E01000661,"6. Caring, leisure and other service occupations",103,73,30
E01000661,7. Sales and customer service occupations,69,70,-1
E01000661,"8. Process, plant and machine operatives",63,35,28
E01000661,9. Elementary occupations,110,67,43
E01000662,"1. Managers, directors and senior officials",134,84,50
E01000662,2. Professional occupations,220,130,90
E01000662,3. Associate professional and technical occupations,146,51,95
E01000662,4. Administrative and secretarial occupations,113,111,2
E01000662,5. Skilled trades occupations,97,98,-1
E01000662,"6. Caring, leisure and other service occupations",75,70,5
E01000662,7. Sales and customer service occupations,50,72,-22
E01000662,"8. Process, plant and machine operatives",37,44,-7
E01000662,9. Elementary occupations,54,65,-11
E01000663,"1. Managers, directors and senior officials",108,62,46
E01000663,2. Professional occupations,183,119,64
E01000663,3. Associate professional and technical occupations,111,43,68
E01000663,4. Administrative and secretarial occupations,92,115,-23
E01000663,5. Skilled trades occupations,89,90,-1
E01000663,"6. Caring, leisure and other service occupations",60,75,-15
E01000663,7. Sales and customer service occupations,41,54,-13
E01000663,"8. Process, plant and machine operatives",33,30,3
E01000663,9. Elementary occupations,56,66,-10
E01000664,"1. Managers, directors and senior officials",126,65,61
E01000664,2. Professional occupations,189,110,79
E01000664,3. Associate professional and technical occupations,141,55,86
E01000664,4. Administrative and secretarial occupations,93,104,-11
E01000664,5. Skilled trades occupations,89,90,-1
E01000664,"6. Caring, leisure and other service occupations",60,80,-20
E01000664,7. Sales and customer service occupations,46,61,-15
E01000664,"8. Process, plant and machine operatives",36,37,-1
E01000664,9. Elementary occupations,39,79,-40
E01000665,"1. Managers, directors and senior officials",144,139,5
E01000665,2. Professional occupations,205,136,69
E01000665,3. Associate professional and technical occupations,159,65,94
E01000665,4. Administrative and secretarial occupations,114,140,-26
E01000665,5. Skilled trades occupations,88,84,4
E01000665,"6. Caring, leisure and other service occupations",58,84,-26
E01000665,7. Sales and customer service occupations,54,78,-24
E01000665,"8. Process, plant and machine operatives",48,48,0
E01000665,9. Elementary occupations,54,53,1
E01000666,"1. Managers, directors and senior officials",222,177,45
E01000666,2. Professional occupations,178,159,19
E01000666,3. Associate professional and technical occupations,161,57,104
E01000666,4. Administrative and secretarial occupations,105,120,-15
E01000666,5. Skilled trades occupations,61,59,2
E01000666,"6. Caring, leisure and other service occupations",57,46,11
E01000666,7. Sales and customer service occupations,34,53,-19
E01000666,"8. Process, plant and machine operatives",16,27,-11
E01000666,9. Elementary occupations,48,32,16
E01000667,"1. Managers, directors and senior officials",243,163,80
E01000667,2. Professional occupations,163,130,33
E01000667,3. Associate professional and technical occupations,103,26,77
E01000667,4. Administrative and secretarial occupations,105,116,-11
E01000667,5. Skilled trades occupations,46,61,-15
E01000667,"6. Caring, leisure and other service occupations",34,38,-4
E01000667,7. Sales and customer service occupations,40,47,-7
E01000667,"8. Process, plant and machine operatives",18,21,-3
E01000667,9. Elementary occupations,27,22,5
E01000668,"1. Managers, directors and senior officials",186,112,74
E01000668,2. Professional occupations,332,187,145
E01000668,3. Associate professional and technical occupations,222,59,163
E01000668,4. Administrative and secretarial occupations,124,125,-1
E01000668,5. Skilled trades occupations,95,69,26
E01000668,"6. Caring, leisure and other service occupations",84,78,6
E01000668,7. Sales and customer service occupations,70,56,14
E01000668,"8. Process, plant and machine operatives",33,33,0
E01000668,9. Elementary occupations,50,66,-16
E01000669,"1. Managers, directors and senior officials",160,101,59
E01000669,2. Professional occupations,298,191,107
E01000669,3. Associate professional and technical occupations,148,72,76
E01000669,4. Administrative and secretarial occupations,118,150,-32
E01000669,5. Skilled trades occupations,68,81,-13
E01000669,"6. Caring, leisure and other service occupations",53,59,-6
E01000669,7. Sales and customer service occupations,50,53,-3
E01000669,"8. Process, plant and machine operatives",40,38,2
E01000669,9. Elementary occupations,30,45,-15
E01000670,"1. Managers, directors and senior officials",193,164,29
E01000670,2. Professional occupations,351,344,7
E01000670,3. Associate professional and technical occupations,168,58,110
E01000670,4. Administrative and secretarial occupations,112,127,-15
E01000670,5. Skilled trades occupations,57,57,0
E01000670,"6. Caring, leisure and other service occupations",46,52,-6
E01000670,7. Sales and customer service occupations,42,64,-22
E01000670,"8. Process, plant and machine operatives",17,18,-1
E01000670,9. Elementary occupations,37,36,1
E01000671,"1. Managers, directors and senior officials",185,112,73
E01000671,2. Professional occupations,407,200,207
E01000671,3. Associate professional and technical occupations,219,78,141
E01000671,4. Administrative and secretarial occupations,111,141,-30
E01000671,5. Skilled trades occupations,65,77,-12
E01000671,"6. Caring, leisure and other service occupations",69,59,10
E01000671,7. Sales and customer service occupations,51,51,0
E01000671,"8. Process, plant and machine operatives",37,36,1
E01000671,9. Elementary occupations,59,50,9
E01000672,"1. Managers, directors and senior officials",174,116,58
E01000672,2. Professional occupations,263,190,73
E01000672,3. Associate professional and technical occupations,131,61,70
E01000672,4. Administrative and secretarial occupations,76,99,-23
E01000672,5. Skilled trades occupations,45,64,-19
E01000672,"6. Caring, leisure and other service occupations",54,59,-5
E01000672,7. Sales and customer service occupations,41,50,-9
E01000672,"8. Process, plant and machine operatives",27,28,-1
E01000672,9. Elementary occupations,52,29,23
E01000673,"1. Managers, directors and senior officials",166,113,53
E01000673,2. Professional occupations,287,190,97
E01000673,3. Associate professional and technical occupations,141,65,76
E01000673,4. Administrative and secretarial occupations,81,124,-43
E01000673,5. Skilled trades occupations,53,60,-7
E01000673,"6. Caring, leisure and other service occupations",53,36,17
E01000673,7. Sales and customer service occupations,39,54,-15
E01000673,"8. Process, plant and machine operatives",30,33,-3
E01000673,9. Elementary occupations,33,32,1
E01000674,"1. Managers, directors and senior officials",138,106,32
E01000674,2. Professional occupations,274,224,50
E01000674,3. Associate professional and technical occupations,162,78,84
E01000674,4. Administrative and secretarial occupations,97,114,-17
E01000674,5. Skilled trades occupations,70,54,16
E01000674,"6. Caring, leisure and other service occupations",52,53,-1
E01000674,7. Sales and customer service occupations,36,48,-12
E01000674,"8. Process, plant and machine operatives",34,25,9
E01000674,9. Elementary occupations,67,55,12
E01000676,"1. Managers, directors and senior officials",152,119,33
E01000676,2. Professional occupations,313,198,115
E01000676,3. Associate professional and technical occupations,164,82,82
E01000676,4. Administrative and secretarial occupations,100,155,-55
E01000676,5. Skilled trades occupations,77,59,18
E01000676,"6. Caring, leisure and other service occupations",70,55,15
E01000676,7. Sales and customer service occupations,58,63,-5
E01000676,"8. Process, plant and machine operatives",43,27,16
E01000676,9. Elementary occupations,99,58,41
E01000677,"1. Managers, directors and senior officials",160,145,15
E01000677,2. Professional occupations,310,227,83
E01000677,3. Associate professional and technical occupations,192,97,95
E01000677,4. Administrative and secretarial occupations,130,146,-16
E01000677,5. Skilled trades occupations,68,55,13
E01000677,"6. Caring, leisure and other service occupations",57,61,-4
E01000677,7. Sales and customer service occupations,47,69,-22
E01000677,"8. Process, plant and machine operatives",39,34,5
E01000677,9. Elementary occupations,62,61,1
E01000678,"1. Managers, directors and senior officials",168,112,56
E01000678,2. Professional occupations,326,218,108
E01000678,3. Associate professional and technical occupations,176,70,106
E01000678,4. Administrative and secretarial occupations,92,109,-17
E01000678,5. Skilled trades occupations,75,49,26
E01000678,"6. Caring, leisure and other service occupations",57,62,-5
E01000678,7. Sales and customer service occupations,29,60,-31
E01000678,"8. Process, plant and machine operatives",18,27,-9
E01000678,9. Elementary occupations,36,51,-15
E01000679,"1. Managers, directors and senior officials",154,115,39
E01000679,2. Professional occupations,259,173,86
E01000679,3. Associate professional and technical occupations,158,73,85
E01000679,4. Administrative and secretarial occupations,115,158,-43
E01000679,5. Skilled trades occupations,91,86,5
E01000679,"6. Caring, leisure and other service occupations",64,63,1
E01000679,7. Sales and customer service occupations,56,48,8
E01000679,"8. Process, plant and machine operatives",38,31,7
E01000679,9. Elementary occupations,45,49,-4
E01000680,"1. Managers, directors and senior officials",204,163,41
E01000680,2. Professional occupations,186,158,28
E01000680,3. Associate professional and technical occupations,128,45,83
E01000680,4. Administrative and secretarial occupations,78,109,-31
E01000680,5. Skilled trades occupations,81,78,3
E01000680,"6. Caring, leisure and other service occupations",37,45,-8
E01000680,7. Sales and customer service occupations,23,50,-27
E01000680,"8. Process, plant and machine operatives",23,21,2
E01000680,9. Elementary occupations,26,37,-11
E01000681,"1. Managers, directors and senior officials",162,96,66
E01000681,2. Professional occupations,241,190,51
E01000681,3. Associate professional and technical occupations,147,80,67
E01000681,4. Administrative and secretarial occupations,130,160,-30
E01000681,5. Skilled trades occupations,72,59,13
E01000681,"6. Caring, leisure and other service occupations",47,72,-25
E01000681,7. Sales and customer service occupations,50,66,-16
E01000681,"8. Process, plant and machine operatives",23,41,-18
E01000681,9. Elementary occupations,20,31,-11
E01000682,"1. Managers, directors and senior officials",101,69,32
E01000682,2. Professional occupations,215,166,49
E01000682,3. Associate professional and technical occupations,114,53,61
E01000682,4. Administrative and secretarial occupations,87,120,-33
E01000682,5. Skilled trades occupations,49,64,-15
E01000682,"6. Caring, leisure and other service occupations",47,36,11
E01000682,7. Sales and customer service occupations,38,73,-35
E01000682,"8. Process, plant and machine operatives",28,29,-1
E01000682,9. Elementary occupations,32,35,-3
E01000683,"1. Managers, directors and senior officials",124,92,32
E01000683,2. Professional occupations,246,176,70
E01000683,3. Associate professional and technical occupations,135,61,74
E01000683,4. Administrative and secretarial occupations,92,147,-55
E01000683,5. Skilled trades occupations,63,67,-4
E01000683,"6. Caring, leisure and other service occupations",58,75,-17
E01000683,7. Sales and customer service occupations,52,59,-7
E01000683,"8. Process, plant and machine operatives",28,32,-4
E01000683,9. Elementary occupations,56,46,10
E01000684,"1. Managers, directors and senior officials",213,131,82
E01000684,2. Professional occupations,333,270,63
E01000684,3. Associate professional and technical occupations,149,68,81
E01000684,4. Administrative and secretarial occupations,114,153,-39
E01000684,5. Skilled trades occupations,60,67,-7
E01000684,"6. Caring, leisure and other service occupations",58,72,-14
E01000684,7. Sales and customer service occupations,36,72,-36
E01000684,"8. Process, plant and machine operatives",21,28,-7
E01000684,9. Elementary occupations,35,52,-17
E01000685,"1. Managers, directors and senior officials",138,85,53
E01000685,2. Professional occupations,200,133,67
E01000685,3. Associate professional and technical occupations,121,52,69
E01000685,4. Administrative and secretarial occupations,93,114,-21
E01000685,5. Skilled trades occupations,71,79,-8
E01000685,"6. Caring, leisure and other service occupations",44,56,-12
E01000685,7. Sales and customer service occupations,56,61,-5
E01000685,"8. Process, plant and machine operatives",29,45,-16
E01000685,9. Elementary occupations,62,53,9
E01000686,"1. Managers, directors and senior officials",134,96,38
E01000686,2. Professional occupations,180,150,30
E01000686,3. Associate professional and technical occupations,105,56,49
E01000686,4. Administrative and secretarial occupations,80,119,-39
E01000686,5. Skilled trades occupations,47,61,-14
E01000686,"6. Caring, leisure and other service occupations",46,61,-15
E01000686,7. Sales and customer service occupations,36,47,-11
E01000686,"8. Process, plant and machine operatives",22,29,-7
E01000686,9. Elementary occupations,21,30,-9
E01000687,"1. Managers, directors and senior officials",111,100,11
E01000687,2. Professional occupations,215,153,62
E01000687,3. Associate professional and technical occupations,125,59,66
E01000687,4. Administrative and secretarial occupations,106,135,-29
E01000687,5. Skilled trades occupations,72,62,10
E01000687,"6. Caring, leisure and other service occupations",46,64,-18
E01000687,7. Sales and customer service occupations,30,59,-29
E01000687,"8. Process, plant and machine operatives",23,38,-15
E01000687,9. Elementary occupations,38,29,9
E01000688,"1. Managers, directors and senior officials",156,120,36
E01000688,2. Professional occupations,197,152,45
E01000688,3. Associate professional and technical occupations,110,41,69
E01000688,4. Administrative and secretarial occupations,68,109,-41
E01000688,5. Skilled trades occupations,43,44,-1
E01000688,"6. Caring, leisure and other service occupations",38,53,-15
E01000688,7. Sales and customer service occupations,28,40,-12
E01000688,"8. Process, plant and machine operatives",15,21,-6
E01000688,9. Elementary occupations,16,28,-12
E01000689,"1. Managers, directors and senior officials",125,95,30
E01000689,2. Professional occupations,165,103,62
E01000689,3. Associate professional and technical occupations,86,28,58
E01000689,4. Administrative and secretarial occupations,76,98,-22
E01000689,5. Skilled trades occupations,72,75,-3
E01000689,"6. Caring, leisure and other service occupations",42,51,-9
E01000689,7. Sales and customer service occupations,31,51,-20
E01000689,"8. Process, plant and machine operatives",35,34,1
E01000689,9. Elementary occupations,47,46,1
E01000690,"1. Managers, directors and senior officials",119,105,14
E01000690,2. Professional occupations,201,161,40
E01000690,3. Associate professional and technical occupations,112,56,56
E01000690,4. Administrative and secretarial occupations,77,98,-21
E01000690,5. Skilled trades occupations,55,72,-17
E01000690,"6. Caring, leisure and other service occupations",29,38,-9
E01000690,7. Sales and customer service occupations,25,50,-25
E01000690,"8. Process, plant and machine operatives",19,29,-10
E01000690,9. Elementary occupations,25,33,-8
E01000691,"1. Managers, directors and senior officials",126,91,35
E01000691,2. Professional occupations,212,128,84
E01000691,3. Associate professional and technical occupations,122,53,69
E01000691,4. Administrative and secretarial occupations,78,96,-18
E01000691,5. Skilled trades occupations,65,70,-5
E01000691,"6. Caring, leisure and other service occupations",58,54,4
E01000691,7. Sales and customer service occupations,40,52,-12
E01000691,"8. Process, plant and machine operatives",34,48,-14
E01000691,9. Elementary occupations,48,54,-6
E01000692,"1. Managers, directors and senior officials",180,116,64
E01000692,2. Professional occupations,209,165,44
E01000692,3. Associate professional and technical occupations,140,65,75
E01000692,4. Administrative and secretarial occupations,94,142,-48
E01000692,5. Skilled trades occupations,60,71,-11
E01000692,"6. Caring, leisure and other service occupations",52,47,5
E01000692,7. Sales and customer service occupations,34,50,-16
E01000692,"8. Process, plant and machine operatives",25,30,-5
E01000692,9. Elementary occupations,34,51,-17
E01000693,"1. Managers, directors and senior officials",153,131,22
E01000693,2. Professional occupations,141,113,28
E01000693,3. Associate professional and technical occupations,91,45,46
E01000693,4. Administrative and secretarial occupations,53,74,-21
E01000693,5. Skilled trades occupations,34,35,-1
E01000693,"6. Caring, leisure and other service occupations",28,39,-11
E01000693,7. Sales and customer service occupations,27,26,1
E01000693,"8. Process, plant and machine operatives",10,15,-5
E01000693,9. Elementary occupations,27,25,2
E01000694,"1. Managers, directors and senior officials",274,163,111
E01000694,2. Professional occupations,348,186,162
E01000694,3. Associate professional and technical occupations,167,37,130
E01000694,4. Administrative and secretarial occupations,119,104,15
E01000694,5. Skilled trades occupations,43,25,18
E01000694,"6. Caring, leisure and other service occupations",38,35,3
E01000694,7. Sales and customer service occupations,38,21,17
E01000694,"8. Process, plant and machine operatives",22,12,10
E01000694,9. Elementary occupations,18,12,6
E01000695,"1. Managers, directors and senior officials",179,163,16
E01000695,2. Professional occupations,216,213,3
E01000695,3. Associate professional and technical occupations,131,61,70
E01000695,4. Administrative and secretarial occupations,66,128,-62
E01000695,5. Skilled trades occupations,37,49,-12
E01000695,"6. Caring, leisure and other service occupations",32,39,-7
E01000695,7. Sales and customer service occupations,36,32,4
E01000695,"8. Process, plant and machine operatives",23,17,6
E01000695,9. Elementary occupations,13,31,-18
E01000696,"1. Managers, directors and senior officials",222,142,80
E01000696,2. Professional occupations,192,184,8
E01000696,3. Associate professional and technical occupations,110,43,67
E01000696,4. Administrative and secretarial occupations,85,89,-4
E01000696,5. Skilled trades occupations,25,18,7
E01000696,"6. Caring, leisure and other service occupations",34,27,7
E01000696,7. Sales and customer service occupations,30,22,8
E01000696,"8. Process, plant and machine operatives",10,12,-2
E01000696,9. Elementary occupations,18,20,-2
E01000697,"1. Managers, directors and senior officials",238,129,109
E01000697,2. Professional occupations,310,202,108
E01000697,3. Associate professional and technical occupations,198,44,154
E01000697,4. Administrative and secretarial occupations,78,95,-17
E01000697,5. Skilled trades occupations,37,43,-6
E01000697,"6. Caring, leisure and other service occupations",40,31,9
E01000697,7. Sales and customer service occupations,32,40,-8
E01000697,"8. Process, plant and machine operatives",13,10,3
E01000697,9. Elementary occupations,23,23,0
E01000698,"1. Managers, directors and senior officials",139,94,45
E01000698,2. Professional occupations,169,109,60
E01000698,3. Associate professional and technical occupations,62,35,27
E01000698,4. Administrative and secretarial occupations,60,83,-23
E01000698,5. Skilled trades occupations,24,36,-12
E01000698,"6. Caring, leisure and other service occupations",30,38,-8
E01000698,7. Sales and customer service occupations,33,29,4
E01000698,"8. Process, plant and machine operatives",4,12,-8
E01000698,9. Elementary occupations,16,23,-7
E01000699,"1. Managers, directors and senior officials",116,93,23
E01000699,2. Professional occupations,223,150,73
E01000699,3. Associate professional and technical occupations,167,37,130
E01000699,4. Administrative and secretarial occupations,60,91,-31
E01000699,5. Skilled trades occupations,66,61,5
E01000699,"6. Caring, leisure and other service occupations",54,92,-38
E01000699,7. Sales and customer service occupations,49,61,-12
E01000699,"8. Process, plant and machine operatives",35,38,-3
E01000699,9. Elementary occupations,62,58,4
E01000700,"1. Managers, directors and senior officials",135,104,31
E01000700,2. Professional occupations,248,203,45
E01000700,3. Associate professional and technical occupations,124,70,54
E01000700,4. Administrative and secretarial occupations,86,123,-37
E01000700,5. Skilled trades occupations,67,72,-5
E01000700,"6. Caring, leisure and other service occupations",57,60,-3
E01000700,7. Sales and customer service occupations,51,63,-12
E01000700,"8. Process, plant and machine operatives",25,21,4
E01000700,9. Elementary occupations,37,41,-4
E01000701,"1. Managers, directors and senior officials",160,87,73
E01000701,2. Professional occupations,228,168,60
E01000701,3. Associate professional and technical occupations,147,64,83
E01000701,4. Administrative and secretarial occupations,85,126,-41
E01000701,5. Skilled trades occupations,44,46,-2
E01000701,"6. Caring, leisure and other service occupations",58,57,1
E01000701,7. Sales and customer service occupations,32,33,-1
E01000701,"8. Process, plant and machine operatives",16,31,-15
E01000701,9. Elementary occupations,35,47,-12
E01000702,"1. Managers, directors and senior officials",139,110,29
E01000702,2. Professional occupations,260,158,102
E01000702,3. Associate professional and technical occupations,157,57,100
E01000702,4. Administrative and secretarial occupations,80,125,-45
E01000702,5. Skilled trades occupations,56,69,-13
E01000702,"6. Caring, leisure and other service occupations",57,56,1
E01000702,7. Sales and customer service occupations,41,49,-8
E01000702,"8. Process, plant and machine operatives",22,28,-6
E01000702,9. Elementary occupations,39,49,-10
E01000703,"1. Managers, directors and senior officials",168,117,51
E01000703,2. Professional occupations,307,254,53
E01000703,3. Associate professional and technical occupations,146,86,60
E01000703,4. Administrative and secretarial occupations,76,123,-47
E01000703,5. Skilled trades occupations,51,64,-13
E01000703,"6. Caring, leisure and other service occupations",45,54,-9
E01000703,7. Sales and customer service occupations,41,40,1
E01000703,"8. Process, plant and machine operatives",21,23,-2
E01000703,9. Elementary occupations,44,32,12
E01000704,"1. Managers, directors and senior officials",132,82,50
E01000704,2. Professional occupations,210,153,57
E01000704,3. Associate professional and technical occupations,130,44,86
E01000704,4. Administrative and secretarial occupations,81,121,-40
E01000704,5. Skilled trades occupations,63,73,-10
E01000704,"6. Caring, leisure and other service occupations",58,70,-12
E01000704,7. Sales and customer service occupations,34,61,-27
E01000704,"8. Process, plant and machine operatives",34,39,-5
E01000704,9. Elementary occupations,46,46,0
E01000705,"1. Managers, directors and senior officials",98,83,15
E01000705,2. Professional occupations,189,162,27
E01000705,3. Associate professional and technical occupations,124,52,72
E01000705,4. Administrative and secretarial occupations,79,103,-24
E01000705,5. Skilled trades occupations,45,44,1
E01000705,"6. Caring, leisure and other service occupations",68,61,7
E01000705,7. Sales and customer service occupations,29,41,-12
E01000705,"8. Process, plant and machine operatives",33,27,6
E01000705,9. Elementary occupations,56,34,22
E01000706,"1. Managers, directors and senior officials",124,76,48
E01000706,2. Professional occupations,186,107,79
E01000706,3. Associate professional and technical occupations,128,49,79
E01000706,4. Administrative and secretarial occupations,68,122,-54
E01000706,5. Skilled trades occupations,65,63,2
E01000706,"6. Caring, leisure and other service occupations",67,61,6
E01000706,7. Sales and customer service occupations,33,39,-6
E01000706,"8. Process, plant and machine operatives",23,42,-19
E01000706,9. Elementary occupations,35,54,-19
E01000707,"1. Managers, directors and senior officials",170,74,96
E01000707,2. Professional occupations,278,177,101
E01000707,3. Associate professional and technical occupations,158,41,117
E01000707,4. Administrative and secretarial occupations,71,79,-8
E01000707,5. Skilled trades occupations,34,30,4
E01000707,"6. Caring, leisure and other service occupations",36,42,-6
E01000707,7. Sales and customer service occupations,32,18,14
E01000707,"8. Process, plant and machine operatives",3,11,-8
E01000707,9. Elementary occupations,22,20,2
E01000708,"1. Managers, directors and senior officials",154,141,13
E01000708,2. Professional occupations,239,246,-7
E01000708,3. Associate professional and technical occupations,142,65,77
E01000708,4. Administrative and secretarial occupations,110,152,-42
E01000708,5. Skilled trades occupations,48,66,-18
E01000708,"6. Caring, leisure and other service occupations",56,82,-26
E01000708,7. Sales and customer service occupations,41,66,-25
E01000708,"8. Process, plant and machine operatives",37,39,-2
E01000708,9. Elementary occupations,36,42,-6
E01000709,"1. Managers, directors and senior officials",113,99,14
E01000709,2. Professional occupations,238,190,48
E01000709,3. Associate professional and technical occupations,156,56,100
E01000709,4. Administrative and secretarial occupations,70,119,-49
E01000709,5. Skilled trades occupations,45,43,2
E01000709,"6. Caring, leisure and other service occupations",36,30,6
E01000709,7. Sales and customer service occupations,26,34,-8
E01000709,"8. Process, plant and machine operatives",19,25,-6
E01000709,9. Elementary occupations,24,24,0
E01000710,"1. Managers, directors and senior officials",291,134,157
E01000710,2. Professional occupations,447,247,200
E01000710,3. Associate professional and technical occupations,278,88,190
E01000710,4. Administrative and secretarial occupations,140,160,-20
E01000710,5. Skilled trades occupations,68,52,16
E01000710,"6. Caring, leisure and other service occupations",68,50,18
E01000710,7. Sales and customer service occupations,53,36,17
E01000710,"8. Process, plant and machine operatives",32,33,-1
E01000710,9. Elementary occupations,51,31,20
E01000711,"1. Managers, directors and senior officials",187,133,54
E01000711,2. Professional occupations,342,316,26
E01000711,3. Associate professional and technical occupations,202,75,127
E01000711,4. Administrative and secretarial occupations,110,156,-46
E01000711,5. Skilled trades occupations,61,56,5
E01000711,"6. Caring, leisure and other service occupations",69,46,23
E01000711,7. Sales and customer service occupations,44,49,-5
E01000711,"8. Process, plant and machine operatives",30,25,5
E01000711,9. Elementary occupations,68,36,32
E01000712,"1. Managers, directors and senior officials",177,166,11
E01000712,2. Professional occupations,297,223,74
E01000712,3. Associate professional and technical occupations,189,84,105
E01000712,4. Administrative and secretarial occupations,102,156,-54
E01000712,5. Skilled trades occupations,65,55,10
E01000712,"6. Caring, leisure and other service occupations",64,38,26
E01000712,7. Sales and customer service occupations,47,42,5
E01000712,"8. Process, plant and machine operatives",38,35,3
E01000712,9. Elementary occupations,42,33,9
E01000713,"1. Managers, directors and senior officials",216,135,81
E01000713,2. Professional occupations,344,244,100
E01000713,3. Associate professional and technical occupations,180,94,86
E01000713,4. Administrative and secretarial occupations,114,167,-53
E01000713,5. Skilled trades occupations,46,66,-20
E01000713,"6. Caring, leisure and other service occupations",50,41,9
E01000713,7. Sales and customer service occupations,38,43,-5
E01000713,"8. Process, plant and machine operatives",24,27,-3
E01000713,9. Elementary occupations,30,40,-10
E01000714,"1. Managers, directors and senior officials",220,170,50
E01000714,2. Professional occupations,355,279,76
E01000714,3. Associate professional and technical occupations,237,109,128
E01000714,4. Administrative and secretarial occupations,106,158,-52
E01000714,5. Skilled trades occupations,77,77,0
E01000714,"6. Caring, leisure and other service occupations",85,63,22
E01000714,7. Sales and customer service occupations,65,46,19
E01000714,"8. Process, plant and machine operatives",28,18,10
E01000714,9. Elementary occupations,69,62,7
E01000715,"1. Managers, directors and senior officials",205,146,59
E01000715,2. Professional occupations,288,235,53
E01000715,3. Associate professional and technical occupations,163,65,98
E01000715,4. Administrative and secretarial occupations,96,149,-53
E01000715,5. Skilled trades occupations,54,50,4
E01000715,"6. Caring, leisure and other service occupations",30,41,-11
E01000715,7. Sales and customer service occupations,49,44,5
E01000715,"8. Process, plant and machine operatives",27,18,9
E01000715,9. Elementary occupations,27,33,-6
E01000716,"1. Managers, directors and senior officials",187,121,66
E01000716,2. Professional occupations,250,206,44
E01000716,3. Associate professional and technical occupations,113,53,60
E01000716,4. Administrative and secretarial occupations,76,138,-62
E01000716,5. Skilled trades occupations,45,32,13
E01000716,"6. Caring, leisure and other service occupations",29,35,-6
E01000716,7. Sales and customer service occupations,17,37,-20
E01000716,"8. Process, plant and machine operatives",8,19,-11
E01000716,9. Elementary occupations,25,26,-1
E01000717,"1. Managers, directors and senior officials",134,152,-18
E01000717,2. Professional occupations,283,230,53
E01000717,3. Associate professional and technical occupations,165,79,86
E01000717,4. Administrative and secretarial occupations,112,164,-52
E01000717,5. Skilled trades occupations,73,68,5
E01000717,"6. Caring, leisure and other service occupations",52,56,-4
E01000717,7. Sales and customer service occupations,35,38,-3
E01000717,"8. Process, plant and machine operatives",37,25,12
E01000717,9. Elementary occupations,45,25,20
E01000718,"1. Managers, directors and senior officials",140,118,22
E01000718,2. Professional occupations,271,193,78
E01000718,3. Associate professional and technical occupations,162,68,94
E01000718,4. Administrative and secretarial occupations,79,165,-86
E01000718,5. Skilled trades occupations,75,88,-13
E01000718,"6. Caring, leisure and other service occupations",94,79,15
E01000718,7. Sales and customer service occupations,62,59,3
E01000718,"8. Process, plant and machine operatives",47,38,9
E01000718,9. Elementary occupations,98,60,38
E01000719,"1. Managers, directors and senior officials",114,59,55
E01000719,2. Professional occupations,202,88,114
E01000719,3. Associate professional and technical occupations,122,40,82
E01000719,4. Administrative and secretarial occupations,118,99,19
E01000719,5. Skilled trades occupations,125,72,53
E01000719,"6. Caring, leisure and other service occupations",94,58,36
E01000719,7. Sales and customer service occupations,68,57,11
E01000719,"8. Process, plant and machine operatives",56,48,8
E01000719,9. Elementary occupations,100,68,32
E01000720,"1. Managers, directors and senior officials",87,70,17
E01000720,2. Professional occupations,134,85,49
E01000720,3. Associate professional and technical occupations,98,40,58
E01000720,4. Administrative and secretarial occupations,89,100,-11
E01000720,5. Skilled trades occupations,93,80,13
E01000720,"6. Caring, leisure and other service occupations",98,69,29
E01000720,7. Sales and customer service occupations,73,63,10
E01000720,"8. Process, plant and machine operatives",52,38,14
E01000720,9. Elementary occupations,78,97,-19
E01000721,"1. Managers, directors and senior officials",71,52,19
E01000721,2. Professional occupations,150,81,69
E01000721,3. Associate professional and technical occupations,80,47,33
E01000721,4. Administrative and secretarial occupations,73,89,-16
E01000721,5. Skilled trades occupations,64,76,-12
E01000721,"6. Caring, leisure and other service occupations",86,82,4
E01000721,7. Sales and customer service occupations,47,76,-29
E01000721,"8. Process, plant and machine operatives",42,50,-8
E01000721,9. Elementary occupations,72,96,-24
E01000722,"1. Managers, directors and senior officials",103,71,32
E01000722,2. Professional occupations,196,94,102
E01000722,3. Associate professional and technical occupations,125,47,78
E01000722,4. Administrative and secretarial occupations,115,109,6
E01000722,5. Skilled trades occupations,108,101,7
E01000722,"6. Caring, leisure and other service occupations",94,77,17
E01000722,7. Sales and customer service occupations,57,80,-23
E01000722,"8. Process, plant and machine operatives",55,56,-1
E01000722,9. Elementary occupations,83,73,10
E01000723,"1. Managers, directors and senior officials",71,57,14
E01000723,2. Professional occupations,120,65,55
E01000723,3. Associate professional and technical occupations,67,42,25
E01000723,4. Administrative and secretarial occupations,73,101,-28
E01000723,5. Skilled trades occupations,68,61,7
E01000723,"6. Caring, leisure and other service occupations",52,66,-14
E01000723,7. Sales and customer service occupations,48,56,-8
E01000723,"8. Process, plant and machine operatives",30,39,-9
E01000723,9. Elementary occupations,38,42,-4
E01000724,"1. Managers, directors and senior officials",69,46,23
E01000724,2. Professional occupations,144,73,71
E01000724,3. Associate professional and technical occupations,74,24,50
E01000724,4. Administrative and secretarial occupations,90,79,11
E01000724,5. Skilled trades occupations,78,81,-3
E01000724,"6. Caring, leisure and other service occupations",74,66,8
E01000724,7. Sales and customer service occupations,69,86,-17
E01000724,"8. Process, plant and machine operatives",49,58,-9
E01000724,9. Elementary occupations,86,95,-9
E01000725,"1. Managers, directors and senior officials",98,70,28
E01000725,2. Professional occupations,194,118,76
E01000725,3. Associate professional and technical occupations,108,54,54
E01000725,4. Administrative and secretarial occupations,86,113,-27
E01000725,5. Skilled trades occupations,87,88,-1
E01000725,"6. Caring, leisure and other service occupations",84,67,17
E01000725,7. Sales and customer service occupations,64,74,-10
E01000725,"8. Process, plant and machine operatives",34,56,-22
E01000725,9. Elementary occupations,66,64,2
E01000726,"1. Managers, directors and senior officials",88,82,6
E01000726,2. Professional occupations,145,98,47
E01000726,3. Associate professional and technical occupations,90,39,51
E01000726,4. Administrative and secretarial occupations,85,103,-18
E01000726,5. Skilled trades occupations,56,64,-8
E01000726,"6. Caring, leisure and other service occupations",62,47,15
E01000726,7. Sales and customer service occupations,38,46,-8
E01000726,"8. Process, plant and machine operatives",36,44,-8
E01000726,9. Elementary occupations,50,52,-2
E01000727,"1. Managers, directors and senior officials",122,78,44
E01000727,2. Professional occupations,215,136,79
E01000727,3. Associate professional and technical occupations,125,49,76
E01000727,4. Administrative and secretarial occupations,80,123,-43
E01000727,5. Skilled trades occupations,67,63,4
E01000727,"6. Caring, leisure and other service occupations",65,50,15
E01000727,7. Sales and customer service occupations,44,62,-18
E01000727,"8. Process, plant and machine operatives",36,36,0
E01000727,9. Elementary occupations,53,62,-9
E01000728,"1. Managers, directors and senior officials",103,65,38
E01000728,2. Professional occupations,119,82,37
E01000728,3. Associate professional and technical occupations,113,47,66
E01000728,4. Administrative and secretarial occupations,69,93,-24
E01000728,5. Skilled trades occupations,83,72,11
E01000728,"6. Caring, leisure and other service occupations",66,59,7
E01000728,7. Sales and customer service occupations,59,58,1
E01000728,"8. Process, plant and machine operatives",51,49,2
E01000728,9. Elementary occupations,50,73,-23
E01000729,"1. Managers, directors and senior officials",94,47,47
E01000729,2. Professional occupations,136,65,71
E01000729,3. Associate professional and technical occupations,101,39,62
E01000729,4. Administrative and secretarial occupations,83,89,-6
E01000729,5. Skilled trades occupations,97,60,37
E01000729,"6. Caring, leisure and other service occupations",90,73,17
E01000729,7. Sales and customer service occupations,82,102,-20
E01000729,"8. Process, plant and machine operatives",70,61,9
E01000729,9. Elementary occupations,101,98,3
E01000730,"1. Managers, directors and senior officials",71,47,24
E01000730,2. Professional occupations,111,64,47
E01000730,3. Associate professional and technical occupations,99,38,61
E01000730,4. Administrative and secretarial occupations,66,88,-22
E01000730,5. Skilled trades occupations,97,78,19
E01000730,"6. Caring, leisure and other service occupations",111,83,28
E01000730,7. Sales and customer service occupations,54,76,-22
E01000730,"8. Process, plant and machine operatives",58,49,9
E01000730,9. Elementary occupations,105,109,-4
E01000731,"1. Managers, directors and senior officials",86,50,36
E01000731,2. Professional occupations,106,81,25
E01000731,3. Associate professional and technical occupations,80,44,36
E01000731,4. Administrative and secretarial occupations,81,90,-9
E01000731,5. Skilled trades occupations,74,67,7
E01000731,"6. Caring, leisure and other service occupations",61,58,3
E01000731,7. Sales and customer service occupations,41,51,-10
E01000731,"8. Process, plant and machine operatives",39,39,0
E01000731,9. Elementary occupations,72,69,3
E01000732,"1. Managers, directors and senior officials",135,92,43
E01000732,2. Professional occupations,174,108,66
E01000732,3. Associate professional and technical occupations,104,36,68
E01000732,4. Administrative and secretarial occupations,89,97,-8
E01000732,5. Skilled trades occupations,69,87,-18
E01000732,"6. Caring, leisure and other service occupations",60,57,3
E01000732,7. Sales and customer service occupations,39,48,-9
E01000732,"8. Process, plant and machine operatives",33,33,0
E01000732,9. Elementary occupations,44,50,-6
E01000733,"1. Managers, directors and senior officials",111,79,32
E01000733,2. Professional occupations,183,100,83
E01000733,3. Associate professional and technical occupations,129,49,80
E01000733,4. Administrative and secretarial occupations,103,131,-28
E01000733,5. Skilled trades occupations,72,99,-27
E01000733,"6. Caring, leisure and other service occupations",73,64,9
E01000733,7. Sales and customer service occupations,52,71,-19
E01000733,"8. Process, plant and machine operatives",39,51,-12
E01000733,9. Elementary occupations,63,67,-4
E01000734,"1. Managers, directors and senior officials",110,77,33
E01000734,2. Professional occupations,156,104,52
E01000734,3. Associate professional and technical occupations,95,29,66
E01000734,4. Administrative and secretarial occupations,68,113,-45
E01000734,5. Skilled trades occupations,70,72,-2
E01000734,"6. Caring, leisure and other service occupations",42,59,-17
E01000734,7. Sales and customer service occupations,47,60,-13
E01000734,"8. Process, plant and machine operatives",36,39,-3
E01000734,9. Elementary occupations,46,50,-4
E01000735,"1. Managers, directors and senior officials",83,56,27
E01000735,2. Professional occupations,112,66,46
E01000735,3. Associate professional and technical occupations,78,28,50
E01000735,4. Administrative and secretarial occupations,80,69,11
E01000735,5. Skilled trades occupations,95,88,7
E01000735,"6. Caring, leisure and other service occupations",80,83,-3
E01000735,7. Sales and customer service occupations,56,54,2
E01000735,"8. Process, plant and machine operatives",46,48,-2
E01000735,9. Elementary occupations,58,67,-9
E01000736,"1. Managers, directors and senior officials",82,72,10
E01000736,2. Professional occupations,139,80,59
E01000736,3. Associate professional and technical occupations,88,36,52
E01000736,4. Administrative and secretarial occupations,97,101,-4
E01000736,5. Skilled trades occupations,100,84,16
E01000736,"6. Caring, leisure and other service occupations",85,81,4
E01000736,7. Sales and customer service occupations,52,50,2
E01000736,"8. Process, plant and machine operatives",36,45,-9
E01000736,9. Elementary occupations,68,77,-9
E01000737,"1. Managers, directors and senior officials",105,74,31
E01000737,2. Professional occupations,134,74,60
E01000737,3. Associate professional and technical occupations,83,20,63
E01000737,4. Administrative and secretarial occupations,79,90,-11
E01000737,5. Skilled trades occupations,60,49,11
E01000737,"6. Caring, leisure and other service occupations",62,67,-5
E01000737,7. Sales and customer service occupations,41,44,-3
E01000737,"8. Process, plant and machine operatives",32,36,-4
E01000737,9. Elementary occupations,53,63,-10
E01000738,"1. Managers, directors and senior officials",101,67,34
E01000738,2. Professional occupations,154,91,63
E01000738,3. Associate professional and technical occupations,106,36,70
E01000738,4. Administrative and secretarial occupations,107,113,-6
E01000738,5. Skilled trades occupations,109,85,24
E01000738,"6. Caring, leisure and other service occupations",62,59,3
E01000738,7. Sales and customer service occupations,60,56,4
E01000738,"8. Process, plant and machine operatives",66,59,7
E01000738,9. Elementary occupations,64,85,-21
E01000739,"1. Managers, directors and senior officials",67,40,27
E01000739,2. Professional occupations,110,63,47
E01000739,3. Associate professional and technical occupations,66,29,37
E01000739,4. Administrative and secretarial occupations,66,64,2
E01000739,5. Skilled trades occupations,89,49,40
E01000739,"6. Caring, leisure and other service occupations",94,66,28
E01000739,7. Sales and customer service occupations,65,72,-7
E01000739,"8. Process, plant and machine operatives",45,52,-7
E01000739,9. Elementary occupations,69,85,-16
E01000741,"1. Managers, directors and senior officials",182,89,93
E01000741,2. Professional occupations,348,202,146
E01000741,3. Associate professional and technical occupations,230,62,168
E01000741,4. Administrative and secretarial occupations,86,99,-13
E01000741,5. Skilled trades occupations,62,62,0
E01000741,"6. Caring, leisure and other service occupations",70,78,-8
E01000741,7. Sales and customer service occupations,55,44,11
E01000741,"8. Process, plant and machine operatives",41,37,4
E01000741,9. Elementary occupations,72,70,2
E01000742,"1. Managers, directors and senior officials",176,110,66
E01000742,2. Professional occupations,344,268,76
E01000742,3. Associate professional and technical occupations,242,81,161
E01000742,4. Administrative and secretarial occupations,88,134,-46
E01000742,5. Skilled trades occupations,93,97,-4
E01000742,"6. Caring, leisure and other service occupations",104,96,8
E01000742,7. Sales and customer service occupations,67,63,4
E01000742,"8. Process, plant and machine operatives",52,33,19
E01000742,9. Elementary occupations,96,93,3
E01000743,"1. Managers, directors and senior officials",102,62,40
E01000743,2. Professional occupations,192,135,57
E01000743,3. Associate professional and technical occupations,144,41,103
E01000743,4. Administrative and secretarial occupations,85,91,-6
E01000743,5. Skilled trades occupations,73,78,-5
E01000743,"6. Caring, leisure and other service occupations",82,85,-3
E01000743,7. Sales and customer service occupations,54,65,-11
E01000743,"8. Process, plant and machine operatives",36,33,3
E01000743,9. Elementary occupations,86,70,16
E01000744,"1. Managers, directors and senior officials",57,41,16
E01000744,2. Professional occupations,137,71,66
E01000744,3. Associate professional and technical occupations,103,25,78
E01000744,4. Administrative and secretarial occupations,56,81,-25
E01000744,5. Skilled trades occupations,59,49,10
E01000744,"6. Caring, leisure and other service occupations",100,80,20
E01000744,7. Sales and customer service occupations,48,50,-2
E01000744,"8. Process, plant and machine operatives",46,37,9
E01000744,9. Elementary occupations,81,99,-18
E01000745,"1. Managers, directors and senior officials",190,98,92
E01000745,2. Professional occupations,329,251,78
E01000745,3. Associate professional and technical occupations,216,78,138
E01000745,4. Administrative and secretarial occupations,82,120,-38
E01000745,5. Skilled trades occupations,65,69,-4
E01000745,"6. Caring, leisure and other service occupations",68,74,-6
E01000745,7. Sales and customer service occupations,39,38,1
E01000745,"8. Process, plant and machine operatives",41,29,12
E01000745,9. Elementary occupations,68,61,7
E01000746,"1. Managers, directors and senior officials",188,146,42
E01000746,2. Professional occupations,373,271,102
E01000746,3. Associate professional and technical occupations,263,72,191
E01000746,4. Administrative and secretarial occupations,104,133,-29
E01000746,5. Skilled trades occupations,42,57,-15
E01000746,"6. Caring, leisure and other service occupations",55,55,0
E01000746,7. Sales and customer service occupations,57,61,-4
E01000746,"8. Process, plant and machine operatives",30,32,-2
E01000746,9. Elementary occupations,71,62,9
E01000747,"1. Managers, directors and senior officials",230,178,52
E01000747,2. Professional occupations,172,138,34
E01000747,3. Associate professional and technical occupations,131,68,63
E01000747,4. Administrative and secretarial occupations,124,132,-8
E01000747,5. Skilled trades occupations,99,119,-20
E01000747,"6. Caring, leisure and other service occupations",62,77,-15
E01000747,7. Sales and customer service occupations,46,55,-9
E01000747,"8. Process, plant and machine operatives",37,47,-10
E01000747,9. Elementary occupations,63,45,18
E01000748,"1. Managers, directors and senior officials",157,135,22
E01000748,2. Professional occupations,133,118,15
E01000748,3. Associate professional and technical occupations,87,45,42
E01000748,4. Administrative and secretarial occupations,93,113,-20
E01000748,5. Skilled trades occupations,109,104,5
E01000748,"6. Caring, leisure and other service occupations",65,71,-6
E01000748,7. Sales and customer service occupations,36,36,0
E01000748,"8. Process, plant and machine operatives",40,33,7
E01000748,9. Elementary occupations,42,41,1
E01000749,"1. Managers, directors and senior officials",138,106,32
E01000749,2. Professional occupations,145,107,38
E01000749,3. Associate professional and technical occupations,116,42,74
E01000749,4. Administrative and secretarial occupations,93,117,-24
E01000749,5. Skilled trades occupations,81,88,-7
E01000749,"6. Caring, leisure and other service occupations",45,48,-3
E01000749,7. Sales and customer service occupations,35,47,-12
E01000749,"8. Process, plant and machine operatives",31,41,-10
E01000749,9. Elementary occupations,42,52,-10
E01000750,"1. Managers, directors and senior officials",70,55,15
E01000750,2. Professional occupations,98,78,20
E01000750,3. Associate professional and technical occupations,67,37,30
E01000750,4. Administrative and secretarial occupations,72,98,-26
E01000750,5. Skilled trades occupations,52,69,-17
E01000750,"6. Caring, leisure and other service occupations",67,73,-6
E01000750,7. Sales and customer service occupations,44,61,-17
E01000750,"8. Process, plant and machine operatives",29,39,-10
E01000750,9. Elementary occupations,65,84,-19
E01000751,"1. Managers, directors and senior officials",188,117,71
E01000751,2. Professional occupations,340,223,117
E01000751,3. Associate professional and technical occupations,177,68,109
E01000751,4. Administrative and secretarial occupations,123,155,-32
E01000751,5. Skilled trades occupations,66,66,0
E01000751,"6. Caring, leisure and other service occupations",72,81,-9
E01000751,7. Sales and customer service occupations,50,55,-5
E01000751,"8. Process, plant and machine operatives",32,49,-17
E01000751,9. Elementary occupations,33,65,-32
E01000752,"1. Managers, directors and senior officials",132,98,34
E01000752,2. Professional occupations,184,123,61
E01000752,3. Associate professional and technical occupations,125,45,80
E01000752,4. Administrative and secretarial occupations,102,107,-5
E01000752,5. Skilled trades occupations,71,72,-1
E01000752,"6. Caring, leisure and other service occupations",44,41,3
E01000752,7. Sales and customer service occupations,33,48,-15
E01000752,"8. Process, plant and machine operatives",31,24,7
E01000752,9. Elementary occupations,57,39,18
E01000753,"1. Managers, directors and senior officials",151,107,44
E01000753,2. Professional occupations,241,147,94
E01000753,3. Associate professional and technical occupations,133,57,76
E01000753,4. Administrative and secretarial occupations,121,135,-14
E01000753,5. Skilled trades occupations,59,64,-5
E01000753,"6. Caring, leisure and other service occupations",71,49,22
E01000753,7. Sales and customer service occupations,43,56,-13
E01000753,"8. Process, plant and machine operatives",29,25,4
E01000753,9. Elementary occupations,13,35,-22
E01000754,"1. Managers, directors and senior officials",141,93,48
E01000754,2. Professional occupations,257,162,95
E01000754,3. Associate professional and technical occupations,131,49,82
E01000754,4. Administrative and secretarial occupations,104,156,-52
E01000754,5. Skilled trades occupations,81,66,15
E01000754,"6. Caring, leisure and other service occupations",50,59,-9
E01000754,7. Sales and customer service occupations,35,48,-13
E01000754,"8. Process, plant and machine operatives",30,34,-4
E01000754,9. Elementary occupations,57,49,8
E01000755,"1. Managers, directors and senior officials",118,111,7
E01000755,2. Professional occupations,224,134,90
E01000755,3. Associate professional and technical occupations,134,40,94
E01000755,4. Administrative and secretarial occupations,112,139,-27
E01000755,5. Skilled trades occupations,60,54,6
E01000755,"6. Caring, leisure and other service occupations",49,52,-3
E01000755,7. Sales and customer service occupations,41,53,-12
E01000755,"8. Process, plant and machine operatives",11,24,-13
E01000755,9. Elementary occupations,23,25,-2
E01000756,"1. Managers, directors and senior officials",175,135,40
E01000756,2. Professional occupations,217,150,67
E01000756,3. Associate professional and technical occupations,105,57,48
E01000756,4. Administrative and secretarial occupations,96,102,-6
E01000756,5. Skilled trades occupations,55,42,13
E01000756,"6. Caring, leisure and other service occupations",41,44,-3
E01000756,7. Sales and customer service occupations,34,38,-4
E01000756,"8. Process, plant and machine operatives",8,22,-14
E01000756,9. Elementary occupations,31,48,-17
E01000757,"1. Managers, directors and senior officials",134,107,27
E01000757,2. Professional occupations,219,159,60
E01000757,3. Associate professional and technical occupations,108,57,51
E01000757,4. Administrative and secretarial occupations,86,124,-38
E01000757,5. Skilled trades occupations,48,46,2
E01000757,"6. Caring, leisure and other service occupations",27,41,-14
E01000757,7. Sales and customer service occupations,31,40,-9
E01000757,"8. Process, plant and machine operatives",24,19,5
E01000757,9. Elementary occupations,22,27,-5
E01000758,"1. Managers, directors and senior officials",138,76,62
E01000758,2. Professional occupations,223,177,46
E01000758,3. Associate professional and technical occupations,104,57,47
E01000758,4. Administrative and secretarial occupations,84,126,-42
E01000758,5. Skilled trades occupations,46,41,5
E01000758,"6. Caring, leisure and other service occupations",42,45,-3
E01000758,7. Sales and customer service occupations,35,50,-15
E01000758,"8. Process, plant and machine operatives",15,19,-4
E01000758,9. Elementary occupations,19,29,-10
E01000759,"1. Managers, directors and senior officials",167,95,72
E01000759,2. Professional occupations,212,166,46
E01000759,3. Associate professional and technical occupations,115,58,57
E01000759,4. Administrative and secretarial occupations,98,120,-22
E01000759,5. Skilled trades occupations,68,81,-13
E01000759,"6. Caring, leisure and other service occupations",50,62,-12
E01000759,7. Sales and customer service occupations,48,45,3
E01000759,"8. Process, plant and machine operatives",33,39,-6
E01000759,9. Elementary occupations,26,33,-7
E01000760,"1. Managers, directors and senior officials",113,80,33
E01000760,2. Professional occupations,170,128,42
E01000760,3. Associate professional and technical occupations,112,66,46
E01000760,4. Administrative and secretarial occupations,92,120,-28
E01000760,5. Skilled trades occupations,81,84,-3
E01000760,"6. Caring, leisure and other service occupations",55,60,-5
E01000760,7. Sales and customer service occupations,39,56,-17
E01000760,"8. Process, plant and machine operatives",37,35,2
E01000760,9. Elementary occupations,37,37,0
E01000761,"1. Managers, directors and senior officials",109,108,1
E01000761,2. Professional occupations,174,130,44
E01000761,3. Associate professional and technical occupations,146,71,75
E01000761,4. Administrative and secretarial occupations,81,133,-52
E01000761,5. Skilled trades occupations,78,96,-18
E01000761,"6. Caring, leisure and other service occupations",58,48,10
E01000761,7. Sales and customer service occupations,40,50,-10
E01000761,"8. Process, plant and machine operatives",27,43,-16
E01000761,9. Elementary occupations,23,42,-19
E01000762,"1. Managers, directors and senior officials",144,93,51
E01000762,2. Professional occupations,270,179,91
E01000762,3. Associate professional and technical occupations,152,66,86
E01000762,4. Administrative and secretarial occupations,95,135,-40
E01000762,5. Skilled trades occupations,68,59,9
E01000762,"6. Caring, leisure and other service occupations",62,54,8
E01000762,7. Sales and customer service occupations,36,51,-15
E01000762,"8. Process, plant and machine operatives",21,17,4
E01000762,9. Elementary occupations,37,36,1
E01000763,"1. Managers, directors and senior officials",129,103,26
E01000763,2. Professional occupations,172,123,49
E01000763,3. Associate professional and technical occupations,124,56,68
E01000763,4. Administrative and secretarial occupations,86,131,-45
E01000763,5. Skilled trades occupations,59,68,-9
E01000763,"6. Caring, leisure and other service occupations",51,60,-9
E01000763,7. Sales and customer service occupations,38,43,-5
E01000763,"8. Process, plant and machine operatives",23,25,-2
E01000763,9. Elementary occupations,29,32,-3
E01000764,"1. Managers, directors and senior officials",142,80,62
E01000764,2. Professional occupations,222,133,89
E01000764,3. Associate professional and technical occupations,121,55,66
E01000764,4. Administrative and secretarial occupations,118,137,-19
E01000764,5. Skilled trades occupations,93,76,17
E01000764,"6. Caring, leisure and other service occupations",66,62,4
E01000764,7. Sales and customer service occupations,40,59,-19
E01000764,"8. Process, plant and machine operatives",35,47,-12
E01000764,9. Elementary occupations,40,57,-17
E01000765,"1. Managers, directors and senior officials",164,110,54
E01000765,2. Professional occupations,189,148,41
E01000765,3. Associate professional and technical occupations,152,62,90
E01000765,4. Administrative and secretarial occupations,113,143,-30
E01000765,5. Skilled trades occupations,82,84,-2
E01000765,"6. Caring, leisure and other service occupations",50,72,-22
E01000765,7. Sales and customer service occupations,36,56,-20
E01000765,"8. Process, plant and machine operatives",34,35,-1
E01000765,9. Elementary occupations,47,60,-13
E01000766,"1. Managers, directors and senior officials",191,111,80
E01000766,2. Professional occupations,213,146,67
E01000766,3. Associate professional and technical occupations,141,70,71
E01000766,4. Administrative and secretarial occupations,101,167,-66
E01000766,5. Skilled trades occupations,69,62,7
E01000766,"6. Caring, leisure and other service occupations",67,66,1
E01000766,7. Sales and customer service occupations,33,50,-17
E01000766,"8. Process, plant and machine operatives",22,44,-22
E01000766,9. Elementary occupations,34,25,9
E01000767,"1. Managers, directors and senior officials",161,109,52
E01000767,2. Professional occupations,194,151,43
E01000767,3. Associate professional and technical occupations,133,65,68
E01000767,4. Administrative and secretarial occupations,95,145,-50
E01000767,5. Skilled trades occupations,58,61,-3
E01000767,"6. Caring, leisure and other service occupations",56,63,-7
E01000767,7. Sales and customer service occupations,35,59,-24
E01000767,"8. Process, plant and machine operatives",29,26,3
E01000767,9. Elementary occupations,16,32,-16
E01000768,"1. Managers, directors and senior officials",119,101,18
E01000768,2. Professional occupations,176,170,6
E01000768,3. Associate professional and technical occupations,99,65,34
E01000768,4. Administrative and secretarial occupations,91,122,-31
E01000768,5. Skilled trades occupations,53,46,7
E01000768,"6. Caring, leisure and other service occupations",33,55,-22
E01000768,7. Sales and customer service occupations,44,32,12
E01000768,"8. Process, plant and machine operatives",12,24,-12
E01000768,9. Elementary occupations,40,36,4
E01000769,"1. Managers, directors and senior officials",101,85,16
E01000769,2. Professional occupations,176,123,53
E01000769,3. Associate professional and technical occupations,132,60,72
E01000769,4. Administrative and secretarial occupations,94,125,-31
E01000769,5. Skilled trades occupations,48,59,-11
E01000769,"6. Caring, leisure and other service occupations",36,59,-23
E01000769,7. Sales and customer service occupations,28,56,-28
E01000769,"8. Process, plant and machine operatives",22,27,-5
E01000769,9. Elementary occupations,21,33,-12
E01000770,"1. Managers, directors and senior officials",146,112,34
E01000770,2. Professional occupations,205,196,9
E01000770,3. Associate professional and technical occupations,111,32,79
E01000770,4. Administrative and secretarial occupations,68,83,-15
E01000770,5. Skilled trades occupations,37,32,5
E01000770,"6. Caring, leisure and other service occupations",28,35,-7
E01000770,7. Sales and customer service occupations,17,27,-10
E01000770,"8. Process, plant and machine operatives",7,13,-6
E01000770,9. Elementary occupations,34,20,14
E01000771,"1. Managers, directors and senior officials",155,129,26
E01000771,2. Professional occupations,231,195,36
E01000771,3. Associate professional and technical occupations,134,58,76
E01000771,4. Administrative and secretarial occupations,82,146,-64
E01000771,5. Skilled trades occupations,52,62,-10
E01000771,"6. Caring, leisure and other service occupations",44,48,-4
E01000771,7. Sales and customer service occupations,36,58,-22
E01000771,"8. Process, plant and machine operatives",21,30,-9
E01000771,9. Elementary occupations,28,33,-5
E01000772,"1. Managers, directors and senior officials",154,113,41
E01000772,2. Professional occupations,234,179,55
E01000772,3. Associate professional and technical occupations,103,51,52
E01000772,4. Administrative and secretarial occupations,86,106,-20
E01000772,5. Skilled trades occupations,38,43,-5
E01000772,"6. Caring, leisure and other service occupations",29,22,7
E01000772,7. Sales and customer service occupations,24,32,-8
E01000772,"8. Process, plant and machine operatives",15,20,-5
E01000772,9. Elementary occupations,28,21,7
E01000773,"1. Managers, directors and senior officials",160,99,61
E01000773,2. Professional occupations,199,141,58
E01000773,3. Associate professional and technical occupations,133,55,78
E01000773,4. Administrative and secretarial occupations,79,129,-50
E01000773,5. Skilled trades occupations,59,69,-10
E01000773,"6. Caring, leisure and other service occupations",40,48,-8
E01000773,7. Sales and customer service occupations,32,29,3
E01000773,"8. Process, plant and machine operatives",21,26,-5
E01000773,9. Elementary occupations,41,35,6
E01000774,"1. Managers, directors and senior officials",127,92,35
E01000774,2. Professional occupations,195,137,58
E01000774,3. Associate professional and technical occupations,122,72,50
E01000774,4. Administrative and secretarial occupations,94,119,-25
E01000774,5. Skilled trades occupations,72,73,-1
E01000774,"6. Caring, leisure and other service occupations",42,54,-12
E01000774,7. Sales and customer service occupations,39,38,1
E01000774,"8. Process, plant and machine operatives",16,34,-18
E01000774,9. Elementary occupations,47,35,12
E01000775,"1. Managers, directors and senior officials",261,201,60
E01000775,2. Professional occupations,330,219,111
E01000775,3. Associate professional and technical occupations,151,69,82
E01000775,4. Administrative and secretarial occupations,122,170,-48
E01000775,5. Skilled trades occupations,66,71,-5
E01000775,"6. Caring, leisure and other service occupations",58,82,-24
E01000775,7. Sales and customer service occupations,46,73,-27
E01000775,"8. Process, plant and machine operatives",21,30,-9
E01000775,9. Elementary occupations,39,31,8
E01000777,"1. Managers, directors and senior officials",148,90,58
E01000777,2. Professional occupations,207,145,62
E01000777,3. Associate professional and technical occupations,131,69,62
E01000777,4. Administrative and secretarial occupations,103,142,-39
E01000777,5. Skilled trades occupations,56,84,-28
E01000777,"6. Caring, leisure and other service occupations",73,70,3
E01000777,7. Sales and customer service occupations,40,46,-6
E01000777,"8. Process, plant and machine operatives",26,32,-6
E01000777,9. Elementary occupations,36,40,-4
E01000778,"1. Managers, directors and senior officials",117,70,47
E01000778,2. Professional occupations,188,117,71
E01000778,3. Associate professional and technical occupations,112,60,52
E01000778,4. Administrative and secretarial occupations,121,134,-13
E01000778,5. Skilled trades occupations,74,78,-4
E01000778,"6. Caring, leisure and other service occupations",68,83,-15
E01000778,7. Sales and customer service occupations,66,67,-1
E01000778,"8. Process, plant and machine operatives",45,42,3
E01000778,9. Elementary occupations,58,65,-7
E01000779,"1. Managers, directors and senior officials",134,106,28
E01000779,2. Professional occupations,163,121,42
E01000779,3. Associate professional and technical occupations,99,38,61
E01000779,4. Administrative and secretarial occupations,91,104,-13
E01000779,5. Skilled trades occupations,40,65,-25
E01000779,"6. Caring, leisure and other service occupations",44,46,-2
E01000779,7. Sales and customer service occupations,20,24,-4
E01000779,"8. Process, plant and machine operatives",28,24,4
E01000779,9. Elementary occupations,38,34,4
E01000780,"1. Managers, directors and senior officials",94,58,36
E01000780,2. Professional occupations,171,98,73
E01000780,3. Associate professional and technical occupations,97,46,51
E01000780,4. Administrative and secretarial occupations,73,114,-41
E01000780,5. Skilled trades occupations,97,78,19
E01000780,"6. Caring, leisure and other service occupations",58,78,-20
E01000780,7. Sales and customer service occupations,53,42,11
E01000780,"8. Process, plant and machine operatives",39,26,13
E01000780,9. Elementary occupations,74,77,-3
E01000781,"1. Managers, directors and senior officials",61,40,21
E01000781,2. Professional occupations,113,73,40
E01000781,3. Associate professional and technical occupations,82,36,46
E01000781,4. Administrative and secretarial occupations,88,77,11
E01000781,5. Skilled trades occupations,86,84,2
E01000781,"6. Caring, leisure and other service occupations",78,74,4
E01000781,7. Sales and customer service occupations,55,52,3
E01000781,"8. Process, plant and machine operatives",48,33,15
E01000781,9. Elementary occupations,91,61,30
E01000782,"1. Managers, directors and senior officials",75,54,21
E01000782,2. Professional occupations,111,65,46
E01000782,3. Associate professional and technical occupations,65,25,40
E01000782,4. Administrative and secretarial occupations,63,80,-17
E01000782,5. Skilled trades occupations,98,78,20
E01000782,"6. Caring, leisure and other service occupations",77,61,16
E01000782,7. Sales and customer service occupations,58,59,-1
E01000782,"8. Process, plant and machine operatives",47,47,0
E01000782,9. Elementary occupations,82,67,15
E01000783,"1. Managers, directors and senior officials",82,48,34
E01000783,2. Professional occupations,143,77,66
E01000783,3. Associate professional and technical occupations,92,28,64
E01000783,4. Administrative and secretarial occupations,76,85,-9
E01000783,5. Skilled trades occupations,95,57,38
E01000783,"6. Caring, leisure and other service occupations",92,66,26
E01000783,7. Sales and customer service occupations,62,53,9
E01000783,"8. Process, plant and machine operatives",31,49,-18
E01000783,9. Elementary occupations,69,94,-25
E01000784,"1. Managers, directors and senior officials",149,97,52
E01000784,2. Professional occupations,195,131,64
E01000784,3. Associate professional and technical occupations,113,53,60
E01000784,4. Administrative and secretarial occupations,96,128,-32
E01000784,5. Skilled trades occupations,63,75,-12
E01000784,"6. Caring, leisure and other service occupations",64,74,-10
E01000784,7. Sales and customer service occupations,18,52,-34
E01000784,"8. Process, plant and machine operatives",39,36,3
E01000784,9. Elementary occupations,46,51,-5
E01000785,"1. Managers, directors and senior officials",91,58,33
E01000785,2. Professional occupations,127,76,51
E01000785,3. Associate professional and technical occupations,83,28,55
E01000785,4. Administrative and secretarial occupations,74,89,-15
E01000785,5. Skilled trades occupations,103,78,25
E01000785,"6. Caring, leisure and other service occupations",89,77,12
E01000785,7. Sales and customer service occupations,62,46,16
E01000785,"8. Process, plant and machine operatives",45,27,18
E01000785,9. Elementary occupations,53,77,-24
E01000786,"1. Managers, directors and senior officials",135,80,55
E01000786,2. Professional occupations,184,120,64
E01000786,3. Associate professional and technical occupations,90,54,36
E01000786,4. Administrative and secretarial occupations,76,98,-22
E01000786,5. Skilled trades occupations,53,57,-4
E01000786,"6. Caring, leisure and other service occupations",43,40,3
E01000786,7. Sales and customer service occupations,38,36,2
E01000786,"8. Process, plant and machine operatives",13,35,-22
E01000786,9. Elementary occupations,26,39,-13
E01000787,"1. Managers, directors and senior officials",63,53,10
E01000787,2. Professional occupations,134,79,55
E01000787,3. Associate professional and technical occupations,72,40,32
E01000787,4. Administrative and secretarial occupations,80,108,-28
E01000787,5. Skilled trades occupations,82,69,13
E01000787,"6. Caring, leisure and other service occupations",62,63,-1
E01000787,7. Sales and customer service occupations,49,54,-5
E01000787,"8. Process, plant and machine operatives",42,34,8
E01000787,9. Elementary occupations,61,71,-10
E01000788,"1. Managers, directors and senior officials",109,80,29
E01000788,2. Professional occupations,183,119,64
E01000788,3. Associate professional and technical occupations,106,38,68
E01000788,4. Administrative and secretarial occupations,86,128,-42
E01000788,5. Skilled trades occupations,73,58,15
E01000788,"6. Caring, leisure and other service occupations",58,64,-6
E01000788,7. Sales and customer service occupations,35,63,-28
E01000788,"8. Process, plant and machine operatives",34,46,-12
E01000788,9. Elementary occupations,58,61,-3
E01000789,"1. Managers, directors and senior officials",51,51,0
E01000789,2. Professional occupations,113,64,49
E01000789,3. Associate professional and technical occupations,60,29,31
E01000789,4. Administrative and secretarial occupations,80,80,0
E01000789,5. Skilled trades occupations,71,61,10
E01000789,"6. Caring, leisure and other service occupations",96,60,36
E01000789,7. Sales and customer service occupations,61,82,-21
E01000789,"8. Process, plant and machine operatives",64,58,6
E01000789,9. Elementary occupations,121,117,4
E01000790,"1. Managers, directors and senior officials",202,125,77
E01000790,2. Professional occupations,438,246,192
E01000790,3. Associate professional and technical occupations,174,70,104
E01000790,4. Administrative and secretarial occupations,113,143,-30
E01000790,5. Skilled trades occupations,82,77,5
E01000790,"6. Caring, leisure and other service occupations",86,88,-2
E01000790,7. Sales and customer service occupations,81,67,14
E01000790,"8. Process, plant and machine operatives",52,39,13
E01000790,9. Elementary occupations,80,85,-5
E01000791,"1. Managers, directors and senior officials",86,61,25
E01000791,2. Professional occupations,153,110,43
E01000791,3. Associate professional and technical occupations,105,44,61
E01000791,4. Administrative and secretarial occupations,83,109,-26
E01000791,5. Skilled trades occupations,83,65,18
E01000791,"6. Caring, leisure and other service occupations",53,64,-11
E01000791,7. Sales and customer service occupations,40,58,-18
E01000791,"8. Process, plant and machine operatives",43,32,11
E01000791,9. Elementary occupations,38,48,-10
E01000792,"1. Managers, directors and senior officials",96,37,59
E01000792,2. Professional occupations,181,89,92
E01000792,3. Associate professional and technical occupations,96,40,56
E01000792,4. Administrative and secretarial occupations,62,82,-20
E01000792,5. Skilled trades occupations,79,43,36
E01000792,"6. Caring, leisure and other service occupations",62,43,19
E01000792,7. Sales and customer service occupations,41,30,11
E01000792,"8. Process, plant and machine operatives",29,24,5
E01000792,9. Elementary occupations,37,38,-1
E01000793,"1. Managers, directors and senior officials",141,94,47
E01000793,2. Professional occupations,223,166,57
E01000793,3. Associate professional and technical occupations,104,51,53
E01000793,4. Administrative and secretarial occupations,93,134,-41
E01000793,5. Skilled trades occupations,53,64,-11
E01000793,"6. Caring, leisure and other service occupations",24,30,-6
E01000793,7. Sales and customer service occupations,36,49,-13
E01000793,"8. Process, plant and machine operatives",16,27,-11
E01000793,9. Elementary occupations,24,35,-11
E01000794,"1. Managers, directors and senior officials",126,88,38
E01000794,2. Professional occupations,178,142,36
E01000794,3. Associate professional and technical occupations,92,53,39
E01000794,4. Administrative and secretarial occupations,101,133,-32
E01000794,5. Skilled trades occupations,57,66,-9
E01000794,"6. Caring, leisure and other service occupations",37,48,-11
E01000794,7. Sales and customer service occupations,35,51,-16
E01000794,"8. Process, plant and machine operatives",23,25,-2
E01000794,9. Elementary occupations,23,39,-16
E01000795,"1. Managers, directors and senior officials",96,68,28
E01000795,2. Professional occupations,175,116,59
E01000795,3. Associate professional and technical occupations,78,47,31
E01000795,4. Administrative and secretarial occupations,67,96,-29
E01000795,5. Skilled trades occupations,47,68,-21
E01000795,"6. Caring, leisure and other service occupations",46,48,-2
E01000795,7. Sales and customer service occupations,35,64,-29
E01000795,"8. Process, plant and machine operatives",15,32,-17
E01000795,9. Elementary occupations,34,52,-18
E01000796,"1. Managers, directors and senior officials",56,42,14
E01000796,2. Professional occupations,115,80,35
E01000796,3. Associate professional and technical occupations,95,38,57
E01000796,4. Administrative and secretarial occupations,63,93,-30
E01000796,5. Skilled trades occupations,56,51,5
E01000796,"6. Caring, leisure and other service occupations",105,86,19
E01000796,7. Sales and customer service occupations,58,67,-9
E01000796,"8. Process, plant and machine operatives",51,41,10
E01000796,9. Elementary occupations,108,110,-2
E01000797,"1. Managers, directors and senior officials",160,138,22
E01000797,2. Professional occupations,272,242,30
E01000797,3. Associate professional and technical occupations,164,56,108
E01000797,4. Administrative and secretarial occupations,74,123,-49
E01000797,5. Skilled trades occupations,51,44,7
E01000797,"6. Caring, leisure and other service occupations",36,46,-10
E01000797,7. Sales and customer service occupations,21,42,-21
E01000797,"8. Process, plant and machine operatives",18,24,-6
E01000797,9. Elementary occupations,40,36,4
E01000798,"1. Managers, directors and senior officials",70,41,29
E01000798,2. Professional occupations,158,68,90
E01000798,3. Associate professional and technical occupations,118,40,78
E01000798,4. Administrative and secretarial occupations,79,83,-4
E01000798,5. Skilled trades occupations,69,53,16
E01000798,"6. Caring, leisure and other service occupations",87,94,-7
E01000798,7. Sales and customer service occupations,68,67,1
E01000798,"8. Process, plant and machine operatives",50,50,0
E01000798,9. Elementary occupations,78,77,1
E01000799,"1. Managers, directors and senior officials",153,127,26
E01000799,2. Professional occupations,249,228,21
E01000799,3. Associate professional and technical occupations,168,86,82
E01000799,4. Administrative and secretarial occupations,97,132,-35
E01000799,5. Skilled trades occupations,71,75,-4
E01000799,"6. Caring, leisure and other service occupations",64,93,-29
E01000799,7. Sales and customer service occupations,64,80,-16
E01000799,"8. Process, plant and machine operatives",27,52,-25
E01000799,9. Elementary occupations,74,88,-14
E01000800,"1. Managers, directors and senior officials",120,66,54
E01000800,2. Professional occupations,240,177,63
E01000800,3. Associate professional and technical occupations,149,47,102
E01000800,4. Administrative and secretarial occupations,116,104,12
E01000800,5. Skilled trades occupations,68,77,-9
E01000800,"6. Caring, leisure and other service occupations",68,65,3
E01000800,7. Sales and customer service occupations,58,61,-3
E01000800,"8. Process, plant and machine operatives",42,42,0
E01000800,9. Elementary occupations,92,102,-10
E01000801,"1. Managers, directors and senior officials",93,68,25
E01000801,2. Professional occupations,175,118,57
E01000801,3. Associate professional and technical occupations,134,50,84
E01000801,4. Administrative and secretarial occupations,72,106,-34
E01000801,5. Skilled trades occupations,76,80,-4
E01000801,"6. Caring, leisure and other service occupations",64,74,-10
E01000801,7. Sales and customer service occupations,38,51,-13
E01000801,"8. Process, plant and machine operatives",42,41,1
E01000801,9. Elementary occupations,73,74,-1
E01000802,"1. Managers, directors and senior officials",219,111,108
E01000802,2. Professional occupations,307,223,84
E01000802,3. Associate professional and technical occupations,213,72,141
E01000802,4. Administrative and secretarial occupations,72,120,-48
E01000802,5. Skilled trades occupations,41,66,-25
E01000802,"6. Caring, leisure and other service occupations",62,87,-25
E01000802,7. Sales and customer service occupations,57,56,1
E01000802,"8. Process, plant and machine operatives",30,29,1
E01000802,9. Elementary occupations,58,62,-4
E01000803,"1. Managers, directors and senior officials",153,90,63
E01000803,2. Professional occupations,289,233,56
E01000803,3. Associate professional and technical occupations,176,49,127
E01000803,4. Administrative and secretarial occupations,73,113,-40
E01000803,5. Skilled trades occupations,43,54,-11
E01000803,"6. Caring, leisure and other service occupations",51,55,-4
E01000803,7. Sales and customer service occupations,40,42,-2
E01000803,"8. Process, plant and machine operatives",17,20,-3
E01000803,9. Elementary occupations,39,66,-27
E01000804,"1. Managers, directors and senior officials",146,82,64
E01000804,2. Professional occupations,236,216,20
E01000804,3. Associate professional and technical occupations,159,51,108
E01000804,4. Administrative and secretarial occupations,53,106,-53
E01000804,5. Skilled trades occupations,48,59,-11
E01000804,"6. Caring, leisure and other service occupations",33,52,-19
E01000804,7. Sales and customer service occupations,29,42,-13
E01000804,"8. Process, plant and machine operatives",8,34,-26
E01000804,9. Elementary occupations,18,19,-1
E01000805,"1. Managers, directors and senior officials",135,77,58
E01000805,2. Professional occupations,273,158,115
E01000805,3. Associate professional and technical occupations,185,27,158
E01000805,4. Administrative and secretarial occupations,75,99,-24
E01000805,5. Skilled trades occupations,56,45,11
E01000805,"6. Caring, leisure and other service occupations",53,48,5
E01000805,7. Sales and customer service occupations,51,33,18
E01000805,"8. Process, plant and machine operatives",31,30,1
E01000805,9. Elementary occupations,60,48,12
E01000806,"1. Managers, directors and senior officials",108,65,43
E01000806,2. Professional occupations,202,135,67
E01000806,3. Associate professional and technical occupations,140,57,83
E01000806,4. Administrative and secretarial occupations,89,114,-25
E01000806,5. Skilled trades occupations,72,81,-9
E01000806,"6. Caring, leisure and other service occupations",106,68,38
E01000806,7. Sales and customer service occupations,54,93,-39
E01000806,"8. Process, plant and machine operatives",37,35,2
E01000806,9. Elementary occupations,97,93,4
E01000807,"1. Managers, directors and senior officials",135,118,17
E01000807,2. Professional occupations,218,156,62
E01000807,3. Associate professional and technical occupations,111,45,66
E01000807,4. Administrative and secretarial occupations,103,101,2
E01000807,5. Skilled trades occupations,48,55,-7
E01000807,"6. Caring, leisure and other service occupations",51,42,9
E01000807,7. Sales and customer service occupations,51,33,18
E01000807,"8. Process, plant and machine operatives",29,26,3
E01000807,9. Elementary occupations,41,42,-1
E01000808,"1. Managers, directors and senior officials",145,126,19
E01000808,2. Professional occupations,237,155,82
E01000808,3. Associate professional and technical occupations,91,44,47
E01000808,4. Administrative and secretarial occupations,82,101,-19
E01000808,5. Skilled trades occupations,47,54,-7
E01000808,"6. Caring, leisure and other service occupations",37,42,-5
E01000808,7. Sales and customer service occupations,27,52,-25
E01000808,"8. Process, plant and machine operatives",20,26,-6
E01000808,9. Elementary occupations,27,26,1
E01000809,"1. Managers, directors and senior officials",129,96,33
E01000809,2. Professional occupations,228,163,65
E01000809,3. Associate professional and technical occupations,117,51,66
E01000809,4. Administrative and secretarial occupations,93,130,-37
E01000809,5. Skilled trades occupations,44,57,-13
E01000809,"6. Caring, leisure and other service occupations",43,52,-9
E01000809,7. Sales and customer service occupations,34,54,-20
E01000809,"8. Process, plant and machine operatives",15,42,-27
E01000809,9. Elementary occupations,21,20,1
E01000810,"1. Managers, directors and senior officials",175,118,57
E01000810,2. Professional occupations,241,150,91
E01000810,3. Associate professional and technical occupations,109,46,63
E01000810,4. Administrative and secretarial occupations,69,109,-40
E01000810,5. Skilled trades occupations,35,38,-3
E01000810,"6. Caring, leisure and other service occupations",26,38,-12
E01000810,7. Sales and customer service occupations,25,37,-12
E01000810,"8. Process, plant and machine operatives",13,26,-13
E01000810,9. Elementary occupations,13,19,-6
E01000811,"1. Managers, directors and senior officials",115,79,36
E01000811,2. Professional occupations,192,140,52
E01000811,3. Associate professional and technical occupations,119,53,66
E01000811,4. Administrative and secretarial occupations,73,122,-49
E01000811,5. Skilled trades occupations,53,54,-1
E01000811,"6. Caring, leisure and other service occupations",48,48,0
E01000811,7. Sales and customer service occupations,33,47,-14
E01000811,"8. Process, plant and machine operatives",18,23,-5
E01000811,9. Elementary occupations,28,39,-11
E01000812,"1. Managers, directors and senior officials",133,94,39
E01000812,2. Professional occupations,245,168,77
E01000812,3. Associate professional and technical occupations,131,56,75
E01000812,4. Administrative and secretarial occupations,72,116,-44
E01000812,5. Skilled trades occupations,45,53,-8
E01000812,"6. Caring, leisure and other service occupations",37,47,-10
E01000812,7. Sales and customer service occupations,39,58,-19
E01000812,"8. Process, plant and machine operatives",32,39,-7
E01000812,9. Elementary occupations,25,47,-22
E01000813,"1. Managers, directors and senior officials",153,94,59
E01000813,2. Professional occupations,189,145,44
E01000813,3. Associate professional and technical occupations,102,42,60
E01000813,4. Administrative and secretarial occupations,95,134,-39
E01000813,5. Skilled trades occupations,56,56,0
E01000813,"6. Caring, leisure and other service occupations",42,47,-5
E01000813,7. Sales and customer service occupations,22,61,-39
E01000813,"8. Process, plant and machine operatives",23,39,-16
E01000813,9. Elementary occupations,30,34,-4
E01000814,"1. Managers, directors and senior officials",148,125,23
E01000814,2. Professional occupations,245,187,58
E01000814,3. Associate professional and technical occupations,90,41,49
E01000814,4. Administrative and secretarial occupations,82,109,-27
E01000814,5. Skilled trades occupations,26,37,-11
E01000814,"6. Caring, leisure and other service occupations",35,39,-4
E01000814,7. Sales and customer service occupations,30,52,-22
E01000814,"8. Process, plant and machine operatives",11,22,-11
E01000814,9. Elementary occupations,27,40,-13
E01000815,"1. Managers, directors and senior officials",192,148,44
E01000815,2. Professional occupations,199,161,38
E01000815,3. Associate professional and technical occupations,119,37,82
E01000815,4. Administrative and secretarial occupations,77,114,-37
E01000815,5. Skilled trades occupations,33,43,-10
E01000815,"6. Caring, leisure and other service occupations",20,36,-16
E01000815,7. Sales and customer service occupations,17,37,-20
E01000815,"8. Process, plant and machine operatives",12,17,-5
E01000815,9. Elementary occupations,15,22,-7
E01000816,"1. Managers, directors and senior officials",115,70,45
E01000816,2. Professional occupations,210,130,80
E01000816,3. Associate professional and technical occupations,116,48,68
E01000816,4. Administrative and secretarial occupations,89,120,-31
E01000816,5. Skilled trades occupations,72,88,-16
E01000816,"6. Caring, leisure and other service occupations",58,67,-9
E01000816,7. Sales and customer service occupations,47,60,-13
E01000816,"8. Process, plant and machine operatives",39,47,-8
E01000816,9. Elementary occupations,37,62,-25
E01000818,"1. Managers, directors and senior officials",155,97,58
E01000818,2. Professional occupations,197,138,59
E01000818,3. Associate professional and technical occupations,114,41,73
E01000818,4. Administrative and secretarial occupations,110,114,-4
E01000818,5. Skilled trades occupations,68,72,-4
E01000818,"6. Caring, leisure and other service occupations",70,61,9
E01000818,7. Sales and customer service occupations,61,66,-5
E01000818,"8. Process, plant and machine operatives",30,35,-5
E01000818,9. Elementary occupations,49,46,3
E01000819,"1. Managers, directors and senior officials",122,70,52
E01000819,2. Professional occupations,204,124,80
E01000819,3. Associate professional and technical occupations,130,64,66
E01000819,4. Administrative and secretarial occupations,98,117,-19
E01000819,5. Skilled trades occupations,63,64,-1
E01000819,"6. Caring, leisure and other service occupations",67,61,6
E01000819,7. Sales and customer service occupations,67,50,17
E01000819,"8. Process, plant and machine operatives",51,38,13
E01000819,9. Elementary occupations,80,67,13
E01000820,"1. Managers, directors and senior officials",145,101,44
E01000820,2. Professional occupations,230,170,60
E01000820,3. Associate professional and technical occupations,131,52,79
E01000820,4. Administrative and secretarial occupations,85,95,-10
E01000820,5. Skilled trades occupations,38,50,-12
E01000820,"6. Caring, leisure and other service occupations",41,45,-4
E01000820,7. Sales and customer service occupations,27,21,6
E01000820,"8. Process, plant and machine operatives",22,19,3
E01000820,9. Elementary occupations,32,39,-7
E01000822,"1. Managers, directors and senior officials",126,118,8
E01000822,2. Professional occupations,238,191,47
E01000822,3. Associate professional and technical occupations,147,85,62
E01000822,4. Administrative and secretarial occupations,81,116,-35
E01000822,5. Skilled trades occupations,54,62,-8
E01000822,"6. Caring, leisure and other service occupations",60,50,10
E01000822,7. Sales and customer service occupations,41,60,-19
E01000822,"8. Process, plant and machine operatives",30,21,9
E01000822,9. Elementary occupations,42,52,-10
E01000823,"1. Managers, directors and senior officials",174,170,4
E01000823,2. Professional occupations,285,232,53
E01000823,3. Associate professional and technical occupations,150,88,62
E01000823,4. Administrative and secretarial occupations,93,124,-31
E01000823,5. Skilled trades occupations,50,63,-13
E01000823,"6. Caring, leisure and other service occupations",60,53,7
E01000823,7. Sales and customer service occupations,30,50,-20
E01000823,"8. Process, plant and machine operatives",28,24,4
E01000823,9. Elementary occupations,35,44,-9
E01000824,"1. Managers, directors and senior officials",127,94,33
E01000824,2. Professional occupations,221,169,52
E01000824,3. Associate professional and technical occupations,116,47,69
E01000824,4. Administrative and secretarial occupations,80,86,-6
E01000824,5. Skilled trades occupations,54,49,5
E01000824,"6. Caring, leisure and other service occupations",62,48,14
E01000824,7. Sales and customer service occupations,42,36,6
E01000824,"8. Process, plant and machine operatives",33,23,10
E01000824,9. Elementary occupations,49,44,5
E01000825,"1. Managers, directors and senior officials",137,107,30
E01000825,2. Professional occupations,222,199,23
E01000825,3. Associate professional and technical occupations,181,71,110
E01000825,4. Administrative and secretarial occupations,88,134,-46
E01000825,5. Skilled trades occupations,54,51,3
E01000825,"6. Caring, leisure and other service occupations",60,50,10
E01000825,7. Sales and customer service occupations,45,39,6
E01000825,"8. Process, plant and machine operatives",31,22,9
E01000825,9. Elementary occupations,42,42,0
E01000826,"1. Managers, directors and senior officials",187,140,47
E01000826,2. Professional occupations,235,197,38
E01000826,3. Associate professional and technical occupations,116,56,60
E01000826,4. Administrative and secretarial occupations,95,120,-25
E01000826,5. Skilled trades occupations,38,44,-6
E01000826,"6. Caring, leisure and other service occupations",30,48,-18
E01000826,7. Sales and customer service occupations,21,38,-17
E01000826,"8. Process, plant and machine operatives",7,17,-10
E01000826,9. Elementary occupations,16,26,-10
E01000827,"1. Managers, directors and senior officials",135,114,21
E01000827,2. Professional occupations,276,195,81
E01000827,3. Associate professional and technical occupations,107,46,61
E01000827,4. Administrative and secretarial occupations,83,117,-34
E01000827,5. Skilled trades occupations,45,51,-6
E01000827,"6. Caring, leisure and other service occupations",47,46,1
E01000827,7. Sales and customer service occupations,47,43,4
E01000827,"8. Process, plant and machine operatives",26,26,0
E01000827,9. Elementary occupations,39,31,8
E01000828,"1. Managers, directors and senior officials",144,130,14
E01000828,2. Professional occupations,288,211,77
E01000828,3. Associate professional and technical occupations,120,50,70
E01000828,4. Administrative and secretarial occupations,102,115,-13
E01000828,5. Skilled trades occupations,47,49,-2
E01000828,"6. Caring, leisure and other service occupations",43,42,1
E01000828,7. Sales and customer service occupations,35,36,-1
E01000828,"8. Process, plant and machine operatives",16,21,-5
E01000828,9. Elementary occupations,27,40,-13
E01000829,"1. Managers, directors and senior officials",156,124,32
E01000829,2. Professional occupations,325,267,58
E01000829,3. Associate professional and technical occupations,155,69,86
E01000829,4. Administrative and secretarial occupations,95,153,-58
E01000829,5. Skilled trades occupations,67,43,24
E01000829,"6. Caring, leisure and other service occupations",48,45,3
E01000829,7. Sales and customer service occupations,35,55,-20
E01000829,"8. Process, plant and machine operatives",36,22,14
E01000829,9. Elementary occupations,38,64,-26
E01000830,"1. Managers, directors and senior officials",195,171,24
E01000830,2. Professional occupations,225,169,56
E01000830,3. Associate professional and technical occupations,110,48,62
E01000830,4. Administrative and secretarial occupations,89,92,-3
E01000830,5. Skilled trades occupations,29,37,-8
E01000830,"6. Caring, leisure and other service occupations",35,42,-7
E01000830,7. Sales and customer service occupations,29,36,-7
E01000830,"8. Process, plant and machine operatives",9,6,3
E01000830,9. Elementary occupations,8,19,-11
E01000831,"1. Managers, directors and senior officials",148,125,23
E01000831,2. Professional occupations,277,204,73
E01000831,3. Associate professional and technical occupations,125,42,83
E01000831,4. Administrative and secretarial occupations,76,135,-59
E01000831,5. Skilled trades occupations,38,45,-7
E01000831,"6. Caring, leisure and other service occupations",37,41,-4
E01000831,7. Sales and customer service occupations,19,38,-19
E01000831,"8. Process, plant and machine operatives",15,23,-8
E01000831,9. Elementary occupations,39,30,9
E01000832,"1. Managers, directors and senior officials",139,113,26
E01000832,2. Professional occupations,215,162,53
E01000832,3. Associate professional and technical occupations,117,56,61
E01000832,4. Administrative and secretarial occupations,94,105,-11
E01000832,5. Skilled trades occupations,58,57,1
E01000832,"6. Caring, leisure and other service occupations",45,48,-3
E01000832,7. Sales and customer service occupations,34,54,-20
E01000832,"8. Process, plant and machine operatives",22,35,-13
E01000832,9. Elementary occupations,20,27,-7
E01000833,"1. Managers, directors and senior officials",137,108,29
E01000833,2. Professional occupations,185,160,25
E01000833,3. Associate professional and technical occupations,117,51,66
E01000833,4. Administrative and secretarial occupations,95,105,-10
E01000833,5. Skilled trades occupations,54,52,2
E01000833,"6. Caring, leisure and other service occupations",31,45,-14
E01000833,7. Sales and customer service occupations,37,55,-18
E01000833,"8. Process, plant and machine operatives",29,23,6
E01000833,9. Elementary occupations,21,19,2
E01000834,"1. Managers, directors and senior officials",125,79,46
E01000834,2. Professional occupations,186,134,52
E01000834,3. Associate professional and technical occupations,110,54,56
E01000834,4. Administrative and secretarial occupations,83,101,-18
E01000834,5. Skilled trades occupations,69,69,0
E01000834,"6. Caring, leisure and other service occupations",45,74,-29
E01000834,7. Sales and customer service occupations,40,57,-17
E01000834,"8. Process, plant and machine operatives",26,23,3
E01000834,9. Elementary occupations,21,40,-19
E01000835,"1. Managers, directors and senior officials",118,112,6
E01000835,2. Professional occupations,211,135,76
E01000835,3. Associate professional and technical occupations,135,59,76
E01000835,4. Administrative and secretarial occupations,106,140,-34
E01000835,5. Skilled trades occupations,78,61,17
E01000835,"6. Caring, leisure and other service occupations",61,67,-6
E01000835,7. Sales and customer service occupations,58,61,-3
E01000835,"8. Process, plant and machine operatives",31,25,6
E01000835,9. Elementary occupations,63,52,11
E01000836,"1. Managers, directors and senior officials",134,94,40
E01000836,2. Professional occupations,212,156,56
E01000836,3. Associate professional and technical occupations,115,63,52
E01000836,4. Administrative and secretarial occupations,79,103,-24
E01000836,5. Skilled trades occupations,59,56,3
E01000836,"6. Caring, leisure and other service occupations",40,51,-11
E01000836,7. Sales and customer service occupations,32,49,-17
E01000836,"8. Process, plant and machine operatives",18,29,-11
E01000836,9. Elementary occupations,23,36,-13
E01000837,"1. Managers, directors and senior officials",110,92,18
E01000837,2. Professional occupations,202,129,73
E01000837,3. Associate professional and technical occupations,117,53,64
E01000837,4. Administrative and secretarial occupations,71,102,-31
E01000837,5. Skilled trades occupations,48,50,-2
E01000837,"6. Caring, leisure and other service occupations",46,52,-6
E01000837,7. Sales and customer service occupations,47,54,-7
E01000837,"8. Process, plant and machine operatives",31,28,3
E01000837,9. Elementary occupations,48,46,2
E01000838,"1. Managers, directors and senior officials",114,74,40
E01000838,2. Professional occupations,190,123,67
E01000838,3. Associate professional and technical occupations,117,59,58
E01000838,4. Administrative and secretarial occupations,82,110,-28
E01000838,5. Skilled trades occupations,61,63,-2
E01000838,"6. Caring, leisure and other service occupations",40,56,-16
E01000838,7. Sales and customer service occupations,30,50,-20
E01000838,"8. Process, plant and machine operatives",12,20,-8
E01000838,9. Elementary occupations,15,39,-24
E01000839,"1. Managers, directors and senior officials",132,104,28
E01000839,2. Professional occupations,186,159,27
E01000839,3. Associate professional and technical occupations,127,64,63
E01000839,4. Administrative and secretarial occupations,78,130,-52
E01000839,5. Skilled trades occupations,55,50,5
E01000839,"6. Caring, leisure and other service occupations",23,63,-40
E01000839,7. Sales and customer service occupations,32,53,-21
E01000839,"8. Process, plant and machine operatives",21,25,-4
E01000839,9. Elementary occupations,14,21,-7
E01000840,"1. Managers, directors and senior officials",137,92,45
E01000840,2. Professional occupations,155,128,27
E01000840,3. Associate professional and technical occupations,81,65,16
E01000840,4. Administrative and secretarial occupations,78,124,-46
E01000840,5. Skilled trades occupations,45,67,-22
E01000840,"6. Caring, leisure and other service occupations",40,51,-11
E01000840,7. Sales and customer service occupations,21,40,-19
E01000840,"8. Process, plant and machine operatives",8,17,-9
E01000840,9. Elementary occupations,17,32,-15
E01000841,"1. Managers, directors and senior officials",140,118,22
E01000841,2. Professional occupations,220,145,75
E01000841,3. Associate professional and technical occupations,151,64,87
E01000841,4. Administrative and secretarial occupations,112,146,-34
E01000841,5. Skilled trades occupations,71,63,8
E01000841,"6. Caring, leisure and other service occupations",49,69,-20
E01000841,7. Sales and customer service occupations,40,55,-15
E01000841,"8. Process, plant and machine operatives",23,19,4
E01000841,9. Elementary occupations,36,35,1
E01000842,"1. Managers, directors and senior officials",199,170,29
E01000842,2. Professional occupations,313,288,25
E01000842,3. Associate professional and technical occupations,155,44,111
E01000842,4. Administrative and secretarial occupations,47,56,-9
E01000842,5. Skilled trades occupations,21,17,4
E01000842,"6. Caring, leisure and other service occupations",35,29,6
E01000842,7. Sales and customer service occupations,17,22,-5
E01000842,"8. Process, plant and machine operatives",10,4,6
E01000842,9. Elementary occupations,22,20,2
E01000843,"1. Managers, directors and senior officials",180,140,40
E01000843,2. Professional occupations,294,325,-31
E01000843,3. Associate professional and technical occupations,138,45,93
E01000843,4. Administrative and secretarial occupations,33,57,-24
E01000843,5. Skilled trades occupations,5,22,-17
E01000843,"6. Caring, leisure and other service occupations",19,40,-21
E01000843,7. Sales and customer service occupations,31,30,1
E01000843,"8. Process, plant and machine operatives",6,11,-5
E01000843,9. Elementary occupations,13,39,-26
E01000844,"1. Managers, directors and senior officials",251,237,14
E01000844,2. Professional occupations,353,408,-55
E01000844,3. Associate professional and technical occupations,176,51,125
E01000844,4. Administrative and secretarial occupations,47,53,-6
E01000844,5. Skilled trades occupations,19,20,-1
E01000844,"6. Caring, leisure and other service occupations",36,38,-2
E01000844,7. Sales and customer service occupations,23,25,-2
E01000844,"8. Process, plant and machine operatives",16,6,10
E01000844,9. Elementary occupations,19,20,-1
E01000845,"1. Managers, directors and senior officials",175,168,7
E01000845,2. Professional occupations,321,272,49
E01000845,3. Associate professional and technical occupations,181,53,128
E01000845,4. Administrative and secretarial occupations,49,54,-5
E01000845,5. Skilled trades occupations,22,21,1
E01000845,"6. Caring, leisure and other service occupations",27,31,-4
E01000845,7. Sales and customer service occupations,21,32,-11
E01000845,"8. Process, plant and machine operatives",14,11,3
E01000845,9. Elementary occupations,20,23,-3
E01000846,"1. Managers, directors and senior officials",97,85,12
E01000846,2. Professional occupations,138,125,13
E01000846,3. Associate professional and technical occupations,123,35,88
E01000846,4. Administrative and secretarial occupations,46,59,-13
E01000846,5. Skilled trades occupations,21,19,2
E01000846,"6. Caring, leisure and other service occupations",63,40,23
E01000846,7. Sales and customer service occupations,39,41,-2
E01000846,"8. Process, plant and machine operatives",36,29,7
E01000846,9. Elementary occupations,55,41,14
E01000847,"1. Managers, directors and senior officials",134,122,12
E01000847,2. Professional occupations,205,189,16
E01000847,3. Associate professional and technical occupations,122,56,66
E01000847,4. Administrative and secretarial occupations,27,62,-35
E01000847,5. Skilled trades occupations,27,20,7
E01000847,"6. Caring, leisure and other service occupations",52,46,6
E01000847,7. Sales and customer service occupations,50,37,13
E01000847,"8. Process, plant and machine operatives",29,18,11
E01000847,9. Elementary occupations,40,40,0
E01000848,"1. Managers, directors and senior officials",217,221,-4
E01000848,2. Professional occupations,361,303,58
E01000848,3. Associate professional and technical occupations,190,56,134
E01000848,4. Administrative and secretarial occupations,35,69,-34
E01000848,5. Skilled trades occupations,12,34,-22
E01000848,"6. Caring, leisure and other service occupations",22,32,-10
E01000848,7. Sales and customer service occupations,26,27,-1
E01000848,"8. Process, plant and machine operatives",5,10,-5
E01000848,9. Elementary occupations,7,30,-23
E01000849,"1. Managers, directors and senior officials",178,161,17
E01000849,2. Professional occupations,337,355,-18
E01000849,3. Associate professional and technical occupations,155,46,109
E01000849,4. Administrative and secretarial occupations,41,85,-44
E01000849,5. Skilled trades occupations,26,30,-4
E01000849,"6. Caring, leisure and other service occupations",43,41,2
E01000849,7. Sales and customer service occupations,15,27,-12
E01000849,"8. Process, plant and machine operatives",6,7,-1
E01000849,9. Elementary occupations,27,29,-2
E01000850,"1. Managers, directors and senior officials",135,88,47
E01000850,2. Professional occupations,362,365,-3
E01000850,3. Associate professional and technical occupations,111,46,65
E01000850,4. Administrative and secretarial occupations,39,74,-35
E01000850,5. Skilled trades occupations,17,35,-18
E01000850,"6. Caring, leisure and other service occupations",30,41,-11
E01000850,7. Sales and customer service occupations,25,35,-10
E01000850,"8. Process, plant and machine operatives",6,2,4
E01000850,9. Elementary occupations,26,51,-25
E01000851,"1. Managers, directors and senior officials",132,142,-10
E01000851,2. Professional occupations,242,313,-71
E01000851,3. Associate professional and technical occupations,106,60,46
E01000851,4. Administrative and secretarial occupations,37,82,-45
E01000851,5. Skilled trades occupations,30,20,10
E01000851,"6. Caring, leisure and other service occupations",19,43,-24
E01000851,7. Sales and customer service occupations,22,62,-40
E01000851,"8. Process, plant and machine operatives",10,6,4
E01000851,9. Elementary occupations,27,88,-61
E01000853,"1. Managers, directors and senior officials",52,62,-10
E01000853,2. Professional occupations,148,163,-15
E01000853,3. Associate professional and technical occupations,96,36,60
E01000853,4. Administrative and secretarial occupations,46,81,-35
E01000853,5. Skilled trades occupations,19,35,-16
E01000853,"6. Caring, leisure and other service occupations",40,35,5
E01000853,7. Sales and customer service occupations,42,51,-9
E01000853,"8. Process, plant and machine operatives",28,24,4
E01000853,9. Elementary occupations,45,52,-7
E01000855,"1. Managers, directors and senior officials",111,124,-13
E01000855,2. Professional occupations,325,474,-149
E01000855,3. Associate professional and technical occupations,99,56,43
E01000855,4. Administrative and secretarial occupations,35,92,-57
E01000855,5. Skilled trades occupations,22,26,-4
E01000855,"6. Caring, leisure and other service occupations",28,43,-15
E01000855,7. Sales and customer service occupations,31,34,-3
E01000855,"8. Process, plant and machine operatives",10,5,5
E01000855,9. Elementary occupations,26,51,-25
E01000856,"1. Managers, directors and senior officials",95,94,1
E01000856,2. Professional occupations,235,177,58
E01000856,3. Associate professional and technical occupations,136,48,88
E01000856,4. Administrative and secretarial occupations,49,68,-19
E01000856,5. Skilled trades occupations,41,38,3
E01000856,"6. Caring, leisure and other service occupations",68,55,13
E01000856,7. Sales and customer service occupations,48,49,-1
E01000856,"8. Process, plant and machine operatives",24,22,2
E01000856,9. Elementary occupations,56,61,-5
E01000857,"1. Managers, directors and senior officials",154,140,14
E01000857,2. Professional occupations,249,228,21
E01000857,3. Associate professional and technical occupations,156,46,110
E01000857,4. Administrative and secretarial occupations,36,55,-19
E01000857,5. Skilled trades occupations,16,20,-4
E01000857,"6. Caring, leisure and other service occupations",40,34,6
E01000857,7. Sales and customer service occupations,23,35,-12
E01000857,"8. Process, plant and machine operatives",11,15,-4
E01000857,9. Elementary occupations,18,25,-7
E01000858,"1. Managers, directors and senior officials",93,88,5
E01000858,2. Professional occupations,268,208,60
E01000858,3. Associate professional and technical occupations,151,40,111
E01000858,4. Administrative and secretarial occupations,59,61,-2
E01000858,5. Skilled trades occupations,43,46,-3
E01000858,"6. Caring, leisure and other service occupations",93,79,14
E01000858,7. Sales and customer service occupations,67,51,16
E01000858,"8. Process, plant and machine operatives",48,33,15
E01000858,9. Elementary occupations,65,69,-4
E01000859,"1. Managers, directors and senior officials",198,239,-41
E01000859,2. Professional occupations,329,311,18
E01000859,3. Associate professional and technical occupations,162,57,105
E01000859,4. Administrative and secretarial occupations,33,55,-22
E01000859,5. Skilled trades occupations,11,28,-17
E01000859,"6. Caring, leisure and other service occupations",43,23,20
E01000859,7. Sales and customer service occupations,16,23,-7
E01000859,"8. Process, plant and machine operatives",5,6,-1
E01000859,9. Elementary occupations,17,23,-6
E01000860,"1. Managers, directors and senior officials",117,99,18
E01000860,2. Professional occupations,184,176,8
E01000860,3. Associate professional and technical occupations,101,28,73
E01000860,4. Administrative and secretarial occupations,27,34,-7
E01000860,5. Skilled trades occupations,19,17,2
E01000860,"6. Caring, leisure and other service occupations",22,22,0
E01000860,7. Sales and customer service occupations,14,20,-6
E01000860,"8. Process, plant and machine operatives",9,12,-3
E01000860,9. Elementary occupations,13,17,-4
E01000861,"1. Managers, directors and senior officials",100,90,10
E01000861,2. Professional occupations,251,244,7
E01000861,3. Associate professional and technical occupations,156,64,92
E01000861,4. Administrative and secretarial occupations,52,75,-23
E01000861,5. Skilled trades occupations,34,41,-7
E01000861,"6. Caring, leisure and other service occupations",48,50,-2
E01000861,7. Sales and customer service occupations,51,56,-5
E01000861,"8. Process, plant and machine operatives",21,22,-1
E01000861,9. Elementary occupations,53,71,-18
E01000862,"1. Managers, directors and senior officials",261,249,12
E01000862,2. Professional occupations,363,395,-32
E01000862,3. Associate professional and technical occupations,186,55,131
E01000862,4. Administrative and secretarial occupations,46,67,-21
E01000862,5. Skilled trades occupations,17,23,-6
E01000862,"6. Caring, leisure and other service occupations",33,43,-10
E01000862,7. Sales and customer service occupations,17,20,-3
E01000862,"8. Process, plant and machine operatives",6,7,-1
E01000862,9. Elementary occupations,15,27,-12
E01000863,"1. Managers, directors and senior officials",137,142,-5
E01000863,2. Professional occupations,281,249,32
E01000863,3. Associate professional and technical occupations,173,60,113
E01000863,4. Administrative and secretarial occupations,39,72,-33
E01000863,5. Skilled trades occupations,25,42,-17
E01000863,"6. Caring, leisure and other service occupations",21,36,-15
E01000863,7. Sales and customer service occupations,39,48,-9
E01000863,"8. Process, plant and machine operatives",18,10,8
E01000863,9. Elementary occupations,24,58,-34
E01000866,"1. Managers, directors and senior officials",161,130,31
E01000866,2. Professional occupations,331,298,33
E01000866,3. Associate professional and technical occupations,197,59,138
E01000866,4. Administrative and secretarial occupations,64,82,-18
E01000866,5. Skilled trades occupations,47,72,-25
E01000866,"6. Caring, leisure and other service occupations",58,53,5
E01000866,7. Sales and customer service occupations,43,67,-24
E01000866,"8. Process, plant and machine operatives",24,34,-10
E01000866,9. Elementary occupations,46,55,-9
E01000867,"1. Managers, directors and senior officials",108,57,51
E01000867,2. Professional occupations,253,178,75
E01000867,3. Associate professional and technical occupations,164,42,122
E01000867,4. Administrative and secretarial occupations,63,81,-18
E01000867,5. Skilled trades occupations,38,43,-5
E01000867,"6. Caring, leisure and other service occupations",44,56,-12
E01000867,7. Sales and customer service occupations,53,58,-5
E01000867,"8. Process, plant and machine operatives",32,26,6
E01000867,9. Elementary occupations,70,46,24
E01000868,"1. Managers, directors and senior officials",70,60,10
E01000868,2. Professional occupations,213,70,143
E01000868,3. Associate professional and technical occupations,148,50,98
E01000868,4. Administrative and secretarial occupations,39,43,-4
E01000868,5. Skilled trades occupations,38,47,-9
E01000868,"6. Caring, leisure and other service occupations",89,73,16
E01000868,7. Sales and customer service occupations,52,57,-5
E01000868,"8. Process, plant and machine operatives",50,35,15
E01000868,9. Elementary occupations,81,95,-14
E01000869,"1. Managers, directors and senior officials",175,140,35
E01000869,2. Professional occupations,373,340,33
E01000869,3. Associate professional and technical occupations,215,97,118
E01000869,4. Administrative and secretarial occupations,65,95,-30
E01000869,5. Skilled trades occupations,39,41,-2
E01000869,"6. Caring, leisure and other service occupations",51,55,-4
E01000869,7. Sales and customer service occupations,38,72,-34
E01000869,"8. Process, plant and machine operatives",18,24,-6
E01000869,9. Elementary occupations,58,64,-6
E01000870,"1. Managers, directors and senior officials",154,102,52
E01000870,2. Professional occupations,282,239,43
E01000870,3. Associate professional and technical occupations,172,59,113
E01000870,4. Administrative and secretarial occupations,48,75,-27
E01000870,5. Skilled trades occupations,36,42,-6
E01000870,"6. Caring, leisure and other service occupations",48,52,-4
E01000870,7. Sales and customer service occupations,37,49,-12
E01000870,"8. Process, plant and machine operatives",20,18,2
E01000870,9. Elementary occupations,41,47,-6
E01000871,"1. Managers, directors and senior officials",186,129,57
E01000871,2. Professional occupations,316,278,38
E01000871,3. Associate professional and technical occupations,139,49,90
E01000871,4. Administrative and secretarial occupations,46,75,-29
E01000871,5. Skilled trades occupations,24,36,-12
E01000871,"6. Caring, leisure and other service occupations",53,49,4
E01000871,7. Sales and customer service occupations,29,45,-16
E01000871,"8. Process, plant and machine operatives",17,12,5
E01000871,9. Elementary occupations,28,43,-15
E01000872,"1. Managers, directors and senior officials",134,128,6
E01000872,2. Professional occupations,283,395,-112
E01000872,3. Associate professional and technical occupations,172,60,112
E01000872,4. Administrative and secretarial occupations,56,96,-40
E01000872,5. Skilled trades occupations,63,79,-16
E01000872,"6. Caring, leisure and other service occupations",95,90,5
E01000872,7. Sales and customer service occupations,50,64,-14
E01000872,"8. Process, plant and machine operatives",38,24,14
E01000872,9. Elementary occupations,100,97,3
E01000873,"1. Managers, directors and senior officials",208,138,70
E01000873,2. Professional occupations,381,352,29
E01000873,3. Associate professional and technical occupations,180,71,109
E01000873,4. Administrative and secretarial occupations,54,87,-33
E01000873,5. Skilled trades occupations,27,25,2
E01000873,"6. Caring, leisure and other service occupations",35,56,-21
E01000873,7. Sales and customer service occupations,32,34,-2
E01000873,"8. Process, plant and machine operatives",6,8,-2
E01000873,9. Elementary occupations,17,38,-21
E01000874,"1. Managers, directors and senior officials",208,168,40
E01000874,2. Professional occupations,334,344,-10
E01000874,3. Associate professional and technical occupations,164,48,116
E01000874,4. Administrative and secretarial occupations,36,66,-30
E01000874,5. Skilled trades occupations,11,16,-5
E01000874,"6. Caring, leisure and other service occupations",24,29,-5
E01000874,7. Sales and customer service occupations,28,38,-10
E01000874,"8. Process, plant and machine operatives",7,4,3
E01000874,9. Elementary occupations,14,19,-5
E01000875,"1. Managers, directors and senior officials",133,97,36
E01000875,2. Professional occupations,326,286,40
E01000875,3. Associate professional and technical occupations,171,62,109
E01000875,4. Administrative and secretarial occupations,60,87,-27
E01000875,5. Skilled trades occupations,48,51,-3
E01000875,"6. Caring, leisure and other service occupations",65,58,7
E01000875,7. Sales and customer service occupations,45,59,-14
E01000875,"8. Process, plant and machine operatives",34,15,19
E01000875,9. Elementary occupations,57,78,-21
E01000876,"1. Managers, directors and senior officials",126,113,13
E01000876,2. Professional occupations,342,239,103
E01000876,3. Associate professional and technical occupations,186,47,139
E01000876,4. Administrative and secretarial occupations,71,79,-8
E01000876,5. Skilled trades occupations,46,42,4
E01000876,"6. Caring, leisure and other service occupations",79,51,28
E01000876,7. Sales and customer service occupations,68,55,13
E01000876,"8. Process, plant and machine operatives",32,22,10
E01000876,9. Elementary occupations,53,83,-30
E01000877,"1. Managers, directors and senior officials",191,148,43
E01000877,2. Professional occupations,310,338,-28
E01000877,3. Associate professional and technical occupations,151,69,82
E01000877,4. Administrative and secretarial occupations,46,86,-40
E01000877,5. Skilled trades occupations,27,27,0
E01000877,"6. Caring, leisure and other service occupations",39,27,12
E01000877,7. Sales and customer service occupations,37,34,3
E01000877,"8. Process, plant and machine operatives",12,24,-12
E01000877,9. Elementary occupations,40,36,4
E01000878,"1. Managers, directors and senior officials",245,150,95
E01000878,2. Professional occupations,276,191,85
E01000878,3. Associate professional and technical occupations,137,33,104
E01000878,4. Administrative and secretarial occupations,43,48,-5
E01000878,5. Skilled trades occupations,17,23,-6
E01000878,"6. Caring, leisure and other service occupations",24,33,-9
E01000878,7. Sales and customer service occupations,18,39,-21
E01000878,"8. Process, plant and machine operatives",10,12,-2
E01000878,9. Elementary occupations,25,26,-1
E01000879,"1. Managers, directors and senior officials",163,154,9
E01000879,2. Professional occupations,296,236,60
E01000879,3. Associate professional and technical occupations,126,27,99
E01000879,4. Administrative and secretarial occupations,32,53,-21
E01000879,5. Skilled trades occupations,27,34,-7
E01000879,"6. Caring, leisure and other service occupations",27,28,-1
E01000879,7. Sales and customer service occupations,17,29,-12
E01000879,"8. Process, plant and machine operatives",6,1,5
E01000879,9. Elementary occupations,11,30,-19
E01000880,"1. Managers, directors and senior officials",250,199,51
E01000880,2. Professional occupations,271,268,3
E01000880,3. Associate professional and technical occupations,117,35,82
E01000880,4. Administrative and secretarial occupations,33,54,-21
E01000880,5. Skilled trades occupations,8,14,-6
E01000880,"6. Caring, leisure and other service occupations",31,44,-13
E01000880,7. Sales and customer service occupations,14,11,3
E01000880,"8. Process, plant and machine operatives",11,7,4
E01000880,9. Elementary occupations,14,12,2
E01000881,"1. Managers, directors and senior officials",173,159,14
E01000881,2. Professional occupations,279,246,33
E01000881,3. Associate professional and technical occupations,129,42,87
E01000881,4. Administrative and secretarial occupations,28,72,-44
E01000881,5. Skilled trades occupations,12,27,-15
E01000881,"6. Caring, leisure and other service occupations",26,30,-4
E01000881,7. Sales and customer service occupations,38,28,10
E01000881,"8. Process, plant and machine operatives",13,6,7
E01000881,9. Elementary occupations,28,29,-1
E01000882,"1. Managers, directors and senior officials",209,221,-12
E01000882,2. Professional occupations,347,318,29
E01000882,3. Associate professional and technical occupations,144,58,86
E01000882,4. Administrative and secretarial occupations,43,65,-22
E01000882,5. Skilled trades occupations,4,12,-8
E01000882,"6. Caring, leisure and other service occupations",20,26,-6
E01000882,7. Sales and customer service occupations,23,23,0
E01000882,"8. Process, plant and machine operatives",5,3,2
E01000882,9. Elementary occupations,13,18,-5
E01000883,"1. Managers, directors and senior officials",236,140,96
E01000883,2. Professional occupations,354,246,108
E01000883,3. Associate professional and technical occupations,174,37,137
E01000883,4. Administrative and secretarial occupations,44,50,-6
E01000883,5. Skilled trades occupations,15,13,2
E01000883,"6. Caring, leisure and other service occupations",30,28,2
E01000883,7. Sales and customer service occupations,29,25,4
E01000883,"8. Process, plant and machine operatives",4,6,-2
E01000883,9. Elementary occupations,26,23,3
E01000884,"1. Managers, directors and senior officials",242,192,50
E01000884,2. Professional occupations,255,204,51
E01000884,3. Associate professional and technical occupations,105,39,66
E01000884,4. Administrative and secretarial occupations,34,53,-19
E01000884,5. Skilled trades occupations,7,9,-2
E01000884,"6. Caring, leisure and other service occupations",38,44,-6
E01000884,7. Sales and customer service occupations,13,22,-9
E01000884,"8. Process, plant and machine operatives",7,7,0
E01000884,9. Elementary occupations,10,23,-13
E01000885,"1. Managers, directors and senior officials",184,163,21
E01000885,2. Professional occupations,201,196,5
E01000885,3. Associate professional and technical occupations,109,34,75
E01000885,4. Administrative and secretarial occupations,44,41,3
E01000885,5. Skilled trades occupations,7,11,-4
E01000885,"6. Caring, leisure and other service occupations",34,44,-10
E01000885,7. Sales and customer service occupations,13,13,0
E01000885,"8. Process, plant and machine operatives",7,2,5
E01000885,9. Elementary occupations,13,19,-6
E01000886,"1. Managers, directors and senior officials",146,109,37
E01000886,2. Professional occupations,298,288,10
E01000886,3. Associate professional and technical occupations,152,44,108
E01000886,4. Administrative and secretarial occupations,41,52,-11
E01000886,5. Skilled trades occupations,27,30,-3
E01000886,"6. Caring, leisure and other service occupations",37,49,-12
E01000886,7. Sales and customer service occupations,31,30,1
E01000886,"8. Process, plant and machine operatives",9,3,6
E01000886,9. Elementary occupations,15,27,-12
E01000887,"1. Managers, directors and senior officials",145,137,8
E01000887,2. Professional occupations,310,327,-17
E01000887,3. Associate professional and technical occupations,188,48,140
E01000887,4. Administrative and secretarial occupations,46,55,-9
E01000887,5. Skilled trades occupations,21,25,-4
E01000887,"6. Caring, leisure and other service occupations",21,35,-14
E01000887,7. Sales and customer service occupations,37,38,-1
E01000887,"8. Process, plant and machine operatives",10,22,-12
E01000887,9. Elementary occupations,35,32,3
E01000888,"1. Managers, directors and senior officials",121,113,8
E01000888,2. Professional occupations,297,278,19
E01000888,3. Associate professional and technical occupations,133,43,90
E01000888,4. Administrative and secretarial occupations,43,74,-31
E01000888,5. Skilled trades occupations,22,29,-7
E01000888,"6. Caring, leisure and other service occupations",31,41,-10
E01000888,7. Sales and customer service occupations,28,29,-1
E01000888,"8. Process, plant and machine operatives",19,13,6
E01000888,9. Elementary occupations,19,40,-21
E01000889,"1. Managers, directors and senior officials",103,51,52
E01000889,2. Professional occupations,164,124,40
E01000889,3. Associate professional and technical occupations,127,37,90
E01000889,4. Administrative and secretarial occupations,57,79,-22
E01000889,5. Skilled trades occupations,38,47,-9
E01000889,"6. Caring, leisure and other service occupations",79,67,12
E01000889,7. Sales and customer service occupations,43,61,-18
E01000889,"8. Process, plant and machine operatives",58,42,16
E01000889,9. Elementary occupations,62,77,-15
E01000890,"1. Managers, directors and senior officials",47,42,5
E01000890,2. Professional occupations,82,79,3
E01000890,3. Associate professional and technical occupations,72,33,39
E01000890,4. Administrative and secretarial occupations,39,84,-45
E01000890,5. Skilled trades occupations,39,51,-12
E01000890,"6. Caring, leisure and other service occupations",55,67,-12
E01000890,7. Sales and customer service occupations,53,54,-1
E01000890,"8. Process, plant and machine operatives",28,30,-2
E01000890,9. Elementary occupations,73,88,-15
E01000891,"1. Managers, directors and senior officials",72,38,34
E01000891,2. Professional occupations,166,99,67
E01000891,3. Associate professional and technical occupations,93,29,64
E01000891,4. Administrative and secretarial occupations,48,67,-19
E01000891,5. Skilled trades occupations,39,38,1
E01000891,"6. Caring, leisure and other service occupations",58,46,12
E01000891,7. Sales and customer service occupations,51,62,-11
E01000891,"8. Process, plant and machine operatives",28,28,0
E01000891,9. Elementary occupations,61,61,0
E01000892,"1. Managers, directors and senior officials",144,156,-12
E01000892,2. Professional occupations,379,315,64
E01000892,3. Associate professional and technical occupations,196,44,152
E01000892,4. Administrative and secretarial occupations,46,65,-19
E01000892,5. Skilled trades occupations,28,36,-8
E01000892,"6. Caring, leisure and other service occupations",48,44,4
E01000892,7. Sales and customer service occupations,42,33,9
E01000892,"8. Process, plant and machine operatives",30,21,9
E01000892,9. Elementary occupations,31,33,-2
E01000893,"1. Managers, directors and senior officials",171,140,31
E01000893,2. Professional occupations,334,354,-20
E01000893,3. Associate professional and technical occupations,187,50,137
E01000893,4. Administrative and secretarial occupations,44,53,-9
E01000893,5. Skilled trades occupations,20,20,0
E01000893,"6. Caring, leisure and other service occupations",12,37,-25
E01000893,7. Sales and customer service occupations,17,18,-1
E01000893,"8. Process, plant and machine operatives",1,7,-6
E01000893,9. Elementary occupations,6,13,-7
E01000894,"1. Managers, directors and senior officials",184,172,12
E01000894,2. Professional occupations,235,275,-40
E01000894,3. Associate professional and technical occupations,141,33,108
E01000894,4. Administrative and secretarial occupations,32,34,-2
E01000894,5. Skilled trades occupations,8,9,-1
E01000894,"6. Caring, leisure and other service occupations",13,26,-13
E01000894,7. Sales and customer service occupations,12,19,-7
E01000894,"8. Process, plant and machine operatives",4,5,-1
E01000894,9. Elementary occupations,3,15,-12
E01000895,"1. Managers, directors and senior officials",182,160,22
E01000895,2. Professional occupations,323,310,13
E01000895,3. Associate professional and technical occupations,164,52,112
E01000895,4. Administrative and secretarial occupations,37,58,-21
E01000895,5. Skilled trades occupations,13,28,-15
E01000895,"6. Caring, leisure and other service occupations",34,40,-6
E01000895,7. Sales and customer service occupations,26,33,-7
E01000895,"8. Process, plant and machine operatives",19,14,5
E01000895,9. Elementary occupations,9,28,-19
E01000896,"1. Managers, directors and senior officials",213,190,23
E01000896,2. Professional occupations,347,342,5
E01000896,3. Associate professional and technical occupations,167,38,129
E01000896,4. Administrative and secretarial occupations,19,57,-38
E01000896,5. Skilled trades occupations,16,11,5
E01000896,"6. Caring, leisure and other service occupations",13,24,-11
E01000896,7. Sales and customer service occupations,9,16,-7
E01000896,"8. Process, plant and machine operatives",4,3,1
E01000896,9. Elementary occupations,8,10,-2
E01000897,"1. Managers, directors and senior officials",267,230,37
E01000897,2. Professional occupations,296,300,-4
E01000897,3. Associate professional and technical occupations,147,44,103
E01000897,4. Administrative and secretarial occupations,36,52,-16
E01000897,5. Skilled trades occupations,14,15,-1
E01000897,"6. Caring, leisure and other service occupations",24,26,-2
E01000897,7. Sales and customer service occupations,14,15,-1
E01000897,"8. Process, plant and machine operatives",10,4,6
E01000897,9. Elementary occupations,8,13,-5
E01000898,"1. Managers, directors and senior officials",132,128,4
E01000898,2. Professional occupations,396,477,-81
E01000898,3. Associate professional and technical occupations,109,53,56
E01000898,4. Administrative and secretarial occupations,60,56,4
E01000898,5. Skilled trades occupations,25,18,7
E01000898,"6. Caring, leisure and other service occupations",72,40,32
E01000898,7. Sales and customer service occupations,32,28,4
E01000898,"8. Process, plant and machine operatives",10,6,4
E01000898,9. Elementary occupations,28,41,-13
E01000899,"1. Managers, directors and senior officials",235,242,-7
E01000899,2. Professional occupations,291,265,26
E01000899,3. Associate professional and technical occupations,155,41,114
E01000899,4. Administrative and secretarial occupations,31,38,-7
E01000899,5. Skilled trades occupations,13,11,2
E01000899,"6. Caring, leisure and other service occupations",54,41,13
E01000899,7. Sales and customer service occupations,11,10,1
E01000899,"8. Process, plant and machine operatives",7,2,5
E01000899,9. Elementary occupations,14,9,5
E01000900,"1. Managers, directors and senior officials",106,108,-2
E01000900,2. Professional occupations,277,214,63
E01000900,3. Associate professional and technical occupations,174,54,120
E01000900,4. Administrative and secretarial occupations,71,90,-19
E01000900,5. Skilled trades occupations,41,55,-14
E01000900,"6. Caring, leisure and other service occupations",76,69,7
E01000900,7. Sales and customer service occupations,62,57,5
E01000900,"8. Process, plant and machine operatives",24,20,4
E01000900,9. Elementary occupations,48,67,-19
E01000901,"1. Managers, directors and senior officials",91,58,33
E01000901,2. Professional occupations,197,142,55
E01000901,3. Associate professional and technical occupations,114,32,82
E01000901,4. Administrative and secretarial occupations,63,75,-12
E01000901,5. Skilled trades occupations,43,46,-3
E01000901,"6. Caring, leisure and other service occupations",79,72,7
E01000901,7. Sales and customer service occupations,70,66,4
E01000901,"8. Process, plant and machine operatives",59,35,24
E01000901,9. Elementary occupations,80,85,-5
E01000902,"1. Managers, directors and senior officials",69,64,5
E01000902,2. Professional occupations,132,113,19
E01000902,3. Associate professional and technical occupations,106,35,71
E01000902,4. Administrative and secretarial occupations,41,56,-15
E01000902,5. Skilled trades occupations,38,25,13
E01000902,"6. Caring, leisure and other service occupations",53,47,6
E01000902,7. Sales and customer service occupations,48,59,-11
E01000902,"8. Process, plant and machine operatives",27,21,6
E01000902,9. Elementary occupations,56,55,1
E01000903,"1. Managers, directors and senior officials",130,97,33
E01000903,2. Professional occupations,278,259,19
E01000903,3. Associate professional and technical occupations,169,55,114
E01000903,4. Administrative and secretarial occupations,28,60,-32
E01000903,5. Skilled trades occupations,28,30,-2
E01000903,"6. Caring, leisure and other service occupations",39,27,12
E01000903,7. Sales and customer service occupations,24,42,-18
E01000903,"8. Process, plant and machine operatives",7,9,-2
E01000903,9. Elementary occupations,35,20,15
E01000904,"1. Managers, directors and senior officials",135,119,16
E01000904,2. Professional occupations,278,265,13
E01000904,3. Associate professional and technical occupations,187,67,120
E01000904,4. Administrative and secretarial occupations,59,91,-32
E01000904,5. Skilled trades occupations,41,59,-18
E01000904,"6. Caring, leisure and other service occupations",71,76,-5
E01000904,7. Sales and customer service occupations,76,73,3
E01000904,"8. Process, plant and machine operatives",46,27,19
E01000904,9. Elementary occupations,71,99,-28
E01000905,"1. Managers, directors and senior officials",80,59,21
E01000905,2. Professional occupations,155,118,37
E01000905,3. Associate professional and technical occupations,119,36,83
E01000905,4. Administrative and secretarial occupations,60,76,-16
E01000905,5. Skilled trades occupations,61,55,6
E01000905,"6. Caring, leisure and other service occupations",82,64,18
E01000905,7. Sales and customer service occupations,79,77,2
E01000905,"8. Process, plant and machine operatives",46,44,2
E01000905,9. Elementary occupations,69,91,-22
E01000906,"1. Managers, directors and senior officials",154,149,5
E01000906,2. Professional occupations,376,324,52
E01000906,3. Associate professional and technical occupations,197,59,138
E01000906,4. Administrative and secretarial occupations,55,71,-16
E01000906,5. Skilled trades occupations,13,30,-17
E01000906,"6. Caring, leisure and other service occupations",40,36,4
E01000906,7. Sales and customer service occupations,22,25,-3
E01000906,"8. Process, plant and machine operatives",17,9,8
E01000906,9. Elementary occupations,14,33,-19
E01000907,"1. Managers, directors and senior officials",76,58,18
E01000907,2. Professional occupations,218,187,31
E01000907,3. Associate professional and technical occupations,128,43,85
E01000907,4. Administrative and secretarial occupations,42,65,-23
E01000907,5. Skilled trades occupations,32,35,-3
E01000907,"6. Caring, leisure and other service occupations",62,49,13
E01000907,7. Sales and customer service occupations,29,32,-3
E01000907,"8. Process, plant and machine operatives",23,18,5
E01000907,9. Elementary occupations,38,51,-13
E01000908,"1. Managers, directors and senior officials",89,78,11
E01000908,2. Professional occupations,226,216,10
E01000908,3. Associate professional and technical occupations,150,53,97
E01000908,4. Administrative and secretarial occupations,58,73,-15
E01000908,5. Skilled trades occupations,36,36,0
E01000908,"6. Caring, leisure and other service occupations",53,49,4
E01000908,7. Sales and customer service occupations,22,46,-24
E01000908,"8. Process, plant and machine operatives",20,17,3
E01000908,9. Elementary occupations,31,50,-19
E01000909,"1. Managers, directors and senior officials",138,128,10
E01000909,2. Professional occupations,306,282,24
E01000909,3. Associate professional and technical occupations,191,51,140
E01000909,4. Administrative and secretarial occupations,43,63,-20
E01000909,5. Skilled trades occupations,23,25,-2
E01000909,"6. Caring, leisure and other service occupations",34,50,-16
E01000909,7. Sales and customer service occupations,28,29,-1
E01000909,"8. Process, plant and machine operatives",5,14,-9
E01000909,9. Elementary occupations,16,28,-12
E01000910,"1. Managers, directors and senior officials",122,93,29
E01000910,2. Professional occupations,288,296,-8
E01000910,3. Associate professional and technical occupations,194,64,130
E01000910,4. Administrative and secretarial occupations,36,57,-21
E01000910,5. Skilled trades occupations,29,33,-4
E01000910,"6. Caring, leisure and other service occupations",34,31,3
E01000910,7. Sales and customer service occupations,14,29,-15
E01000910,"8. Process, plant and machine operatives",12,9,3
E01000910,9. Elementary occupations,19,25,-6
E01000911,"1. Managers, directors and senior officials",117,97,20
E01000911,2. Professional occupations,214,248,-34
E01000911,3. Associate professional and technical occupations,157,43,114
E01000911,4. Administrative and secretarial occupations,30,56,-26
E01000911,5. Skilled trades occupations,30,28,2
E01000911,"6. Caring, leisure and other service occupations",56,54,2
E01000911,7. Sales and customer service occupations,30,37,-7
E01000911,"8. Process, plant and machine operatives",14,15,-1
E01000911,9. Elementary occupations,29,46,-17
E01000912,"1. Managers, directors and senior officials",101,67,34
E01000912,2. Professional occupations,219,219,0
E01000912,3. Associate professional and technical occupations,155,66,89
E01000912,4. Administrative and secretarial occupations,67,76,-9
E01000912,5. Skilled trades occupations,35,40,-5
E01000912,"6. Caring, leisure and other service occupations",59,52,7
E01000912,7. Sales and customer service occupations,42,42,0
E01000912,"8. Process, plant and machine operatives",35,21,14
E01000912,9. Elementary occupations,43,54,-11
E01000913,"1. Managers, directors and senior officials",218,225,-7
E01000913,2. Professional occupations,299,315,-16
E01000913,3. Associate professional and technical occupations,160,54,106
E01000913,4. Administrative and secretarial occupations,34,62,-28
E01000913,5. Skilled trades occupations,22,18,4
E01000913,"6. Caring, leisure and other service occupations",31,36,-5
E01000913,7. Sales and customer service occupations,8,18,-10
E01000913,"8. Process, plant and machine operatives",4,6,-2
E01000913,9. Elementary occupations,20,22,-2
E01000914,"1. Managers, directors and senior officials",117,161,-44
E01000914,2. Professional occupations,275,331,-56
E01000914,3. Associate professional and technical occupations,131,51,80
E01000914,4. Administrative and secretarial occupations,55,81,-26
E01000914,5. Skilled trades occupations,11,24,-13
E01000914,"6. Caring, leisure and other service occupations",43,30,13
E01000914,7. Sales and customer service occupations,33,43,-10
E01000914,"8. Process, plant and machine operatives",13,5,8
E01000914,9. Elementary occupations,37,57,-20
E01000915,"1. Managers, directors and senior officials",73,71,2
E01000915,2. Professional occupations,187,161,26
E01000915,3. Associate professional and technical occupations,89,31,58
E01000915,4. Administrative and secretarial occupations,45,66,-21
E01000915,5. Skilled trades occupations,33,65,-32
E01000915,"6. Caring, leisure and other service occupations",66,55,11
E01000915,7. Sales and customer service occupations,60,54,6
E01000915,"8. Process, plant and machine operatives",32,23,9
E01000915,9. Elementary occupations,51,46,5
E01000916,"1. Managers, directors and senior officials",155,155,0
E01000916,2. Professional occupations,355,321,34
E01000916,3. Associate professional and technical occupations,194,50,144
E01000916,4. Administrative and secretarial occupations,60,71,-11
E01000916,5. Skilled trades occupations,34,31,3
E01000916,"6. Caring, leisure and other service occupations",46,33,13
E01000916,7. Sales and customer service occupations,68,57,11
E01000916,"8. Process, plant and machine operatives",34,20,14
E01000916,9. Elementary occupations,51,54,-3
E01000917,"1. Managers, directors and senior officials",65,66,-1
E01000917,2. Professional occupations,183,126,57
E01000917,3. Associate professional and technical occupations,87,54,33
E01000917,4. Administrative and secretarial occupations,65,74,-9
E01000917,5. Skilled trades occupations,34,51,-17
E01000917,"6. Caring, leisure and other service occupations",58,81,-23
E01000917,7. Sales and customer service occupations,54,62,-8
E01000917,"8. Process, plant and machine operatives",47,40,7
E01000917,9. Elementary occupations,59,71,-12
E01000918,"1. Managers, directors and senior officials",139,133,6
E01000918,2. Professional occupations,248,270,-22
E01000918,3. Associate professional and technical occupations,138,51,87
E01000918,4. Administrative and secretarial occupations,47,98,-51
E01000918,5. Skilled trades occupations,23,31,-8
E01000918,"6. Caring, leisure and other service occupations",61,54,7
E01000918,7. Sales and customer service occupations,50,74,-24
E01000918,"8. Process, plant and machine operatives",26,18,8
E01000918,9. Elementary occupations,42,133,-91
E01000919,"1. Managers, directors and senior officials",150,156,-6
E01000919,2. Professional occupations,176,237,-61
E01000919,3. Associate professional and technical occupations,135,50,85
E01000919,4. Administrative and secretarial occupations,30,65,-35
E01000919,5. Skilled trades occupations,29,68,-39
E01000919,"6. Caring, leisure and other service occupations",44,74,-30
E01000919,7. Sales and customer service occupations,41,72,-31
E01000919,"8. Process, plant and machine operatives",18,15,3
E01000919,9. Elementary occupations,30,79,-49
E01000920,"1. Managers, directors and senior officials",144,158,-14
E01000920,2. Professional occupations,318,342,-24
E01000920,3. Associate professional and technical occupations,173,66,107
E01000920,4. Administrative and secretarial occupations,46,91,-45
E01000920,5. Skilled trades occupations,31,31,0
E01000920,"6. Caring, leisure and other service occupations",34,55,-21
E01000920,7. Sales and customer service occupations,44,49,-5
E01000920,"8. Process, plant and machine operatives",24,19,5
E01000920,9. Elementary occupations,44,47,-3
E01000921,"1. Managers, directors and senior officials",198,131,67
E01000921,2. Professional occupations,384,382,2
E01000921,3. Associate professional and technical occupations,269,91,178
E01000921,4. Administrative and secretarial occupations,84,141,-57
E01000921,5. Skilled trades occupations,63,53,10
E01000921,"6. Caring, leisure and other service occupations",63,52,11
E01000921,7. Sales and customer service occupations,46,71,-25
E01000921,"8. Process, plant and machine operatives",17,15,2
E01000921,9. Elementary occupations,55,65,-10
E01000922,"1. Managers, directors and senior officials",153,80,73
E01000922,2. Professional occupations,258,227,31
E01000922,3. Associate professional and technical occupations,187,57,130
E01000922,4. Administrative and secretarial occupations,55,55,0
E01000922,5. Skilled trades occupations,35,50,-15
E01000922,"6. Caring, leisure and other service occupations",60,45,15
E01000922,7. Sales and customer service occupations,42,35,7
E01000922,"8. Process, plant and machine operatives",27,20,7
E01000922,9. Elementary occupations,46,49,-3
E01000923,"1. Managers, directors and senior officials",152,92,60
E01000923,2. Professional occupations,313,288,25
E01000923,3. Associate professional and technical occupations,168,45,123
E01000923,4. Administrative and secretarial occupations,33,66,-33
E01000923,5. Skilled trades occupations,21,24,-3
E01000923,"6. Caring, leisure and other service occupations",38,36,2
E01000923,7. Sales and customer service occupations,24,38,-14
E01000923,"8. Process, plant and machine operatives",17,12,5
E01000923,9. Elementary occupations,33,27,6
E01000924,"1. Managers, directors and senior officials",140,96,44
E01000924,2. Professional occupations,388,355,33
E01000924,3. Associate professional and technical occupations,191,67,124
E01000924,4. Administrative and secretarial occupations,61,83,-22
E01000924,5. Skilled trades occupations,27,32,-5
E01000924,"6. Caring, leisure and other service occupations",34,45,-11
E01000924,7. Sales and customer service occupations,27,46,-19
E01000924,"8. Process, plant and machine operatives",16,19,-3
E01000924,9. Elementary occupations,28,40,-12
E01000925,"1. Managers, directors and senior officials",73,48,25
E01000925,2. Professional occupations,130,125,5
E01000925,3. Associate professional and technical occupations,102,39,63
E01000925,4. Administrative and secretarial occupations,46,57,-11
E01000925,5. Skilled trades occupations,28,44,-16
E01000925,"6. Caring, leisure and other service occupations",72,50,22
E01000925,7. Sales and customer service occupations,58,47,11
E01000925,"8. Process, plant and machine operatives",28,28,0
E01000925,9. Elementary occupations,57,71,-14
E01000926,"1. Managers, directors and senior officials",109,106,3
E01000926,2. Professional occupations,252,315,-63
E01000926,3. Associate professional and technical occupations,155,97,58
E01000926,4. Administrative and secretarial occupations,49,84,-35
E01000926,5. Skilled trades occupations,29,32,-3
E01000926,"6. Caring, leisure and other service occupations",61,98,-37
E01000926,7. Sales and customer service occupations,47,37,10
E01000926,"8. Process, plant and machine operatives",29,21,8
E01000926,9. Elementary occupations,37,54,-17
E01000927,"1. Managers, directors and senior officials",146,123,23
E01000927,2. Professional occupations,316,290,26
E01000927,3. Associate professional and technical occupations,180,87,93
E01000927,4. Administrative and secretarial occupations,43,70,-27
E01000927,5. Skilled trades occupations,17,39,-22
E01000927,"6. Caring, leisure and other service occupations",40,53,-13
E01000927,7. Sales and customer service occupations,37,40,-3
E01000927,"8. Process, plant and machine operatives",23,22,1
E01000927,9. Elementary occupations,33,56,-23
E01000928,"1. Managers, directors and senior officials",156,99,57
E01000928,2. Professional occupations,339,261,78
E01000928,3. Associate professional and technical occupations,200,69,131
E01000928,4. Administrative and secretarial occupations,56,58,-2
E01000928,5. Skilled trades occupations,37,38,-1
E01000928,"6. Caring, leisure and other service occupations",46,41,5
E01000928,7. Sales and customer service occupations,42,37,5
E01000928,"8. Process, plant and machine operatives",19,25,-6
E01000928,9. Elementary occupations,43,47,-4
E01000929,"1. Managers, directors and senior officials",88,73,15
E01000929,2. Professional occupations,155,116,39
E01000929,3. Associate professional and technical occupations,114,44,70
E01000929,4. Administrative and secretarial occupations,69,60,9
E01000929,5. Skilled trades occupations,38,42,-4
E01000929,"6. Caring, leisure and other service occupations",85,61,24
E01000929,7. Sales and customer service occupations,66,62,4
E01000929,"8. Process, plant and machine operatives",53,30,23
E01000929,9. Elementary occupations,72,69,3
E01000930,"1. Managers, directors and senior officials",104,96,8
E01000930,2. Professional occupations,231,180,51
E01000930,3. Associate professional and technical occupations,145,57,88
E01000930,4. Administrative and secretarial occupations,63,70,-7
E01000930,5. Skilled trades occupations,53,53,0
E01000930,"6. Caring, leisure and other service occupations",56,57,-1
E01000930,7. Sales and customer service occupations,60,40,20
E01000930,"8. Process, plant and machine operatives",54,31,23
E01000930,9. Elementary occupations,94,100,-6
E01000931,"1. Managers, directors and senior officials",152,86,66
E01000931,2. Professional occupations,213,222,-9
E01000931,3. Associate professional and technical occupations,147,50,97
E01000931,4. Administrative and secretarial occupations,56,75,-19
E01000931,5. Skilled trades occupations,55,55,0
E01000931,"6. Caring, leisure and other service occupations",91,71,20
E01000931,7. Sales and customer service occupations,79,74,5
E01000931,"8. Process, plant and machine operatives",45,36,9
E01000931,9. Elementary occupations,110,107,3
E01000932,"1. Managers, directors and senior officials",191,135,56
E01000932,2. Professional occupations,418,460,-42
E01000932,3. Associate professional and technical occupations,201,81,120
E01000932,4. Administrative and secretarial occupations,70,91,-21
E01000932,5. Skilled trades occupations,36,35,1
E01000932,"6. Caring, leisure and other service occupations",60,43,17
E01000932,7. Sales and customer service occupations,45,53,-8
E01000932,"8. Process, plant and machine operatives",24,19,5
E01000932,9. Elementary occupations,42,64,-22
E01000933,"1. Managers, directors and senior officials",157,146,11
E01000933,2. Professional occupations,331,325,6
E01000933,3. Associate professional and technical occupations,183,67,116
E01000933,4. Administrative and secretarial occupations,55,96,-41
E01000933,5. Skilled trades occupations,36,42,-6
E01000933,"6. Caring, leisure and other service occupations",50,44,6
E01000933,7. Sales and customer service occupations,56,57,-1
E01000933,"8. Process, plant and machine operatives",24,12,12
E01000933,9. Elementary occupations,60,41,19
E01000934,"1. Managers, directors and senior officials",72,46,26
E01000934,2. Professional occupations,159,153,6
E01000934,3. Associate professional and technical occupations,97,32,65
E01000934,4. Administrative and secretarial occupations,51,62,-11
E01000934,5. Skilled trades occupations,45,44,1
E01000934,"6. Caring, leisure and other service occupations",61,71,-10
E01000934,7. Sales and customer service occupations,57,77,-20
E01000934,"8. Process, plant and machine operatives",36,23,13
E01000934,9. Elementary occupations,65,81,-16
E01000935,"1. Managers, directors and senior officials",77,53,24
E01000935,2. Professional occupations,159,120,39
E01000935,3. Associate professional and technical occupations,117,36,81
E01000935,4. Administrative and secretarial occupations,50,64,-14
E01000935,5. Skilled trades occupations,56,35,21
E01000935,"6. Caring, leisure and other service occupations",63,72,-9
E01000935,7. Sales and customer service occupations,61,54,7
E01000935,"8. Process, plant and machine operatives",46,28,18
E01000935,9. Elementary occupations,76,76,0
E01000937,"1. Managers, directors and senior officials",50,51,-1
E01000937,2. Professional occupations,139,156,-17
E01000937,3. Associate professional and technical occupations,75,27,48
E01000937,4. Administrative and secretarial occupations,18,53,-35
E01000937,5. Skilled trades occupations,7,19,-12
E01000937,"6. Caring, leisure and other service occupations",22,24,-2
E01000937,7. Sales and customer service occupations,24,44,-20
E01000937,"8. Process, plant and machine operatives",9,11,-2
E01000937,9. Elementary occupations,26,45,-19
E01000938,"1. Managers, directors and senior officials",61,64,-3
E01000938,2. Professional occupations,196,171,25
E01000938,3. Associate professional and technical occupations,95,64,31
E01000938,4. Administrative and secretarial occupations,48,146,-98
E01000938,5. Skilled trades occupations,40,41,-1
E01000938,"6. Caring, leisure and other service occupations",38,47,-9
E01000938,7. Sales and customer service occupations,36,53,-17
E01000938,"8. Process, plant and machine operatives",21,11,10
E01000938,9. Elementary occupations,69,94,-25
E01000939,"1. Managers, directors and senior officials",50,36,14
E01000939,2. Professional occupations,104,65,39
E01000939,3. Associate professional and technical occupations,74,22,52
E01000939,4. Administrative and secretarial occupations,49,36,13
E01000939,5. Skilled trades occupations,39,31,8
E01000939,"6. Caring, leisure and other service occupations",45,28,17
E01000939,7. Sales and customer service occupations,46,60,-14
E01000939,"8. Process, plant and machine operatives",39,14,25
E01000939,9. Elementary occupations,60,63,-3
E01000941,"1. Managers, directors and senior officials",52,42,10
E01000941,2. Professional occupations,109,95,14
E01000941,3. Associate professional and technical occupations,62,30,32
E01000941,4. Administrative and secretarial occupations,41,40,1
E01000941,5. Skilled trades occupations,27,40,-13
E01000941,"6. Caring, leisure and other service occupations",52,63,-11
E01000941,7. Sales and customer service occupations,27,37,-10
E01000941,"8. Process, plant and machine operatives",32,23,9
E01000941,9. Elementary occupations,47,64,-17
E01000942,"1. Managers, directors and senior officials",50,64,-14
E01000942,2. Professional occupations,173,242,-69
E01000942,3. Associate professional and technical occupations,75,39,36
E01000942,4. Administrative and secretarial occupations,35,64,-29
E01000942,5. Skilled trades occupations,17,34,-17
E01000942,"6. Caring, leisure and other service occupations",32,39,-7
E01000942,7. Sales and customer service occupations,26,47,-21
E01000942,"8. Process, plant and machine operatives",12,8,4
E01000942,9. Elementary occupations,23,66,-43
E01000943,"1. Managers, directors and senior officials",66,64,2
E01000943,2. Professional occupations,160,184,-24
E01000943,3. Associate professional and technical occupations,80,26,54
E01000943,4. Administrative and secretarial occupations,35,50,-15
E01000943,5. Skilled trades occupations,24,24,0
E01000943,"6. Caring, leisure and other service occupations",23,22,1
E01000943,7. Sales and customer service occupations,24,18,6
E01000943,"8. Process, plant and machine operatives",6,7,-1
E01000943,9. Elementary occupations,32,23,9
E01000944,"1. Managers, directors and senior officials",59,70,-11
E01000944,2. Professional occupations,120,104,16
E01000944,3. Associate professional and technical occupations,84,23,61
E01000944,4. Administrative and secretarial occupations,42,60,-18
E01000944,5. Skilled trades occupations,26,28,-2
E01000944,"6. Caring, leisure and other service occupations",55,41,14
E01000944,7. Sales and customer service occupations,50,71,-21
E01000944,"8. Process, plant and machine operatives",43,32,11
E01000944,9. Elementary occupations,67,61,6
E01000946,"1. Managers, directors and senior officials",171,133,38
E01000946,2. Professional occupations,235,232,3
E01000946,3. Associate professional and technical occupations,138,75,63
E01000946,4. Administrative and secretarial occupations,45,49,-4
E01000946,5. Skilled trades occupations,22,27,-5
E01000946,"6. Caring, leisure and other service occupations",61,38,23
E01000946,7. Sales and customer service occupations,33,36,-3
E01000946,"8. Process, plant and machine operatives",24,22,2
E01000946,9. Elementary occupations,29,35,-6
E01000947,"1. Managers, directors and senior officials",116,112,4
E01000947,2. Professional occupations,296,305,-9
E01000947,3. Associate professional and technical occupations,144,42,102
E01000947,4. Administrative and secretarial occupations,53,87,-34
E01000947,5. Skilled trades occupations,31,55,-24
E01000947,"6. Caring, leisure and other service occupations",61,40,21
E01000947,7. Sales and customer service occupations,56,66,-10
E01000947,"8. Process, plant and machine operatives",33,25,8
E01000947,9. Elementary occupations,40,77,-37
E01000948,"1. Managers, directors and senior officials",162,152,10
E01000948,2. Professional occupations,231,233,-2
E01000948,3. Associate professional and technical occupations,162,53,109
E01000948,4. Administrative and secretarial occupations,44,66,-22
E01000948,5. Skilled trades occupations,22,41,-19
E01000948,"6. Caring, leisure and other service occupations",41,76,-35
E01000948,7. Sales and customer service occupations,36,45,-9
E01000948,"8. Process, plant and machine operatives",15,19,-4
E01000948,9. Elementary occupations,39,57,-18
E01000949,"1. Managers, directors and senior officials",65,59,6
E01000949,2. Professional occupations,261,178,83
E01000949,3. Associate professional and technical occupations,123,68,55
E01000949,4. Administrative and secretarial occupations,66,101,-35
E01000949,5. Skilled trades occupations,19,38,-19
E01000949,"6. Caring, leisure and other service occupations",68,65,3
E01000949,7. Sales and customer service occupations,61,73,-12
E01000949,"8. Process, plant and machine operatives",39,48,-9
E01000949,9. Elementary occupations,59,73,-14
E01000951,"1. Managers, directors and senior officials",49,36,13
E01000951,2. Professional occupations,117,76,41
E01000951,3. Associate professional and technical occupations,70,33,37
E01000951,4. Administrative and secretarial occupations,53,55,-2
E01000951,5. Skilled trades occupations,41,50,-9
E01000951,"6. Caring, leisure and other service occupations",55,45,10
E01000951,7. Sales and customer service occupations,55,48,7
E01000951,"8. Process, plant and machine operatives",46,37,9
E01000951,9. Elementary occupations,60,71,-11
E01000952,"1. Managers, directors and senior officials",49,59,-10
E01000952,2. Professional occupations,172,123,49
E01000952,3. Associate professional and technical occupations,96,29,67
E01000952,4. Administrative and secretarial occupations,62,81,-19
E01000952,5. Skilled trades occupations,35,26,9
E01000952,"6. Caring, leisure and other service occupations",72,64,8
E01000952,7. Sales and customer service occupations,64,69,-5
E01000952,"8. Process, plant and machine operatives",51,36,15
E01000952,9. Elementary occupations,72,92,-20
E01000954,"1. Managers, directors and senior officials",38,35,3
E01000954,2. Professional occupations,105,75,30
E01000954,3. Associate professional and technical occupations,55,19,36
E01000954,4. Administrative and secretarial occupations,54,53,1
E01000954,5. Skilled trades occupations,43,51,-8
E01000954,"6. Caring, leisure and other service occupations",61,60,1
E01000954,7. Sales and customer service occupations,73,57,16
E01000954,"8. Process, plant and machine operatives",40,40,0
E01000954,9. Elementary occupations,81,93,-12
E01000955,"1. Managers, directors and senior officials",44,43,1
E01000955,2. Professional occupations,94,74,20
E01000955,3. Associate professional and technical occupations,51,21,30
E01000955,4. Administrative and secretarial occupations,29,75,-46
E01000955,5. Skilled trades occupations,29,32,-3
E01000955,"6. Caring, leisure and other service occupations",66,62,4
E01000955,7. Sales and customer service occupations,56,58,-2
E01000955,"8. Process, plant and machine operatives",42,32,10
E01000955,9. Elementary occupations,63,84,-21
E01000956,"1. Managers, directors and senior officials",72,42,30
E01000956,2. Professional occupations,153,118,35
E01000956,3. Associate professional and technical occupations,77,36,41
E01000956,4. Administrative and secretarial occupations,40,62,-22
E01000956,5. Skilled trades occupations,28,57,-29
E01000956,"6. Caring, leisure and other service occupations",47,38,9
E01000956,7. Sales and customer service occupations,63,59,4
E01000956,"8. Process, plant and machine operatives",29,24,5
E01000956,9. Elementary occupations,60,87,-27
E01000957,"1. Managers, directors and senior officials",87,80,7
E01000957,2. Professional occupations,257,236,21
E01000957,3. Associate professional and technical occupations,146,52,94
E01000957,4. Administrative and secretarial occupations,43,85,-42
E01000957,5. Skilled trades occupations,26,53,-27
E01000957,"6. Caring, leisure and other service occupations",40,48,-8
E01000957,7. Sales and customer service occupations,47,63,-16
E01000957,"8. Process, plant and machine operatives",20,28,-8
E01000957,9. Elementary occupations,44,70,-26
E01000958,"1. Managers, directors and senior officials",149,86,63
E01000958,2. Professional occupations,333,209,124
E01000958,3. Associate professional and technical occupations,182,88,94
E01000958,4. Administrative and secretarial occupations,78,119,-41
E01000958,5. Skilled trades occupations,56,38,18
E01000958,"6. Caring, leisure and other service occupations",87,63,24
E01000958,7. Sales and customer service occupations,85,62,23
E01000958,"8. Process, plant and machine operatives",52,45,7
E01000958,9. Elementary occupations,83,138,-55
E01000959,"1. Managers, directors and senior officials",46,37,9
E01000959,2. Professional occupations,143,110,33
E01000959,3. Associate professional and technical occupations,91,33,58
E01000959,4. Administrative and secretarial occupations,61,71,-10
E01000959,5. Skilled trades occupations,45,59,-14
E01000959,"6. Caring, leisure and other service occupations",65,49,16
E01000959,7. Sales and customer service occupations,68,64,4
E01000959,"8. Process, plant and machine operatives",40,39,1
E01000959,9. Elementary occupations,61,91,-30
E01000960,"1. Managers, directors and senior officials",214,133,81
E01000960,2. Professional occupations,386,326,60
E01000960,3. Associate professional and technical occupations,225,54,171
E01000960,4. Administrative and secretarial occupations,55,89,-34
E01000960,5. Skilled trades occupations,32,26,6
E01000960,"6. Caring, leisure and other service occupations",49,41,8
E01000960,7. Sales and customer service occupations,28,40,-12
E01000960,"8. Process, plant and machine operatives",11,16,-5
E01000960,9. Elementary occupations,38,38,0
E01000961,"1. Managers, directors and senior officials",113,94,19
E01000961,2. Professional occupations,226,151,75
E01000961,3. Associate professional and technical occupations,128,36,92
E01000961,4. Administrative and secretarial occupations,67,59,8
E01000961,5. Skilled trades occupations,40,28,12
E01000961,"6. Caring, leisure and other service occupations",64,44,20
E01000961,7. Sales and customer service occupations,68,32,36
E01000961,"8. Process, plant and machine operatives",32,20,12
E01000961,9. Elementary occupations,55,66,-11
E01000962,"1. Managers, directors and senior officials",208,169,39
E01000962,2. Professional occupations,458,434,24
E01000962,3. Associate professional and technical occupations,217,51,166
E01000962,4. Administrative and secretarial occupations,47,74,-27
E01000962,5. Skilled trades occupations,20,29,-9
E01000962,"6. Caring, leisure and other service occupations",13,27,-14
E01000962,7. Sales and customer service occupations,23,41,-18
E01000962,"8. Process, plant and machine operatives",5,9,-4
E01000962,9. Elementary occupations,19,23,-4
E01000963,"1. Managers, directors and senior officials",268,238,30
E01000963,2. Professional occupations,269,229,40
E01000963,3. Associate professional and technical occupations,129,54,75
E01000963,4. Administrative and secretarial occupations,60,65,-5
E01000963,5. Skilled trades occupations,11,22,-11
E01000963,"6. Caring, leisure and other service occupations",41,27,14
E01000963,7. Sales and customer service occupations,33,17,16
E01000963,"8. Process, plant and machine operatives",12,10,2
E01000963,9. Elementary occupations,35,33,2
E01000964,"1. Managers, directors and senior officials",198,123,75
E01000964,2. Professional occupations,316,295,21
E01000964,3. Associate professional and technical occupations,191,47,144
E01000964,4. Administrative and secretarial occupations,59,77,-18
E01000964,5. Skilled trades occupations,27,16,11
E01000964,"6. Caring, leisure and other service occupations",49,42,7
E01000964,7. Sales and customer service occupations,32,40,-8
E01000964,"8. Process, plant and machine operatives",18,8,10
E01000964,9. Elementary occupations,36,31,5
E01000965,"1. Managers, directors and senior officials",207,156,51
E01000965,2. Professional occupations,365,340,25
E01000965,3. Associate professional and technical occupations,192,61,131
E01000965,4. Administrative and secretarial occupations,52,71,-19
E01000965,5. Skilled trades occupations,26,19,7
E01000965,"6. Caring, leisure and other service occupations",45,38,7
E01000965,7. Sales and customer service occupations,38,39,-1
E01000965,"8. Process, plant and machine operatives",27,15,12
E01000965,9. Elementary occupations,26,29,-3
E01000966,"1. Managers, directors and senior officials",235,204,31
E01000966,2. Professional occupations,457,383,74
E01000966,3. Associate professional and technical occupations,180,42,138
E01000966,4. Administrative and secretarial occupations,49,63,-14
E01000966,5. Skilled trades occupations,18,20,-2
E01000966,"6. Caring, leisure and other service occupations",24,21,3
E01000966,7. Sales and customer service occupations,27,27,0
E01000966,"8. Process, plant and machine operatives",4,7,-3
E01000966,9. Elementary occupations,9,18,-9
E01000967,"1. Managers, directors and senior officials",208,186,22
E01000967,2. Professional occupations,234,183,51
E01000967,3. Associate professional and technical occupations,127,25,102
E01000967,4. Administrative and secretarial occupations,36,37,-1
E01000967,5. Skilled trades occupations,16,30,-14
E01000967,"6. Caring, leisure and other service occupations",45,36,9
E01000967,7. Sales and customer service occupations,19,19,0
E01000967,"8. Process, plant and machine operatives",9,13,-4
E01000967,9. Elementary occupations,15,25,-10
E01000968,"1. Managers, directors and senior officials",201,142,59
E01000968,2. Professional occupations,368,363,5
E01000968,3. Associate professional and technical occupations,188,69,119
E01000968,4. Administrative and secretarial occupations,53,76,-23
E01000968,5. Skilled trades occupations,28,15,13
E01000968,"6. Caring, leisure and other service occupations",33,31,2
E01000968,7. Sales and customer service occupations,30,35,-5
E01000968,"8. Process, plant and machine operatives",5,14,-9
E01000968,9. Elementary occupations,26,44,-18
E01000969,"1. Managers, directors and senior officials",262,204,58
E01000969,2. Professional occupations,462,510,-48
E01000969,3. Associate professional and technical occupations,249,75,174
E01000969,4. Administrative and secretarial occupations,65,104,-39
E01000969,5. Skilled trades occupations,32,51,-19
E01000969,"6. Caring, leisure and other service occupations",33,48,-15
E01000969,7. Sales and customer service occupations,37,42,-5
E01000969,"8. Process, plant and machine operatives",8,7,1
E01000969,9. Elementary occupations,32,44,-12
E01000970,"1. Managers, directors and senior officials",180,166,14
E01000970,2. Professional occupations,429,381,48
E01000970,3. Associate professional and technical occupations,208,73,135
E01000970,4. Administrative and secretarial occupations,61,86,-25
E01000970,5. Skilled trades occupations,18,29,-11
E01000970,"6. Caring, leisure and other service occupations",21,37,-16
E01000970,7. Sales and customer service occupations,31,52,-21
E01000970,"8. Process, plant and machine operatives",9,4,5
E01000970,9. Elementary occupations,17,39,-22
E01000971,"1. Managers, directors and senior officials",143,126,17
E01000971,2. Professional occupations,312,342,-30
E01000971,3. Associate professional and technical occupations,144,57,87
E01000971,4. Administrative and secretarial occupations,34,52,-18
E01000971,5. Skilled trades occupations,29,25,4
E01000971,"6. Caring, leisure and other service occupations",34,35,-1
E01000971,7. Sales and customer service occupations,31,51,-20
E01000971,"8. Process, plant and machine operatives",5,11,-6
E01000971,9. Elementary occupations,19,35,-16
E01000972,"1. Managers, directors and senior officials",142,129,13
E01000972,2. Professional occupations,287,279,8
E01000972,3. Associate professional and technical occupations,160,53,107
E01000972,4. Administrative and secretarial occupations,78,111,-33
E01000972,5. Skilled trades occupations,37,44,-7
E01000972,"6. Caring, leisure and other service occupations",97,72,25
E01000972,7. Sales and customer service occupations,57,54,3
E01000972,"8. Process, plant and machine operatives",44,33,11
E01000972,9. Elementary occupations,66,57,9
E01000973,"1. Managers, directors and senior officials",257,125,132
E01000973,2. Professional occupations,544,391,153
E01000973,3. Associate professional and technical occupations,288,66,222
E01000973,4. Administrative and secretarial occupations,85,94,-9
E01000973,5. Skilled trades occupations,46,45,1
E01000973,"6. Caring, leisure and other service occupations",71,55,16
E01000973,7. Sales and customer service occupations,73,77,-4
E01000973,"8. Process, plant and machine operatives",24,18,6
E01000973,9. Elementary occupations,70,58,12
E01000974,"1. Managers, directors and senior officials",126,107,19
E01000974,2. Professional occupations,303,268,35
E01000974,3. Associate professional and technical occupations,168,51,117
E01000974,4. Administrative and secretarial occupations,55,89,-34
E01000974,5. Skilled trades occupations,48,58,-10
E01000974,"6. Caring, leisure and other service occupations",48,47,1
E01000974,7. Sales and customer service occupations,40,52,-12
E01000974,"8. Process, plant and machine operatives",16,29,-13
E01000974,9. Elementary occupations,55,78,-23
E01000975,"1. Managers, directors and senior officials",199,97,102
E01000975,2. Professional occupations,396,250,146
E01000975,3. Associate professional and technical occupations,204,50,154
E01000975,4. Administrative and secretarial occupations,118,129,-11
E01000975,5. Skilled trades occupations,114,72,42
E01000975,"6. Caring, leisure and other service occupations",100,74,26
E01000975,7. Sales and customer service occupations,61,70,-9
E01000975,"8. Process, plant and machine operatives",63,28,35
E01000975,9. Elementary occupations,105,50,55
E01000976,"1. Managers, directors and senior officials",156,104,52
E01000976,2. Professional occupations,258,181,77
E01000976,3. Associate professional and technical occupations,164,60,104
E01000976,4. Administrative and secretarial occupations,72,128,-56
E01000976,5. Skilled trades occupations,100,83,17
E01000976,"6. Caring, leisure and other service occupations",96,78,18
E01000976,7. Sales and customer service occupations,66,96,-30
E01000976,"8. Process, plant and machine operatives",67,32,35
E01000976,9. Elementary occupations,145,115,30
E01000977,"1. Managers, directors and senior officials",94,90,4
E01000977,2. Professional occupations,196,198,-2
E01000977,3. Associate professional and technical occupations,147,74,73
E01000977,4. Administrative and secretarial occupations,88,123,-35
E01000977,5. Skilled trades occupations,107,65,42
E01000977,"6. Caring, leisure and other service occupations",90,70,20
E01000977,7. Sales and customer service occupations,64,66,-2
E01000977,"8. Process, plant and machine operatives",58,33,25
E01000977,9. Elementary occupations,91,77,14
E01000978,"1. Managers, directors and senior officials",94,116,-22
E01000978,2. Professional occupations,231,281,-50
E01000978,3. Associate professional and technical occupations,129,81,48
E01000978,4. Administrative and secretarial occupations,75,133,-58
E01000978,5. Skilled trades occupations,74,72,2
E01000978,"6. Caring, leisure and other service occupations",113,60,53
E01000978,7. Sales and customer service occupations,63,63,0
E01000978,"8. Process, plant and machine operatives",52,45,7
E01000978,9. Elementary occupations,110,69,41
E01000979,"1. Managers, directors and senior officials",144,103,41
E01000979,2. Professional occupations,261,275,-14
E01000979,3. Associate professional and technical occupations,139,79,60
E01000979,4. Administrative and secretarial occupations,87,147,-60
E01000979,5. Skilled trades occupations,99,57,42
E01000979,"6. Caring, leisure and other service occupations",75,67,8
E01000979,7. Sales and customer service occupations,63,70,-7
E01000979,"8. Process, plant and machine operatives",34,36,-2
E01000979,9. Elementary occupations,115,64,51
E01000980,"1. Managers, directors and senior officials",73,62,11
E01000980,2. Professional occupations,185,146,39
E01000980,3. Associate professional and technical occupations,100,51,49
E01000980,4. Administrative and secretarial occupations,62,105,-43
E01000980,5. Skilled trades occupations,62,54,8
E01000980,"6. Caring, leisure and other service occupations",75,78,-3
E01000980,7. Sales and customer service occupations,50,61,-11
E01000980,"8. Process, plant and machine operatives",37,32,5
E01000980,9. Elementary occupations,68,70,-2
E01000981,"1. Managers, directors and senior officials",122,76,46
E01000981,2. Professional occupations,223,163,60
E01000981,3. Associate professional and technical occupations,133,68,65
E01000981,4. Administrative and secretarial occupations,95,140,-45
E01000981,5. Skilled trades occupations,69,59,10
E01000981,"6. Caring, leisure and other service occupations",79,101,-22
E01000981,7. Sales and customer service occupations,57,60,-3
E01000981,"8. Process, plant and machine operatives",57,39,18
E01000981,9. Elementary occupations,93,67,26
E01000982,"1. Managers, directors and senior officials",96,79,17
E01000982,2. Professional occupations,234,185,49
E01000982,3. Associate professional and technical occupations,130,57,73
E01000982,4. Administrative and secretarial occupations,90,125,-35
E01000982,5. Skilled trades occupations,90,67,23
E01000982,"6. Caring, leisure and other service occupations",79,69,10
E01000982,7. Sales and customer service occupations,50,71,-21
E01000982,"8. Process, plant and machine operatives",48,36,12
E01000982,9. Elementary occupations,84,83,1
E01000983,"1. Managers, directors and senior officials",122,85,37
E01000983,2. Professional occupations,257,186,71
E01000983,3. Associate professional and technical occupations,164,68,96
E01000983,4. Administrative and secretarial occupations,111,164,-53
E01000983,5. Skilled trades occupations,116,96,20
E01000983,"6. Caring, leisure and other service occupations",82,69,13
E01000983,7. Sales and customer service occupations,51,81,-30
E01000983,"8. Process, plant and machine operatives",59,42,17
E01000983,9. Elementary occupations,98,72,26
E01000984,"1. Managers, directors and senior officials",93,92,1
E01000984,2. Professional occupations,203,199,4
E01000984,3. Associate professional and technical occupations,136,63,73
E01000984,4. Administrative and secretarial occupations,75,129,-54
E01000984,5. Skilled trades occupations,63,54,9
E01000984,"6. Caring, leisure and other service occupations",101,73,28
E01000984,7. Sales and customer service occupations,84,50,34
E01000984,"8. Process, plant and machine operatives",37,37,0
E01000984,9. Elementary occupations,91,75,16
E01000985,"1. Managers, directors and senior officials",112,73,39
E01000985,2. Professional occupations,174,135,39
E01000985,3. Associate professional and technical occupations,92,64,28
E01000985,4. Administrative and secretarial occupations,77,126,-49
E01000985,5. Skilled trades occupations,65,89,-24
E01000985,"6. Caring, leisure and other service occupations",45,44,1
E01000985,7. Sales and customer service occupations,54,64,-10
E01000985,"8. Process, plant and machine operatives",35,38,-3
E01000985,9. Elementary occupations,41,45,-4
E01000986,"1. Managers, directors and senior officials",146,101,45
E01000986,2. Professional occupations,254,219,35
E01000986,3. Associate professional and technical occupations,133,44,89
E01000986,4. Administrative and secretarial occupations,90,134,-44
E01000986,5. Skilled trades occupations,54,78,-24
E01000986,"6. Caring, leisure and other service occupations",54,71,-17
E01000986,7. Sales and customer service occupations,49,56,-7
E01000986,"8. Process, plant and machine operatives",32,35,-3
E01000986,9. Elementary occupations,45,34,11
E01000987,"1. Managers, directors and senior officials",99,70,29
E01000987,2. Professional occupations,202,128,74
E01000987,3. Associate professional and technical occupations,114,62,52
E01000987,4. Administrative and secretarial occupations,101,155,-54
E01000987,5. Skilled trades occupations,55,99,-44
E01000987,"6. Caring, leisure and other service occupations",47,61,-14
E01000987,7. Sales and customer service occupations,49,58,-9
E01000987,"8. Process, plant and machine operatives",33,31,2
E01000987,9. Elementary occupations,33,40,-7
E01000989,"1. Managers, directors and senior officials",125,89,36
E01000989,2. Professional occupations,194,161,33
E01000989,3. Associate professional and technical occupations,113,57,56
E01000989,4. Administrative and secretarial occupations,122,140,-18
E01000989,5. Skilled trades occupations,111,102,9
E01000989,"6. Caring, leisure and other service occupations",77,88,-11
E01000989,7. Sales and customer service occupations,69,80,-11
E01000989,"8. Process, plant and machine operatives",47,53,-6
E01000989,9. Elementary occupations,44,56,-12
E01000990,"1. Managers, directors and senior officials",58,34,24
E01000990,2. Professional occupations,88,58,30
E01000990,3. Associate professional and technical occupations,60,40,20
E01000990,4. Administrative and secretarial occupations,60,80,-20
E01000990,5. Skilled trades occupations,56,68,-12
E01000990,"6. Caring, leisure and other service occupations",72,64,8
E01000990,7. Sales and customer service occupations,65,66,-1
E01000990,"8. Process, plant and machine operatives",46,45,1
E01000990,9. Elementary occupations,73,82,-9
E01000991,"1. Managers, directors and senior officials",115,106,9
E01000991,2. Professional occupations,199,142,57
E01000991,3. Associate professional and technical occupations,120,54,66
E01000991,4. Administrative and secretarial occupations,118,175,-57
E01000991,5. Skilled trades occupations,65,91,-26
E01000991,"6. Caring, leisure and other service occupations",67,56,11
E01000991,7. Sales and customer service occupations,46,60,-14
E01000991,"8. Process, plant and machine operatives",44,37,7
E01000991,9. Elementary occupations,52,52,0
E01000992,"1. Managers, directors and senior officials",105,69,36
E01000992,2. Professional occupations,163,117,46
E01000992,3. Associate professional and technical occupations,129,56,73
E01000992,4. Administrative and secretarial occupations,94,136,-42
E01000992,5. Skilled trades occupations,83,79,4
E01000992,"6. Caring, leisure and other service occupations",95,99,-4
E01000992,7. Sales and customer service occupations,62,85,-23
E01000992,"8. Process, plant and machine operatives",66,55,11
E01000992,9. Elementary occupations,102,86,16
E01000993,"1. Managers, directors and senior officials",91,81,10
E01000993,2. Professional occupations,197,147,50
E01000993,3. Associate professional and technical occupations,136,50,86
E01000993,4. Administrative and secretarial occupations,103,147,-44
E01000993,5. Skilled trades occupations,63,69,-6
E01000993,"6. Caring, leisure and other service occupations",66,75,-9
E01000993,7. Sales and customer service occupations,62,75,-13
E01000993,"8. Process, plant and machine operatives",39,40,-1
E01000993,9. Elementary occupations,61,66,-5
E01000994,"1. Managers, directors and senior officials",86,51,35
E01000994,2. Professional occupations,131,125,6
E01000994,3. Associate professional and technical occupations,101,49,52
E01000994,4. Administrative and secretarial occupations,76,124,-48
E01000994,5. Skilled trades occupations,58,61,-3
E01000994,"6. Caring, leisure and other service occupations",96,69,27
E01000994,7. Sales and customer service occupations,59,71,-12
E01000994,"8. Process, plant and machine operatives",73,50,23
E01000994,9. Elementary occupations,77,67,10
E01000995,"1. Managers, directors and senior officials",88,54,34
E01000995,2. Professional occupations,135,117,18
E01000995,3. Associate professional and technical occupations,81,33,48
E01000995,4. Administrative and secretarial occupations,66,88,-22
E01000995,5. Skilled trades occupations,92,61,31
E01000995,"6. Caring, leisure and other service occupations",74,77,-3
E01000995,7. Sales and customer service occupations,80,100,-20
E01000995,"8. Process, plant and machine operatives",77,36,41
E01000995,9. Elementary occupations,97,109,-12
E01000996,"1. Managers, directors and senior officials",62,49,13
E01000996,2. Professional occupations,140,126,14
E01000996,3. Associate professional and technical occupations,75,29,46
E01000996,4. Administrative and secretarial occupations,76,102,-26
E01000996,5. Skilled trades occupations,49,54,-5
E01000996,"6. Caring, leisure and other service occupations",56,57,-1
E01000996,7. Sales and customer service occupations,52,86,-34
E01000996,"8. Process, plant and machine operatives",61,43,18
E01000996,9. Elementary occupations,62,48,14
E01000997,"1. Managers, directors and senior officials",57,45,12
E01000997,2. Professional occupations,117,89,28
E01000997,3. Associate professional and technical occupations,64,29,35
E01000997,4. Administrative and secretarial occupations,73,91,-18
E01000997,5. Skilled trades occupations,63,63,0
E01000997,"6. Caring, leisure and other service occupations",85,89,-4
E01000997,7. Sales and customer service occupations,69,68,1
E01000997,"8. Process, plant and machine operatives",57,36,21
E01000997,9. Elementary occupations,71,77,-6
E01000998,"1. Managers, directors and senior officials",55,79,-24
E01000998,2. Professional occupations,108,106,2
E01000998,3. Associate professional and technical occupations,94,42,52
E01000998,4. Administrative and secretarial occupations,73,99,-26
E01000998,5. Skilled trades occupations,64,64,0
E01000998,"6. Caring, leisure and other service occupations",101,75,26
E01000998,7. Sales and customer service occupations,68,97,-29
E01000998,"8. Process, plant and machine operatives",50,27,23
E01000998,9. Elementary occupations,106,93,13
E01000999,"1. Managers, directors and senior officials",51,51,0
E01000999,2. Professional occupations,98,91,7
E01000999,3. Associate professional and technical occupations,68,49,19
E01000999,4. Administrative and secretarial occupations,89,115,-26
E01000999,5. Skilled trades occupations,52,52,0
E01000999,"6. Caring, leisure and other service occupations",48,64,-16
E01000999,7. Sales and customer service occupations,77,70,7
E01000999,"8. Process, plant and machine operatives",46,37,9
E01000999,9. Elementary occupations,69,73,-4
E01001000,"1. Managers, directors and senior officials",54,61,-7
E01001000,2. Professional occupations,124,95,29
E01001000,3. Associate professional and technical occupations,58,40,18
E01001000,4. Administrative and secretarial occupations,55,85,-30
E01001000,5. Skilled trades occupations,64,68,-4
E01001000,"6. Caring, leisure and other service occupations",77,66,11
E01001000,7. Sales and customer service occupations,65,67,-2
E01001000,"8. Process, plant and machine operatives",57,29,28
E01001000,9. Elementary occupations,101,71,30
E01001001,"1. Managers, directors and senior officials",72,43,29
E01001001,2. Professional occupations,102,70,32
E01001001,3. Associate professional and technical occupations,65,32,33
E01001001,4. Administrative and secretarial occupations,51,93,-42
E01001001,5. Skilled trades occupations,78,51,27
E01001001,"6. Caring, leisure and other service occupations",78,48,30
E01001001,7. Sales and customer service occupations,54,56,-2
E01001001,"8. Process, plant and machine operatives",61,30,31
E01001001,9. Elementary occupations,95,58,37
E01001002,"1. Managers, directors and senior officials",41,43,-2
E01001002,2. Professional occupations,135,87,48
E01001002,3. Associate professional and technical occupations,69,30,39
E01001002,4. Administrative and secretarial occupations,75,86,-11
E01001002,5. Skilled trades occupations,54,61,-7
E01001002,"6. Caring, leisure and other service occupations",91,73,18
E01001002,7. Sales and customer service occupations,77,80,-3
E01001002,"8. Process, plant and machine operatives",72,38,34
E01001002,9. Elementary occupations,70,76,-6
E01001003,"1. Managers, directors and senior officials",67,60,7
E01001003,2. Professional occupations,140,134,6
E01001003,3. Associate professional and technical occupations,84,49,35
E01001003,4. Administrative and secretarial occupations,86,98,-12
E01001003,5. Skilled trades occupations,63,56,7
E01001003,"6. Caring, leisure and other service occupations",92,96,-4
E01001003,7. Sales and customer service occupations,64,65,-1
E01001003,"8. Process, plant and machine operatives",57,56,1
E01001003,9. Elementary occupations,105,90,15
E01001004,"1. Managers, directors and senior officials",95,67,28
E01001004,2. Professional occupations,177,171,6
E01001004,3. Associate professional and technical occupations,137,51,86
E01001004,4. Administrative and secretarial occupations,94,121,-27
E01001004,5. Skilled trades occupations,89,71,18
E01001004,"6. Caring, leisure and other service occupations",163,110,53
E01001004,7. Sales and customer service occupations,90,129,-39
E01001004,"8. Process, plant and machine operatives",72,64,8
E01001004,9. Elementary occupations,142,95,47
E01001005,"1. Managers, directors and senior officials",51,56,-5
E01001005,2. Professional occupations,142,100,42
E01001005,3. Associate professional and technical occupations,97,34,63
E01001005,4. Administrative and secretarial occupations,71,87,-16
E01001005,5. Skilled trades occupations,72,71,1
E01001005,"6. Caring, leisure and other service occupations",115,102,13
E01001005,7. Sales and customer service occupations,85,94,-9
E01001005,"8. Process, plant and machine operatives",74,56,18
E01001005,9. Elementary occupations,126,120,6
E01001006,"1. Managers, directors and senior officials",89,53,36
E01001006,2. Professional occupations,160,96,64
E01001006,3. Associate professional and technical occupations,119,35,84
E01001006,4. Administrative and secretarial occupations,93,87,6
E01001006,5. Skilled trades occupations,71,56,15
E01001006,"6. Caring, leisure and other service occupations",88,77,11
E01001006,7. Sales and customer service occupations,90,95,-5
E01001006,"8. Process, plant and machine operatives",70,51,19
E01001006,9. Elementary occupations,76,97,-21
E01001007,"1. Managers, directors and senior officials",102,74,28
E01001007,2. Professional occupations,134,112,22
E01001007,3. Associate professional and technical occupations,72,29,43
E01001007,4. Administrative and secretarial occupations,98,119,-21
E01001007,5. Skilled trades occupations,81,64,17
E01001007,"6. Caring, leisure and other service occupations",84,76,8
E01001007,7. Sales and customer service occupations,162,146,16
E01001007,"8. Process, plant and machine operatives",89,63,26
E01001007,9. Elementary occupations,122,111,11
E01001008,"1. Managers, directors and senior officials",60,43,17
E01001008,2. Professional occupations,101,98,3
E01001008,3. Associate professional and technical occupations,59,37,22
E01001008,4. Administrative and secretarial occupations,57,108,-51
E01001008,5. Skilled trades occupations,65,93,-28
E01001008,"6. Caring, leisure and other service occupations",92,106,-14
E01001008,7. Sales and customer service occupations,116,119,-3
E01001008,"8. Process, plant and machine operatives",72,65,7
E01001008,9. Elementary occupations,82,106,-24
E01001009,"1. Managers, directors and senior officials",76,41,35
E01001009,2. Professional occupations,179,111,68
E01001009,3. Associate professional and technical occupations,88,26,62
E01001009,4. Administrative and secretarial occupations,118,89,29
E01001009,5. Skilled trades occupations,63,50,13
E01001009,"6. Caring, leisure and other service occupations",105,68,37
E01001009,7. Sales and customer service occupations,114,102,12
E01001009,"8. Process, plant and machine operatives",82,39,43
E01001009,9. Elementary occupations,133,86,47
E01001010,"1. Managers, directors and senior officials",65,35,30
E01001010,2. Professional occupations,110,60,50
E01001010,3. Associate professional and technical occupations,90,30,60
E01001010,4. Administrative and secretarial occupations,85,95,-10
E01001010,5. Skilled trades occupations,64,66,-2
E01001010,"6. Caring, leisure and other service occupations",94,82,12
E01001010,7. Sales and customer service occupations,88,90,-2
E01001010,"8. Process, plant and machine operatives",59,56,3
E01001010,9. Elementary occupations,93,110,-17
E01001011,"1. Managers, directors and senior officials",58,49,9
E01001011,2. Professional occupations,147,146,1
E01001011,3. Associate professional and technical occupations,97,35,62
E01001011,4. Administrative and secretarial occupations,87,111,-24
E01001011,5. Skilled trades occupations,90,89,1
E01001011,"6. Caring, leisure and other service occupations",129,86,43
E01001011,7. Sales and customer service occupations,154,120,34
E01001011,"8. Process, plant and machine operatives",82,60,22
E01001011,9. Elementary occupations,146,127,19
E01001012,"1. Managers, directors and senior officials",78,76,2
E01001012,2. Professional occupations,161,125,36
E01001012,3. Associate professional and technical occupations,89,42,47
E01001012,4. Administrative and secretarial occupations,82,108,-26
E01001012,5. Skilled trades occupations,99,58,41
E01001012,"6. Caring, leisure and other service occupations",139,111,28
E01001012,7. Sales and customer service occupations,94,120,-26
E01001012,"8. Process, plant and machine operatives",70,41,29
E01001012,9. Elementary occupations,152,114,38
E01001013,"1. Managers, directors and senior officials",52,54,-2
E01001013,2. Professional occupations,110,94,16
E01001013,3. Associate professional and technical occupations,69,47,22
E01001013,4. Administrative and secretarial occupations,65,97,-32
E01001013,5. Skilled trades occupations,53,71,-18
E01001013,"6. Caring, leisure and other service occupations",125,92,33
E01001013,7. Sales and customer service occupations,106,97,9
E01001013,"8. Process, plant and machine operatives",62,46,16
E01001013,9. Elementary occupations,143,109,34
E01001015,"1. Managers, directors and senior officials",117,90,27
E01001015,2. Professional occupations,148,109,39
E01001015,3. Associate professional and technical occupations,98,45,53
E01001015,4. Administrative and secretarial occupations,57,98,-41
E01001015,5. Skilled trades occupations,49,45,4
E01001015,"6. Caring, leisure and other service occupations",69,60,9
E01001015,7. Sales and customer service occupations,41,64,-23
E01001015,"8. Process, plant and machine operatives",26,36,-10
E01001015,9. Elementary occupations,45,50,-5
E01001016,"1. Managers, directors and senior officials",150,95,55
E01001016,2. Professional occupations,205,151,54
E01001016,3. Associate professional and technical occupations,129,60,69
E01001016,4. Administrative and secretarial occupations,92,143,-51
E01001016,5. Skilled trades occupations,51,77,-26
E01001016,"6. Caring, leisure and other service occupations",60,59,1
E01001016,7. Sales and customer service occupations,42,73,-31
E01001016,"8. Process, plant and machine operatives",38,35,3
E01001016,9. Elementary occupations,45,44,1
E01001017,"1. Managers, directors and senior officials",158,123,35
E01001017,2. Professional occupations,224,188,36
E01001017,3. Associate professional and technical occupations,141,58,83
E01001017,4. Administrative and secretarial occupations,90,131,-41
E01001017,5. Skilled trades occupations,56,54,2
E01001017,"6. Caring, leisure and other service occupations",60,50,10
E01001017,7. Sales and customer service occupations,41,51,-10
E01001017,"8. Process, plant and machine operatives",26,28,-2
E01001017,9. Elementary occupations,32,31,1
E01001018,"1. Managers, directors and senior officials",129,112,17
E01001018,2. Professional occupations,175,115,60
E01001018,3. Associate professional and technical occupations,142,77,65
E01001018,4. Administrative and secretarial occupations,109,120,-11
E01001018,5. Skilled trades occupations,87,77,10
E01001018,"6. Caring, leisure and other service occupations",61,72,-11
E01001018,7. Sales and customer service occupations,42,43,-1
E01001018,"8. Process, plant and machine operatives",45,41,4
E01001018,9. Elementary occupations,40,56,-16
E01001019,"1. Managers, directors and senior officials",121,94,27
E01001019,2. Professional occupations,210,179,31
E01001019,3. Associate professional and technical occupations,103,49,54
E01001019,4. Administrative and secretarial occupations,78,120,-42
E01001019,5. Skilled trades occupations,47,59,-12
E01001019,"6. Caring, leisure and other service occupations",48,48,0
E01001019,7. Sales and customer service occupations,29,50,-21
E01001019,"8. Process, plant and machine operatives",16,21,-5
E01001019,9. Elementary occupations,23,34,-11
E01001020,"1. Managers, directors and senior officials",110,94,16
E01001020,2. Professional occupations,179,124,55
E01001020,3. Associate professional and technical occupations,118,46,72
E01001020,4. Administrative and secretarial occupations,102,135,-33
E01001020,5. Skilled trades occupations,82,103,-21
E01001020,"6. Caring, leisure and other service occupations",65,72,-7
E01001020,7. Sales and customer service occupations,49,41,8
E01001020,"8. Process, plant and machine operatives",31,40,-9
E01001020,9. Elementary occupations,41,57,-16
E01001021,"1. Managers, directors and senior officials",53,40,13
E01001021,2. Professional occupations,81,66,15
E01001021,3. Associate professional and technical occupations,69,27,42
E01001021,4. Administrative and secretarial occupations,51,65,-14
E01001021,5. Skilled trades occupations,65,61,4
E01001021,"6. Caring, leisure and other service occupations",78,65,13
E01001021,7. Sales and customer service occupations,52,53,-1
E01001021,"8. Process, plant and machine operatives",44,35,9
E01001021,9. Elementary occupations,53,56,-3
E01001022,"1. Managers, directors and senior officials",115,78,37
E01001022,2. Professional occupations,169,116,53
E01001022,3. Associate professional and technical occupations,97,48,49
E01001022,4. Administrative and secretarial occupations,77,109,-32
E01001022,5. Skilled trades occupations,72,65,7
E01001022,"6. Caring, leisure and other service occupations",57,53,4
E01001022,7. Sales and customer service occupations,26,41,-15
E01001022,"8. Process, plant and machine operatives",30,30,0
E01001022,9. Elementary occupations,40,34,6
E01001023,"1. Managers, directors and senior officials",195,87,108
E01001023,2. Professional occupations,364,106,258
E01001023,3. Associate professional and technical occupations,235,40,195
E01001023,4. Administrative and secretarial occupations,132,94,38
E01001023,5. Skilled trades occupations,110,77,33
E01001023,"6. Caring, leisure and other service occupations",100,59,41
E01001023,7. Sales and customer service occupations,72,47,25
E01001023,"8. Process, plant and machine operatives",59,40,19
E01001023,9. Elementary occupations,84,62,22
E01001024,"1. Managers, directors and senior officials",102,83,19
E01001024,2. Professional occupations,180,159,21
E01001024,3. Associate professional and technical occupations,125,44,81
E01001024,4. Administrative and secretarial occupations,67,132,-65
E01001024,5. Skilled trades occupations,56,60,-4
E01001024,"6. Caring, leisure and other service occupations",50,48,2
E01001024,7. Sales and customer service occupations,26,51,-25
E01001024,"8. Process, plant and machine operatives",32,38,-6
E01001024,9. Elementary occupations,32,54,-22
E01001025,"1. Managers, directors and senior officials",122,82,40
E01001025,2. Professional occupations,165,125,40
E01001025,3. Associate professional and technical occupations,122,42,80
E01001025,4. Administrative and secretarial occupations,82,112,-30
E01001025,5. Skilled trades occupations,73,77,-4
E01001025,"6. Caring, leisure and other service occupations",43,56,-13
E01001025,7. Sales and customer service occupations,41,46,-5
E01001025,"8. Process, plant and machine operatives",32,29,3
E01001025,9. Elementary occupations,27,34,-7
E01001026,"1. Managers, directors and senior officials",133,97,36
E01001026,2. Professional occupations,191,130,61
E01001026,3. Associate professional and technical occupations,130,55,75
E01001026,4. Administrative and secretarial occupations,97,156,-59
E01001026,5. Skilled trades occupations,106,110,-4
E01001026,"6. Caring, leisure and other service occupations",92,84,8
E01001026,7. Sales and customer service occupations,46,70,-24
E01001026,"8. Process, plant and machine operatives",44,56,-12
E01001026,9. Elementary occupations,77,49,28
E01001027,"1. Managers, directors and senior officials",281,102,179
E01001027,2. Professional occupations,528,151,377
E01001027,3. Associate professional and technical occupations,247,49,198
E01001027,4. Administrative and secretarial occupations,145,133,12
E01001027,5. Skilled trades occupations,92,92,0
E01001027,"6. Caring, leisure and other service occupations",88,49,39
E01001027,7. Sales and customer service occupations,56,61,-5
E01001027,"8. Process, plant and machine operatives",38,36,2
E01001027,9. Elementary occupations,59,53,6
E01001028,"1. Managers, directors and senior officials",185,141,44
E01001028,2. Professional occupations,242,214,28
E01001028,3. Associate professional and technical occupations,115,47,68
E01001028,4. Administrative and secretarial occupations,80,114,-34
E01001028,5. Skilled trades occupations,49,40,9
E01001028,"6. Caring, leisure and other service occupations",47,65,-18
E01001028,7. Sales and customer service occupations,26,45,-19
E01001028,"8. Process, plant and machine operatives",18,14,4
E01001028,9. Elementary occupations,23,18,5
E01001029,"1. Managers, directors and senior officials",136,128,8
E01001029,2. Professional occupations,258,187,71
E01001029,3. Associate professional and technical occupations,128,59,69
E01001029,4. Administrative and secretarial occupations,88,110,-22
E01001029,5. Skilled trades occupations,36,41,-5
E01001029,"6. Caring, leisure and other service occupations",50,65,-15
E01001029,7. Sales and customer service occupations,43,47,-4
E01001029,"8. Process, plant and machine operatives",21,21,0
E01001029,9. Elementary occupations,33,33,0
E01001030,"1. Managers, directors and senior officials",172,109,63
E01001030,2. Professional occupations,213,189,24
E01001030,3. Associate professional and technical occupations,105,54,51
E01001030,4. Administrative and secretarial occupations,85,100,-15
E01001030,5. Skilled trades occupations,36,42,-6
E01001030,"6. Caring, leisure and other service occupations",45,46,-1
E01001030,7. Sales and customer service occupations,34,41,-7
E01001030,"8. Process, plant and machine operatives",17,17,0
E01001030,9. Elementary occupations,24,25,-1
E01001031,"1. Managers, directors and senior officials",164,109,55
E01001031,2. Professional occupations,221,197,24
E01001031,3. Associate professional and technical occupations,106,51,55
E01001031,4. Administrative and secretarial occupations,60,84,-24
E01001031,5. Skilled trades occupations,50,61,-11
E01001031,"6. Caring, leisure and other service occupations",58,58,0
E01001031,7. Sales and customer service occupations,41,44,-3
E01001031,"8. Process, plant and machine operatives",23,23,0
E01001031,9. Elementary occupations,38,38,0
E01001032,"1. Managers, directors and senior officials",166,106,60
E01001032,2. Professional occupations,214,152,62
E01001032,3. Associate professional and technical occupations,104,54,50
E01001032,4. Administrative and secretarial occupations,86,110,-24
E01001032,5. Skilled trades occupations,36,41,-5
E01001032,"6. Caring, leisure and other service occupations",47,37,10
E01001032,7. Sales and customer service occupations,32,24,8
E01001032,"8. Process, plant and machine operatives",13,21,-8
E01001032,9. Elementary occupations,23,30,-7
E01001033,"1. Managers, directors and senior officials",147,81,66
E01001033,2. Professional occupations,210,201,9
E01001033,3. Associate professional and technical occupations,159,59,100
E01001033,4. Administrative and secretarial occupations,111,123,-12
E01001033,5. Skilled trades occupations,79,76,3
E01001033,"6. Caring, leisure and other service occupations",70,64,6
E01001033,7. Sales and customer service occupations,50,52,-2
E01001033,"8. Process, plant and machine operatives",61,36,25
E01001033,9. Elementary occupations,63,40,23
E01001034,"1. Managers, directors and senior officials",133,121,12
E01001034,2. Professional occupations,219,181,38
E01001034,3. Associate professional and technical occupations,179,69,110
E01001034,4. Administrative and secretarial occupations,102,128,-26
E01001034,5. Skilled trades occupations,70,86,-16
E01001034,"6. Caring, leisure and other service occupations",66,64,2
E01001034,7. Sales and customer service occupations,45,50,-5
E01001034,"8. Process, plant and machine operatives",28,52,-24
E01001034,9. Elementary occupations,62,38,24
E01001035,"1. Managers, directors and senior officials",126,109,17
E01001035,2. Professional occupations,277,255,22
E01001035,3. Associate professional and technical occupations,167,72,95
E01001035,4. Administrative and secretarial occupations,96,172,-76
E01001035,5. Skilled trades occupations,75,65,10
E01001035,"6. Caring, leisure and other service occupations",74,74,0
E01001035,7. Sales and customer service occupations,55,60,-5
E01001035,"8. Process, plant and machine operatives",43,30,13
E01001035,9. Elementary occupations,98,60,38
E01001036,"1. Managers, directors and senior officials",170,113,57
E01001036,2. Professional occupations,280,242,38
E01001036,3. Associate professional and technical occupations,109,49,60
E01001036,4. Administrative and secretarial occupations,65,83,-18
E01001036,5. Skilled trades occupations,27,43,-16
E01001036,"6. Caring, leisure and other service occupations",35,43,-8
E01001036,7. Sales and customer service occupations,39,39,0
E01001036,"8. Process, plant and machine operatives",23,15,8
E01001036,9. Elementary occupations,24,25,-1
E01001037,"1. Managers, directors and senior officials",118,70,48
E01001037,2. Professional occupations,212,141,71
E01001037,3. Associate professional and technical occupations,140,57,83
E01001037,4. Administrative and secretarial occupations,81,128,-47
E01001037,5. Skilled trades occupations,65,66,-1
E01001037,"6. Caring, leisure and other service occupations",80,70,10
E01001037,7. Sales and customer service occupations,46,58,-12
E01001037,"8. Process, plant and machine operatives",50,27,23
E01001037,9. Elementary occupations,55,51,4
E01001038,"1. Managers, directors and senior officials",153,126,27
E01001038,2. Professional occupations,288,283,5
E01001038,3. Associate professional and technical occupations,157,82,75
E01001038,4. Administrative and secretarial occupations,122,168,-46
E01001038,5. Skilled trades occupations,96,76,20
E01001038,"6. Caring, leisure and other service occupations",86,79,7
E01001038,7. Sales and customer service occupations,71,72,-1
E01001038,"8. Process, plant and machine operatives",57,35,22
E01001038,9. Elementary occupations,80,67,13
E01001039,"1. Managers, directors and senior officials",153,111,42
E01001039,2. Professional occupations,253,208,45
E01001039,3. Associate professional and technical occupations,126,55,71
E01001039,4. Administrative and secretarial occupations,89,119,-30
E01001039,5. Skilled trades occupations,39,51,-12
E01001039,"6. Caring, leisure and other service occupations",56,51,5
E01001039,7. Sales and customer service occupations,30,46,-16
E01001039,"8. Process, plant and machine operatives",14,13,1
E01001039,9. Elementary occupations,36,16,20
E01001040,"1. Managers, directors and senior officials",135,101,34
E01001040,2. Professional occupations,224,187,37
E01001040,3. Associate professional and technical occupations,167,81,86
E01001040,4. Administrative and secretarial occupations,95,158,-63
E01001040,5. Skilled trades occupations,73,74,-1
E01001040,"6. Caring, leisure and other service occupations",63,80,-17
E01001040,7. Sales and customer service occupations,57,50,7
E01001040,"8. Process, plant and machine operatives",64,52,12
E01001040,9. Elementary occupations,79,72,7
E01001041,"1. Managers, directors and senior officials",101,92,9
E01001041,2. Professional occupations,216,194,22
E01001041,3. Associate professional and technical occupations,141,60,81
E01001041,4. Administrative and secretarial occupations,86,123,-37
E01001041,5. Skilled trades occupations,64,73,-9
E01001041,"6. Caring, leisure and other service occupations",92,84,8
E01001041,7. Sales and customer service occupations,67,59,8
E01001041,"8. Process, plant and machine operatives",59,41,18
E01001041,9. Elementary occupations,84,55,29
E01001042,"1. Managers, directors and senior officials",137,104,33
E01001042,2. Professional occupations,247,196,51
E01001042,3. Associate professional and technical occupations,156,51,105
E01001042,4. Administrative and secretarial occupations,109,131,-22
E01001042,5. Skilled trades occupations,87,91,-4
E01001042,"6. Caring, leisure and other service occupations",92,88,4
E01001042,7. Sales and customer service occupations,110,97,13
E01001042,"8. Process, plant and machine operatives",69,43,26
E01001042,9. Elementary occupations,147,87,60
E01001044,"1. Managers, directors and senior officials",172,121,51
E01001044,2. Professional occupations,360,321,39
E01001044,3. Associate professional and technical occupations,133,64,69
E01001044,4. Administrative and secretarial occupations,82,139,-57
E01001044,5. Skilled trades occupations,65,52,13
E01001044,"6. Caring, leisure and other service occupations",59,46,13
E01001044,7. Sales and customer service occupations,43,41,2
E01001044,"8. Process, plant and machine operatives",27,20,7
E01001044,9. Elementary occupations,41,29,12
E01001046,"1. Managers, directors and senior officials",128,92,36
E01001046,2. Professional occupations,379,395,-16
E01001046,3. Associate professional and technical occupations,134,63,71
E01001046,4. Administrative and secretarial occupations,72,120,-48
E01001046,5. Skilled trades occupations,56,37,19
E01001046,"6. Caring, leisure and other service occupations",51,36,15
E01001046,7. Sales and customer service occupations,53,34,19
E01001046,"8. Process, plant and machine operatives",44,23,21
E01001046,9. Elementary occupations,55,30,25
E01001047,"1. Managers, directors and senior officials",120,114,6
E01001047,2. Professional occupations,228,219,9
E01001047,3. Associate professional and technical occupations,159,74,85
E01001047,4. Administrative and secretarial occupations,99,126,-27
E01001047,5. Skilled trades occupations,89,47,42
E01001047,"6. Caring, leisure and other service occupations",74,92,-18
E01001047,7. Sales and customer service occupations,52,72,-20
E01001047,"8. Process, plant and machine operatives",48,40,8
E01001047,9. Elementary occupations,87,80,7
E01001049,"1. Managers, directors and senior officials",157,120,37
E01001049,2. Professional occupations,275,237,38
E01001049,3. Associate professional and technical occupations,65,28,37
E01001049,4. Administrative and secretarial occupations,85,89,-4
E01001049,5. Skilled trades occupations,27,19,8
E01001049,"6. Caring, leisure and other service occupations",35,36,-1
E01001049,7. Sales and customer service occupations,29,28,1
E01001049,"8. Process, plant and machine operatives",12,9,3
E01001049,9. Elementary occupations,23,17,6
E01001050,"1. Managers, directors and senior officials",101,72,29
E01001050,2. Professional occupations,247,277,-30
E01001050,3. Associate professional and technical occupations,104,38,66
E01001050,4. Administrative and secretarial occupations,73,86,-13
E01001050,5. Skilled trades occupations,66,25,41
E01001050,"6. Caring, leisure and other service occupations",69,32,37
E01001050,7. Sales and customer service occupations,47,32,15
E01001050,"8. Process, plant and machine operatives",31,22,9
E01001050,9. Elementary occupations,74,46,28
E01001051,"1. Managers, directors and senior officials",49,27,22
E01001051,2. Professional occupations,70,49,21
E01001051,3. Associate professional and technical occupations,61,31,30
E01001051,4. Administrative and secretarial occupations,47,56,-9
E01001051,5. Skilled trades occupations,75,68,7
E01001051,"6. Caring, leisure and other service occupations",93,61,32
E01001051,7. Sales and customer service occupations,61,79,-18
E01001051,"8. Process, plant and machine operatives",57,48,9
E01001051,9. Elementary occupations,94,101,-7
E01001052,"1. Managers, directors and senior officials",40,33,7
E01001052,2. Professional occupations,58,53,5
E01001052,3. Associate professional and technical occupations,61,24,37
E01001052,4. Administrative and secretarial occupations,40,44,-4
E01001052,5. Skilled trades occupations,43,45,-2
E01001052,"6. Caring, leisure and other service occupations",87,67,20
E01001052,7. Sales and customer service occupations,68,61,7
E01001052,"8. Process, plant and machine operatives",47,57,-10
E01001052,9. Elementary occupations,101,93,8
E01001053,"1. Managers, directors and senior officials",51,29,22
E01001053,2. Professional occupations,86,51,35
E01001053,3. Associate professional and technical occupations,72,40,32
E01001053,4. Administrative and secretarial occupations,85,78,7
E01001053,5. Skilled trades occupations,94,80,14
E01001053,"6. Caring, leisure and other service occupations",95,104,-9
E01001053,7. Sales and customer service occupations,66,54,12
E01001053,"8. Process, plant and machine operatives",61,71,-10
E01001053,9. Elementary occupations,92,93,-1
E01001054,"1. Managers, directors and senior officials",52,30,22
E01001054,2. Professional occupations,100,50,50
E01001054,3. Associate professional and technical occupations,72,17,55
E01001054,4. Administrative and secretarial occupations,75,91,-16
E01001054,5. Skilled trades occupations,70,81,-11
E01001054,"6. Caring, leisure and other service occupations",117,102,15
E01001054,7. Sales and customer service occupations,80,85,-5
E01001054,"8. Process, plant and machine operatives",83,75,8
E01001054,9. Elementary occupations,99,87,12
E01001055,"1. Managers, directors and senior officials",38,42,-4
E01001055,2. Professional occupations,76,42,34
E01001055,3. Associate professional and technical occupations,50,27,23
E01001055,4. Administrative and secretarial occupations,50,74,-24
E01001055,5. Skilled trades occupations,91,82,9
E01001055,"6. Caring, leisure and other service occupations",117,94,23
E01001055,7. Sales and customer service occupations,71,64,7
E01001055,"8. Process, plant and machine operatives",70,69,1
E01001055,9. Elementary occupations,99,107,-8
E01001056,"1. Managers, directors and senior officials",42,33,9
E01001056,2. Professional occupations,78,57,21
E01001056,3. Associate professional and technical occupations,47,30,17
E01001056,4. Administrative and secretarial occupations,53,71,-18
E01001056,5. Skilled trades occupations,73,74,-1
E01001056,"6. Caring, leisure and other service occupations",123,104,19
E01001056,7. Sales and customer service occupations,70,81,-11
E01001056,"8. Process, plant and machine operatives",63,63,0
E01001056,9. Elementary occupations,130,122,8
E01001057,"1. Managers, directors and senior officials",56,25,31
E01001057,2. Professional occupations,101,35,66
E01001057,3. Associate professional and technical occupations,46,12,34
E01001057,4. Administrative and secretarial occupations,46,44,2
E01001057,5. Skilled trades occupations,53,41,12
E01001057,"6. Caring, leisure and other service occupations",119,79,40
E01001057,7. Sales and customer service occupations,68,56,12
E01001057,"8. Process, plant and machine operatives",43,27,16
E01001057,9. Elementary occupations,99,76,23
E01001058,"1. Managers, directors and senior officials",78,58,20
E01001058,2. Professional occupations,142,128,14
E01001058,3. Associate professional and technical occupations,94,45,49
E01001058,4. Administrative and secretarial occupations,96,117,-21
E01001058,5. Skilled trades occupations,62,55,7
E01001058,"6. Caring, leisure and other service occupations",72,43,29
E01001058,7. Sales and customer service occupations,55,63,-8
E01001058,"8. Process, plant and machine operatives",36,42,-6
E01001058,9. Elementary occupations,50,52,-2
E01001059,"1. Managers, directors and senior officials",74,72,2
E01001059,2. Professional occupations,139,122,17
E01001059,3. Associate professional and technical occupations,122,54,68
E01001059,4. Administrative and secretarial occupations,91,148,-57
E01001059,5. Skilled trades occupations,70,78,-8
E01001059,"6. Caring, leisure and other service occupations",68,76,-8
E01001059,7. Sales and customer service occupations,46,49,-3
E01001059,"8. Process, plant and machine operatives",52,45,7
E01001059,9. Elementary occupations,50,52,-2
E01001060,"1. Managers, directors and senior officials",77,72,5
E01001060,2. Professional occupations,160,119,41
E01001060,3. Associate professional and technical occupations,109,65,44
E01001060,4. Administrative and secretarial occupations,85,136,-51
E01001060,5. Skilled trades occupations,78,84,-6
E01001060,"6. Caring, leisure and other service occupations",96,94,2
E01001060,7. Sales and customer service occupations,50,70,-20
E01001060,"8. Process, plant and machine operatives",62,60,2
E01001060,9. Elementary occupations,80,62,18
E01001061,"1. Managers, directors and senior officials",84,64,20
E01001061,2. Professional occupations,141,93,48
E01001061,3. Associate professional and technical occupations,119,44,75
E01001061,4. Administrative and secretarial occupations,91,109,-18
E01001061,5. Skilled trades occupations,93,101,-8
E01001061,"6. Caring, leisure and other service occupations",100,82,18
E01001061,7. Sales and customer service occupations,81,83,-2
E01001061,"8. Process, plant and machine operatives",67,55,12
E01001061,9. Elementary occupations,75,76,-1
E01001062,"1. Managers, directors and senior officials",115,103,12
E01001062,2. Professional occupations,167,168,-1
E01001062,3. Associate professional and technical occupations,98,55,43
E01001062,4. Administrative and secretarial occupations,87,116,-29
E01001062,5. Skilled trades occupations,45,70,-25
E01001062,"6. Caring, leisure and other service occupations",53,63,-10
E01001062,7. Sales and customer service occupations,43,49,-6
E01001062,"8. Process, plant and machine operatives",34,24,10
E01001062,9. Elementary occupations,22,41,-19
E01001063,"1. Managers, directors and senior officials",119,97,22
E01001063,2. Professional occupations,197,180,17
E01001063,3. Associate professional and technical occupations,114,61,53
E01001063,4. Administrative and secretarial occupations,116,134,-18
E01001063,5. Skilled trades occupations,82,68,14
E01001063,"6. Caring, leisure and other service occupations",55,68,-13
E01001063,7. Sales and customer service occupations,32,54,-22
E01001063,"8. Process, plant and machine operatives",38,27,11
E01001063,9. Elementary occupations,39,34,5
E01001064,"1. Managers, directors and senior officials",129,131,-2
E01001064,2. Professional occupations,225,155,70
E01001064,3. Associate professional and technical occupations,112,45,67
E01001064,4. Administrative and secretarial occupations,97,125,-28
E01001064,5. Skilled trades occupations,56,62,-6
E01001064,"6. Caring, leisure and other service occupations",51,45,6
E01001064,7. Sales and customer service occupations,42,44,-2
E01001064,"8. Process, plant and machine operatives",37,32,5
E01001064,9. Elementary occupations,32,31,1
E01001065,"1. Managers, directors and senior officials",72,99,-27
E01001065,2. Professional occupations,160,113,47
E01001065,3. Associate professional and technical occupations,119,54,65
E01001065,4. Administrative and secretarial occupations,78,126,-48
E01001065,5. Skilled trades occupations,61,65,-4
E01001065,"6. Caring, leisure and other service occupations",63,53,10
E01001065,7. Sales and customer service occupations,46,52,-6
E01001065,"8. Process, plant and machine operatives",45,42,3
E01001065,9. Elementary occupations,50,60,-10
E01001066,"1. Managers, directors and senior officials",34,27,7
E01001066,2. Professional occupations,73,66,7
E01001066,3. Associate professional and technical occupations,65,27,38
E01001066,4. Administrative and secretarial occupations,70,62,8
E01001066,5. Skilled trades occupations,65,49,16
E01001066,"6. Caring, leisure and other service occupations",97,63,34
E01001066,7. Sales and customer service occupations,55,66,-11
E01001066,"8. Process, plant and machine operatives",57,49,8
E01001066,9. Elementary occupations,77,80,-3
E01001067,"1. Managers, directors and senior officials",171,147,24
E01001067,2. Professional occupations,250,213,37
E01001067,3. Associate professional and technical occupations,133,59,74
E01001067,4. Administrative and secretarial occupations,93,116,-23
E01001067,5. Skilled trades occupations,45,47,-2
E01001067,"6. Caring, leisure and other service occupations",31,58,-27
E01001067,7. Sales and customer service occupations,29,35,-6
E01001067,"8. Process, plant and machine operatives",19,18,1
E01001067,9. Elementary occupations,15,23,-8
E01001068,"1. Managers, directors and senior officials",158,128,30
E01001068,2. Professional occupations,231,204,27
E01001068,3. Associate professional and technical occupations,155,53,102
E01001068,4. Administrative and secretarial occupations,93,150,-57
E01001068,5. Skilled trades occupations,74,66,8
E01001068,"6. Caring, leisure and other service occupations",77,80,-3
E01001068,7. Sales and customer service occupations,67,62,5
E01001068,"8. Process, plant and machine operatives",35,44,-9
E01001068,9. Elementary occupations,54,53,1
E01001069,"1. Managers, directors and senior officials",136,98,38
E01001069,2. Professional occupations,194,166,28
E01001069,3. Associate professional and technical occupations,115,58,57
E01001069,4. Administrative and secretarial occupations,82,87,-5
E01001069,5. Skilled trades occupations,54,44,10
E01001069,"6. Caring, leisure and other service occupations",45,60,-15
E01001069,7. Sales and customer service occupations,40,41,-1
E01001069,"8. Process, plant and machine operatives",28,14,14
E01001069,9. Elementary occupations,24,24,0
E01001070,"1. Managers, directors and senior officials",140,92,48
E01001070,2. Professional occupations,200,146,54
E01001070,3. Associate professional and technical occupations,115,47,68
E01001070,4. Administrative and secretarial occupations,101,128,-27
E01001070,5. Skilled trades occupations,66,78,-12
E01001070,"6. Caring, leisure and other service occupations",54,64,-10
E01001070,7. Sales and customer service occupations,51,47,4
E01001070,"8. Process, plant and machine operatives",29,30,-1
E01001070,9. Elementary occupations,47,41,6
E01001071,"1. Managers, directors and senior officials",153,127,26
E01001071,2. Professional occupations,234,184,50
E01001071,3. Associate professional and technical occupations,174,71,103
E01001071,4. Administrative and secretarial occupations,109,133,-24
E01001071,5. Skilled trades occupations,95,94,1
E01001071,"6. Caring, leisure and other service occupations",80,100,-20
E01001071,7. Sales and customer service occupations,59,75,-16
E01001071,"8. Process, plant and machine operatives",49,41,8
E01001071,9. Elementary occupations,58,85,-27
E01001072,"1. Managers, directors and senior officials",189,141,48
E01001072,2. Professional occupations,193,146,47
E01001072,3. Associate professional and technical occupations,109,51,58
E01001072,4. Administrative and secretarial occupations,62,96,-34
E01001072,5. Skilled trades occupations,23,35,-12
E01001072,"6. Caring, leisure and other service occupations",26,41,-15
E01001072,7. Sales and customer service occupations,30,34,-4
E01001072,"8. Process, plant and machine operatives",13,10,3
E01001072,9. Elementary occupations,22,28,-6
E01001073,"1. Managers, directors and senior officials",118,111,7
E01001073,2. Professional occupations,192,154,38
E01001073,3. Associate professional and technical occupations,123,68,55
E01001073,4. Administrative and secretarial occupations,78,122,-44
E01001073,5. Skilled trades occupations,48,55,-7
E01001073,"6. Caring, leisure and other service occupations",44,64,-20
E01001073,7. Sales and customer service occupations,40,47,-7
E01001073,"8. Process, plant and machine operatives",28,23,5
E01001073,9. Elementary occupations,40,27,13
E01001074,"1. Managers, directors and senior officials",135,118,17
E01001074,2. Professional occupations,252,191,61
E01001074,3. Associate professional and technical occupations,160,89,71
E01001074,4. Administrative and secretarial occupations,114,136,-22
E01001074,5. Skilled trades occupations,69,78,-9
E01001074,"6. Caring, leisure and other service occupations",78,82,-4
E01001074,7. Sales and customer service occupations,61,73,-12
E01001074,"8. Process, plant and machine operatives",35,41,-6
E01001074,9. Elementary occupations,51,63,-12
E01001075,"1. Managers, directors and senior officials",126,111,15
E01001075,2. Professional occupations,230,173,57
E01001075,3. Associate professional and technical occupations,172,54,118
E01001075,4. Administrative and secretarial occupations,86,124,-38
E01001075,5. Skilled trades occupations,66,62,4
E01001075,"6. Caring, leisure and other service occupations",73,55,18
E01001075,7. Sales and customer service occupations,53,54,-1
E01001075,"8. Process, plant and machine operatives",26,25,1
E01001075,9. Elementary occupations,50,41,9
E01001076,"1. Managers, directors and senior officials",59,37,22
E01001076,2. Professional occupations,89,53,36
E01001076,3. Associate professional and technical occupations,72,33,39
E01001076,4. Administrative and secretarial occupations,55,85,-30
E01001076,5. Skilled trades occupations,93,92,1
E01001076,"6. Caring, leisure and other service occupations",89,84,5
E01001076,7. Sales and customer service occupations,64,61,3
E01001076,"8. Process, plant and machine operatives",63,76,-13
E01001076,9. Elementary occupations,89,86,3
E01001077,"1. Managers, directors and senior officials",71,49,22
E01001077,2. Professional occupations,99,79,20
E01001077,3. Associate professional and technical occupations,77,37,40
E01001077,4. Administrative and secretarial occupations,82,112,-30
E01001077,5. Skilled trades occupations,91,130,-39
E01001077,"6. Caring, leisure and other service occupations",65,77,-12
E01001077,7. Sales and customer service occupations,53,59,-6
E01001077,"8. Process, plant and machine operatives",48,63,-15
E01001077,9. Elementary occupations,71,67,4
E01001078,"1. Managers, directors and senior officials",43,36,7
E01001078,2. Professional occupations,83,51,32
E01001078,3. Associate professional and technical occupations,58,24,34
E01001078,4. Administrative and secretarial occupations,63,74,-11
E01001078,5. Skilled trades occupations,80,96,-16
E01001078,"6. Caring, leisure and other service occupations",101,68,33
E01001078,7. Sales and customer service occupations,47,61,-14
E01001078,"8. Process, plant and machine operatives",61,63,-2
E01001078,9. Elementary occupations,93,93,0
E01001079,"1. Managers, directors and senior officials",54,38,16
E01001079,2. Professional occupations,105,45,60
E01001079,3. Associate professional and technical occupations,83,33,50
E01001079,4. Administrative and secretarial occupations,65,86,-21
E01001079,5. Skilled trades occupations,106,105,1
E01001079,"6. Caring, leisure and other service occupations",99,83,16
E01001079,7. Sales and customer service occupations,52,74,-22
E01001079,"8. Process, plant and machine operatives",63,59,4
E01001079,9. Elementary occupations,91,110,-19
E01001080,"1. Managers, directors and senior officials",39,26,13
E01001080,2. Professional occupations,73,44,29
E01001080,3. Associate professional and technical occupations,41,23,18
E01001080,4. Administrative and secretarial occupations,27,70,-43
E01001080,5. Skilled trades occupations,60,66,-6
E01001080,"6. Caring, leisure and other service occupations",80,84,-4
E01001080,7. Sales and customer service occupations,51,58,-7
E01001080,"8. Process, plant and machine operatives",49,59,-10
E01001080,9. Elementary occupations,100,86,14
E01001081,"1. Managers, directors and senior officials",60,35,25
E01001081,2. Professional occupations,101,31,70
E01001081,3. Associate professional and technical occupations,65,19,46
E01001081,4. Administrative and secretarial occupations,50,66,-16
E01001081,5. Skilled trades occupations,81,77,4
E01001081,"6. Caring, leisure and other service occupations",92,70,22
E01001081,7. Sales and customer service occupations,44,63,-19
E01001081,"8. Process, plant and machine operatives",53,73,-20
E01001081,9. Elementary occupations,86,84,2
E01001082,"1. Managers, directors and senior officials",60,43,17
E01001082,2. Professional occupations,110,59,51
E01001082,3. Associate professional and technical occupations,86,34,52
E01001082,4. Administrative and secretarial occupations,75,79,-4
E01001082,5. Skilled trades occupations,74,106,-32
E01001082,"6. Caring, leisure and other service occupations",104,83,21
E01001082,7. Sales and customer service occupations,57,76,-19
E01001082,"8. Process, plant and machine operatives",65,66,-1
E01001082,9. Elementary occupations,103,98,5
E01001083,"1. Managers, directors and senior officials",119,87,32
E01001083,2. Professional occupations,178,170,8
E01001083,3. Associate professional and technical occupations,107,36,71
E01001083,4. Administrative and secretarial occupations,89,96,-7
E01001083,5. Skilled trades occupations,71,61,10
E01001083,"6. Caring, leisure and other service occupations",49,57,-8
E01001083,7. Sales and customer service occupations,45,66,-21
E01001083,"8. Process, plant and machine operatives",35,50,-15
E01001083,9. Elementary occupations,53,45,8
E01001084,"1. Managers, directors and senior officials",191,142,49
E01001084,2. Professional occupations,240,209,31
E01001084,3. Associate professional and technical occupations,139,56,83
E01001084,4. Administrative and secretarial occupations,94,125,-31
E01001084,5. Skilled trades occupations,56,66,-10
E01001084,"6. Caring, leisure and other service occupations",49,71,-22
E01001084,7. Sales and customer service occupations,58,46,12
E01001084,"8. Process, plant and machine operatives",28,35,-7
E01001084,9. Elementary occupations,65,39,26
E01001085,"1. Managers, directors and senior officials",88,72,16
E01001085,2. Professional occupations,162,120,42
E01001085,3. Associate professional and technical occupations,121,43,78
E01001085,4. Administrative and secretarial occupations,89,90,-1
E01001085,5. Skilled trades occupations,106,88,18
E01001085,"6. Caring, leisure and other service occupations",72,59,13
E01001085,7. Sales and customer service occupations,61,70,-9
E01001085,"8. Process, plant and machine operatives",63,40,23
E01001085,9. Elementary occupations,114,78,36
E01001086,"1. Managers, directors and senior officials",108,77,31
E01001086,2. Professional occupations,192,175,17
E01001086,3. Associate professional and technical occupations,113,44,69
E01001086,4. Administrative and secretarial occupations,101,124,-23
E01001086,5. Skilled trades occupations,104,72,32
E01001086,"6. Caring, leisure and other service occupations",58,92,-34
E01001086,7. Sales and customer service occupations,60,68,-8
E01001086,"8. Process, plant and machine operatives",62,46,16
E01001086,9. Elementary occupations,66,70,-4
E01001087,"1. Managers, directors and senior officials",134,106,28
E01001087,2. Professional occupations,256,202,54
E01001087,3. Associate professional and technical occupations,182,64,118
E01001087,4. Administrative and secretarial occupations,115,147,-32
E01001087,5. Skilled trades occupations,153,106,47
E01001087,"6. Caring, leisure and other service occupations",137,94,43
E01001087,7. Sales and customer service occupations,109,108,1
E01001087,"8. Process, plant and machine operatives",92,51,41
E01001087,9. Elementary occupations,188,129,59
E01001088,"1. Managers, directors and senior officials",78,85,-7
E01001088,2. Professional occupations,154,124,30
E01001088,3. Associate professional and technical occupations,128,45,83
E01001088,4. Administrative and secretarial occupations,88,136,-48
E01001088,5. Skilled trades occupations,86,88,-2
E01001088,"6. Caring, leisure and other service occupations",91,66,25
E01001088,7. Sales and customer service occupations,73,73,0
E01001088,"8. Process, plant and machine operatives",55,54,1
E01001088,9. Elementary occupations,83,78,5
E01001089,"1. Managers, directors and senior officials",92,56,36
E01001089,2. Professional occupations,142,123,19
E01001089,3. Associate professional and technical occupations,117,45,72
E01001089,4. Administrative and secretarial occupations,66,116,-50
E01001089,5. Skilled trades occupations,100,110,-10
E01001089,"6. Caring, leisure and other service occupations",97,70,27
E01001089,7. Sales and customer service occupations,71,81,-10
E01001089,"8. Process, plant and machine operatives",59,41,18
E01001089,9. Elementary occupations,106,91,15
E01001090,"1. Managers, directors and senior officials",123,91,32
E01001090,2. Professional occupations,236,190,46
E01001090,3. Associate professional and technical occupations,120,62,58
E01001090,4. Administrative and secretarial occupations,114,157,-43
E01001090,5. Skilled trades occupations,130,86,44
E01001090,"6. Caring, leisure and other service occupations",109,111,-2
E01001090,7. Sales and customer service occupations,90,82,8
E01001090,"8. Process, plant and machine operatives",87,55,32
E01001090,9. Elementary occupations,133,119,14
E01001091,"1. Managers, directors and senior officials",117,86,31
E01001091,2. Professional occupations,194,148,46
E01001091,3. Associate professional and technical occupations,98,53,45
E01001091,4. Administrative and secretarial occupations,78,121,-43
E01001091,5. Skilled trades occupations,66,68,-2
E01001091,"6. Caring, leisure and other service occupations",63,62,1
E01001091,7. Sales and customer service occupations,47,75,-28
E01001091,"8. Process, plant and machine operatives",38,40,-2
E01001091,9. Elementary occupations,69,55,14
E01001092,"1. Managers, directors and senior officials",167,148,19
E01001092,2. Professional occupations,303,192,111
E01001092,3. Associate professional and technical occupations,136,44,92
E01001092,4. Administrative and secretarial occupations,83,96,-13
E01001092,5. Skilled trades occupations,33,35,-2
E01001092,"6. Caring, leisure and other service occupations",46,38,8
E01001092,7. Sales and customer service occupations,30,25,5
E01001092,"8. Process, plant and machine operatives",18,19,-1
E01001092,9. Elementary occupations,27,43,-16
E01001093,"1. Managers, directors and senior officials",140,109,31
E01001093,2. Professional occupations,237,169,68
E01001093,3. Associate professional and technical occupations,113,58,55
E01001093,4. Administrative and secretarial occupations,111,137,-26
E01001093,5. Skilled trades occupations,75,57,18
E01001093,"6. Caring, leisure and other service occupations",71,64,7
E01001093,7. Sales and customer service occupations,52,61,-9
E01001093,"8. Process, plant and machine operatives",37,41,-4
E01001093,9. Elementary occupations,70,58,12
E01001094,"1. Managers, directors and senior officials",249,176,73
E01001094,2. Professional occupations,235,188,47
E01001094,3. Associate professional and technical occupations,99,34,65
E01001094,4. Administrative and secretarial occupations,78,77,1
E01001094,5. Skilled trades occupations,32,42,-10
E01001094,"6. Caring, leisure and other service occupations",31,45,-14
E01001094,7. Sales and customer service occupations,25,40,-15
E01001094,"8. Process, plant and machine operatives",6,16,-10
E01001094,9. Elementary occupations,29,19,10
E01001095,"1. Managers, directors and senior officials",98,78,20
E01001095,2. Professional occupations,175,178,-3
E01001095,3. Associate professional and technical occupations,116,60,56
E01001095,4. Administrative and secretarial occupations,75,119,-44
E01001095,5. Skilled trades occupations,63,76,-13
E01001095,"6. Caring, leisure and other service occupations",75,80,-5
E01001095,7. Sales and customer service occupations,72,65,7
E01001095,"8. Process, plant and machine operatives",38,31,7
E01001095,9. Elementary occupations,52,49,3
E01001096,"1. Managers, directors and senior officials",156,112,44
E01001096,2. Professional occupations,228,211,17
E01001096,3. Associate professional and technical occupations,120,53,67
E01001096,4. Administrative and secretarial occupations,71,117,-46
E01001096,5. Skilled trades occupations,34,49,-15
E01001096,"6. Caring, leisure and other service occupations",32,51,-19
E01001096,7. Sales and customer service occupations,34,41,-7
E01001096,"8. Process, plant and machine operatives",14,15,-1
E01001096,9. Elementary occupations,22,28,-6
E01001097,"1. Managers, directors and senior officials",165,130,35
E01001097,2. Professional occupations,313,259,54
E01001097,3. Associate professional and technical occupations,174,83,91
E01001097,4. Administrative and secretarial occupations,137,156,-19
E01001097,5. Skilled trades occupations,81,84,-3
E01001097,"6. Caring, leisure and other service occupations",101,101,0
E01001097,7. Sales and customer service occupations,61,61,0
E01001097,"8. Process, plant and machine operatives",74,38,36
E01001097,9. Elementary occupations,73,81,-8
E01001098,"1. Managers, directors and senior officials",155,94,61
E01001098,2. Professional occupations,246,214,32
E01001098,3. Associate professional and technical occupations,122,51,71
E01001098,4. Administrative and secretarial occupations,84,107,-23
E01001098,5. Skilled trades occupations,42,41,1
E01001098,"6. Caring, leisure and other service occupations",23,38,-15
E01001098,7. Sales and customer service occupations,24,33,-9
E01001098,"8. Process, plant and machine operatives",14,11,3
E01001098,9. Elementary occupations,24,33,-9
E01001099,"1. Managers, directors and senior officials",107,88,19
E01001099,2. Professional occupations,236,159,77
E01001099,3. Associate professional and technical occupations,111,52,59
E01001099,4. Administrative and secretarial occupations,89,92,-3
E01001099,5. Skilled trades occupations,52,59,-7
E01001099,"6. Caring, leisure and other service occupations",77,57,20
E01001099,7. Sales and customer service occupations,27,53,-26
E01001099,"8. Process, plant and machine operatives",27,24,3
E01001099,9. Elementary occupations,47,55,-8
E01001100,"1. Managers, directors and senior officials",128,106,22
E01001100,2. Professional occupations,242,179,63
E01001100,3. Associate professional and technical occupations,141,51,90
E01001100,4. Administrative and secretarial occupations,90,149,-59
E01001100,5. Skilled trades occupations,53,53,0
E01001100,"6. Caring, leisure and other service occupations",53,52,1
E01001100,7. Sales and customer service occupations,45,36,9
E01001100,"8. Process, plant and machine operatives",35,32,3
E01001100,9. Elementary occupations,38,49,-11
E01001101,"1. Managers, directors and senior officials",161,119,42
E01001101,2. Professional occupations,213,163,50
E01001101,3. Associate professional and technical occupations,114,41,73
E01001101,4. Administrative and secretarial occupations,86,112,-26
E01001101,5. Skilled trades occupations,44,57,-13
E01001101,"6. Caring, leisure and other service occupations",31,57,-26
E01001101,7. Sales and customer service occupations,41,65,-24
E01001101,"8. Process, plant and machine operatives",23,19,4
E01001101,9. Elementary occupations,14,14,0
E01001102,"1. Managers, directors and senior officials",150,104,46
E01001102,2. Professional occupations,183,155,28
E01001102,3. Associate professional and technical occupations,84,30,54
E01001102,4. Administrative and secretarial occupations,69,96,-27
E01001102,5. Skilled trades occupations,32,52,-20
E01001102,"6. Caring, leisure and other service occupations",37,46,-9
E01001102,7. Sales and customer service occupations,30,44,-14
E01001102,"8. Process, plant and machine operatives",18,24,-6
E01001102,9. Elementary occupations,29,33,-4
E01001103,"1. Managers, directors and senior officials",140,108,32
E01001103,2. Professional occupations,173,125,48
E01001103,3. Associate professional and technical occupations,102,49,53
E01001103,4. Administrative and secretarial occupations,86,119,-33
E01001103,5. Skilled trades occupations,60,68,-8
E01001103,"6. Caring, leisure and other service occupations",35,56,-21
E01001103,7. Sales and customer service occupations,28,61,-33
E01001103,"8. Process, plant and machine operatives",30,28,2
E01001103,9. Elementary occupations,40,46,-6
E01001104,"1. Managers, directors and senior officials",154,128,26
E01001104,2. Professional occupations,225,199,26
E01001104,3. Associate professional and technical occupations,142,71,71
E01001104,4. Administrative and secretarial occupations,112,146,-34
E01001104,5. Skilled trades occupations,55,62,-7
E01001104,"6. Caring, leisure and other service occupations",36,54,-18
E01001104,7. Sales and customer service occupations,50,54,-4
E01001104,"8. Process, plant and machine operatives",22,27,-5
E01001104,9. Elementary occupations,27,35,-8
E01001105,"1. Managers, directors and senior officials",117,75,42
E01001105,2. Professional occupations,165,94,71
E01001105,3. Associate professional and technical occupations,139,50,89
E01001105,4. Administrative and secretarial occupations,102,132,-30
E01001105,5. Skilled trades occupations,109,110,-1
E01001105,"6. Caring, leisure and other service occupations",83,83,0
E01001105,7. Sales and customer service occupations,59,62,-3
E01001105,"8. Process, plant and machine operatives",33,49,-16
E01001105,9. Elementary occupations,54,70,-16
E01001106,"1. Managers, directors and senior officials",96,65,31
E01001106,2. Professional occupations,139,94,45
E01001106,3. Associate professional and technical occupations,115,48,67
E01001106,4. Administrative and secretarial occupations,93,106,-13
E01001106,5. Skilled trades occupations,79,97,-18
E01001106,"6. Caring, leisure and other service occupations",67,63,4
E01001106,7. Sales and customer service occupations,60,61,-1
E01001106,"8. Process, plant and machine operatives",42,45,-3
E01001106,9. Elementary occupations,56,58,-2
E01001107,"1. Managers, directors and senior officials",160,138,22
E01001107,2. Professional occupations,265,221,44
E01001107,3. Associate professional and technical occupations,122,63,59
E01001107,4. Administrative and secretarial occupations,74,116,-42
E01001107,5. Skilled trades occupations,21,41,-20
E01001107,"6. Caring, leisure and other service occupations",31,38,-7
E01001107,7. Sales and customer service occupations,35,37,-2
E01001107,"8. Process, plant and machine operatives",20,10,10
E01001107,9. Elementary occupations,17,27,-10
E01001108,"1. Managers, directors and senior officials",162,122,40
E01001108,2. Professional occupations,289,220,69
E01001108,3. Associate professional and technical occupations,125,54,71
E01001108,4. Administrative and secretarial occupations,86,124,-38
E01001108,5. Skilled trades occupations,53,57,-4
E01001108,"6. Caring, leisure and other service occupations",42,58,-16
E01001108,7. Sales and customer service occupations,23,48,-25
E01001108,"8. Process, plant and machine operatives",20,22,-2
E01001108,9. Elementary occupations,32,21,11
E01001109,"1. Managers, directors and senior officials",98,61,37
E01001109,2. Professional occupations,208,132,76
E01001109,3. Associate professional and technical occupations,139,50,89
E01001109,4. Administrative and secretarial occupations,90,97,-7
E01001109,5. Skilled trades occupations,99,91,8
E01001109,"6. Caring, leisure and other service occupations",120,89,31
E01001109,7. Sales and customer service occupations,96,94,2
E01001109,"8. Process, plant and machine operatives",64,48,16
E01001109,9. Elementary occupations,136,91,45
E01001110,"1. Managers, directors and senior officials",100,62,38
E01001110,2. Professional occupations,179,179,0
E01001110,3. Associate professional and technical occupations,108,54,54
E01001110,4. Administrative and secretarial occupations,97,130,-33
E01001110,5. Skilled trades occupations,89,74,15
E01001110,"6. Caring, leisure and other service occupations",111,105,6
E01001110,7. Sales and customer service occupations,95,81,14
E01001110,"8. Process, plant and machine operatives",76,39,37
E01001110,9. Elementary occupations,142,99,43
E01001111,"1. Managers, directors and senior officials",102,74,28
E01001111,2. Professional occupations,140,109,31
E01001111,3. Associate professional and technical occupations,140,56,84
E01001111,4. Administrative and secretarial occupations,82,103,-21
E01001111,5. Skilled trades occupations,99,72,27
E01001111,"6. Caring, leisure and other service occupations",118,93,25
E01001111,7. Sales and customer service occupations,62,63,-1
E01001111,"8. Process, plant and machine operatives",53,36,17
E01001111,9. Elementary occupations,111,98,13
E01001112,"1. Managers, directors and senior officials",100,46,54
E01001112,2. Professional occupations,203,141,62
E01001112,3. Associate professional and technical occupations,141,50,91
E01001112,4. Administrative and secretarial occupations,102,95,7
E01001112,5. Skilled trades occupations,85,59,26
E01001112,"6. Caring, leisure and other service occupations",106,100,6
E01001112,7. Sales and customer service occupations,74,87,-13
E01001112,"8. Process, plant and machine operatives",64,55,9
E01001112,9. Elementary occupations,93,71,22
E01001113,"1. Managers, directors and senior officials",125,76,49
E01001113,2. Professional occupations,180,154,26
E01001113,3. Associate professional and technical occupations,179,49,130
E01001113,4. Administrative and secretarial occupations,94,124,-30
E01001113,5. Skilled trades occupations,87,68,19
E01001113,"6. Caring, leisure and other service occupations",100,125,-25
E01001113,7. Sales and customer service occupations,68,82,-14
E01001113,"8. Process, plant and machine operatives",71,60,11
E01001113,9. Elementary occupations,153,70,83
E01001114,"1. Managers, directors and senior officials",47,36,11
E01001114,2. Professional occupations,104,80,24
E01001114,3. Associate professional and technical occupations,82,35,47
E01001114,4. Administrative and secretarial occupations,67,96,-29
E01001114,5. Skilled trades occupations,69,58,11
E01001114,"6. Caring, leisure and other service occupations",113,69,44
E01001114,7. Sales and customer service occupations,50,52,-2
E01001114,"8. Process, plant and machine operatives",62,38,24
E01001114,9. Elementary occupations,101,75,26
E01001115,"1. Managers, directors and senior officials",58,45,13
E01001115,2. Professional occupations,125,80,45
E01001115,3. Associate professional and technical occupations,83,33,50
E01001115,4. Administrative and secretarial occupations,69,86,-17
E01001115,5. Skilled trades occupations,56,55,1
E01001115,"6. Caring, leisure and other service occupations",105,83,22
E01001115,7. Sales and customer service occupations,72,77,-5
E01001115,"8. Process, plant and machine operatives",67,57,10
E01001115,9. Elementary occupations,82,87,-5
E01001116,"1. Managers, directors and senior officials",62,46,16
E01001116,2. Professional occupations,154,106,48
E01001116,3. Associate professional and technical occupations,76,42,34
E01001116,4. Administrative and secretarial occupations,51,79,-28
E01001116,5. Skilled trades occupations,61,53,8
E01001116,"6. Caring, leisure and other service occupations",86,80,6
E01001116,7. Sales and customer service occupations,52,72,-20
E01001116,"8. Process, plant and machine operatives",50,39,11
E01001116,9. Elementary occupations,96,69,27
E01001118,"1. Managers, directors and senior officials",72,47,25
E01001118,2. Professional occupations,129,114,15
E01001118,3. Associate professional and technical occupations,96,50,46
E01001118,4. Administrative and secretarial occupations,84,116,-32
E01001118,5. Skilled trades occupations,81,58,23
E01001118,"6. Caring, leisure and other service occupations",135,86,49
E01001118,7. Sales and customer service occupations,103,65,38
E01001118,"8. Process, plant and machine operatives",81,63,18
E01001118,9. Elementary occupations,131,103,28
E01001119,"1. Managers, directors and senior officials",87,83,4
E01001119,2. Professional occupations,136,118,18
E01001119,3. Associate professional and technical occupations,116,69,47
E01001119,4. Administrative and secretarial occupations,90,161,-71
E01001119,5. Skilled trades occupations,66,94,-28
E01001119,"6. Caring, leisure and other service occupations",62,65,-3
E01001119,7. Sales and customer service occupations,47,75,-28
E01001119,"8. Process, plant and machine operatives",24,40,-16
E01001119,9. Elementary occupations,45,49,-4
E01001120,"1. Managers, directors and senior officials",81,69,12
E01001120,2. Professional occupations,126,101,25
E01001120,3. Associate professional and technical occupations,103,39,64
E01001120,4. Administrative and secretarial occupations,76,124,-48
E01001120,5. Skilled trades occupations,76,74,2
E01001120,"6. Caring, leisure and other service occupations",62,56,6
E01001120,7. Sales and customer service occupations,47,70,-23
E01001120,"8. Process, plant and machine operatives",29,51,-22
E01001120,9. Elementary occupations,45,46,-1
E01001121,"1. Managers, directors and senior officials",132,130,2
E01001121,2. Professional occupations,173,122,51
E01001121,3. Associate professional and technical occupations,71,40,31
E01001121,4. Administrative and secretarial occupations,84,110,-26
E01001121,5. Skilled trades occupations,37,62,-25
E01001121,"6. Caring, leisure and other service occupations",35,50,-15
E01001121,7. Sales and customer service occupations,22,41,-19
E01001121,"8. Process, plant and machine operatives",17,20,-3
E01001121,9. Elementary occupations,20,36,-16
E01001122,"1. Managers, directors and senior officials",118,122,-4
E01001122,2. Professional occupations,226,221,5
E01001122,3. Associate professional and technical occupations,93,44,49
E01001122,4. Administrative and secretarial occupations,67,128,-61
E01001122,5. Skilled trades occupations,39,64,-25
E01001122,"6. Caring, leisure and other service occupations",39,47,-8
E01001122,7. Sales and customer service occupations,38,52,-14
E01001122,"8. Process, plant and machine operatives",17,27,-10
E01001122,9. Elementary occupations,36,39,-3
E01001123,"1. Managers, directors and senior officials",149,100,49
E01001123,2. Professional occupations,204,136,68
E01001123,3. Associate professional and technical occupations,114,43,71
E01001123,4. Administrative and secretarial occupations,109,137,-28
E01001123,5. Skilled trades occupations,67,62,5
E01001123,"6. Caring, leisure and other service occupations",49,53,-4
E01001123,7. Sales and customer service occupations,33,36,-3
E01001123,"8. Process, plant and machine operatives",38,29,9
E01001123,9. Elementary occupations,40,38,2
E01001124,"1. Managers, directors and senior officials",119,95,24
E01001124,2. Professional occupations,181,189,-8
E01001124,3. Associate professional and technical occupations,111,42,69
E01001124,4. Administrative and secretarial occupations,73,140,-67
E01001124,5. Skilled trades occupations,57,67,-10
E01001124,"6. Caring, leisure and other service occupations",49,62,-13
E01001124,7. Sales and customer service occupations,25,44,-19
E01001124,"8. Process, plant and machine operatives",21,27,-6
E01001124,9. Elementary occupations,44,33,11
E01001125,"1. Managers, directors and senior officials",106,100,6
E01001125,2. Professional occupations,183,147,36
E01001125,3. Associate professional and technical occupations,112,53,59
E01001125,4. Administrative and secretarial occupations,91,137,-46
E01001125,5. Skilled trades occupations,62,86,-24
E01001125,"6. Caring, leisure and other service occupations",73,60,13
E01001125,7. Sales and customer service occupations,51,64,-13
E01001125,"8. Process, plant and machine operatives",40,48,-8
E01001125,9. Elementary occupations,34,54,-20
E01001126,"1. Managers, directors and senior officials",88,66,22
E01001126,2. Professional occupations,144,115,29
E01001126,3. Associate professional and technical occupations,123,47,76
E01001126,4. Administrative and secretarial occupations,97,132,-35
E01001126,5. Skilled trades occupations,69,70,-1
E01001126,"6. Caring, leisure and other service occupations",57,78,-21
E01001126,7. Sales and customer service occupations,53,60,-7
E01001126,"8. Process, plant and machine operatives",39,35,4
E01001126,9. Elementary occupations,34,51,-17
E01001127,"1. Managers, directors and senior officials",118,112,6
E01001127,2. Professional occupations,195,153,42
E01001127,3. Associate professional and technical occupations,100,61,39
E01001127,4. Administrative and secretarial occupations,108,146,-38
E01001127,5. Skilled trades occupations,76,81,-5
E01001127,"6. Caring, leisure and other service occupations",53,67,-14
E01001127,7. Sales and customer service occupations,48,65,-17
E01001127,"8. Process, plant and machine operatives",37,28,9
E01001127,9. Elementary occupations,34,47,-13
E01001128,"1. Managers, directors and senior officials",59,29,30
E01001128,2. Professional occupations,93,67,26
E01001128,3. Associate professional and technical occupations,73,44,29
E01001128,4. Administrative and secretarial occupations,62,94,-32
E01001128,5. Skilled trades occupations,54,55,-1
E01001128,"6. Caring, leisure and other service occupations",100,80,20
E01001128,7. Sales and customer service occupations,46,68,-22
E01001128,"8. Process, plant and machine operatives",47,36,11
E01001128,9. Elementary occupations,99,81,18
E01001129,"1. Managers, directors and senior officials",113,99,14
E01001129,2. Professional occupations,180,139,41
E01001129,3. Associate professional and technical occupations,97,51,46
E01001129,4. Administrative and secretarial occupations,84,145,-61
E01001129,5. Skilled trades occupations,66,83,-17
E01001129,"6. Caring, leisure and other service occupations",34,67,-33
E01001129,7. Sales and customer service occupations,38,56,-18
E01001129,"8. Process, plant and machine operatives",41,32,9
E01001129,9. Elementary occupations,37,33,4
E01001130,"1. Managers, directors and senior officials",37,34,3
E01001130,2. Professional occupations,81,55,26
E01001130,3. Associate professional and technical occupations,67,29,38
E01001130,4. Administrative and secretarial occupations,57,55,2
E01001130,5. Skilled trades occupations,51,48,3
E01001130,"6. Caring, leisure and other service occupations",122,84,38
E01001130,7. Sales and customer service occupations,60,77,-17
E01001130,"8. Process, plant and machine operatives",44,48,-4
E01001130,9. Elementary occupations,91,97,-6
E01001131,"1. Managers, directors and senior officials",108,73,35
E01001131,2. Professional occupations,163,106,57
E01001131,3. Associate professional and technical occupations,136,56,80
E01001131,4. Administrative and secretarial occupations,101,156,-55
E01001131,5. Skilled trades occupations,72,92,-20
E01001131,"6. Caring, leisure and other service occupations",54,80,-26
E01001131,7. Sales and customer service occupations,49,64,-15
E01001131,"8. Process, plant and machine operatives",37,48,-11
E01001131,9. Elementary occupations,56,50,6
E01001132,"1. Managers, directors and senior officials",101,87,14
E01001132,2. Professional occupations,173,120,53
E01001132,3. Associate professional and technical occupations,110,43,67
E01001132,4. Administrative and secretarial occupations,118,124,-6
E01001132,5. Skilled trades occupations,80,72,8
E01001132,"6. Caring, leisure and other service occupations",64,72,-8
E01001132,7. Sales and customer service occupations,53,58,-5
E01001132,"8. Process, plant and machine operatives",32,32,0
E01001132,9. Elementary occupations,28,40,-12
E01001133,"1. Managers, directors and senior officials",139,98,41
E01001133,2. Professional occupations,156,119,37
E01001133,3. Associate professional and technical occupations,94,47,47
E01001133,4. Administrative and secretarial occupations,91,114,-23
E01001133,5. Skilled trades occupations,67,60,7
E01001133,"6. Caring, leisure and other service occupations",59,50,9
E01001133,7. Sales and customer service occupations,53,49,4
E01001133,"8. Process, plant and machine operatives",28,34,-6
E01001133,9. Elementary occupations,30,40,-10
E01001134,"1. Managers, directors and senior officials",125,99,26
E01001134,2. Professional occupations,198,172,26
E01001134,3. Associate professional and technical occupations,118,67,51
E01001134,4. Administrative and secretarial occupations,107,153,-46
E01001134,5. Skilled trades occupations,63,96,-33
E01001134,"6. Caring, leisure and other service occupations",57,66,-9
E01001134,7. Sales and customer service occupations,49,59,-10
E01001134,"8. Process, plant and machine operatives",47,39,8
E01001134,9. Elementary occupations,51,42,9
E01001135,"1. Managers, directors and senior officials",126,97,29
E01001135,2. Professional occupations,163,154,9
E01001135,3. Associate professional and technical occupations,128,68,60
E01001135,4. Administrative and secretarial occupations,103,147,-44
E01001135,5. Skilled trades occupations,81,73,8
E01001135,"6. Caring, leisure and other service occupations",47,66,-19
E01001135,7. Sales and customer service occupations,79,75,4
E01001135,"8. Process, plant and machine operatives",27,31,-4
E01001135,9. Elementary occupations,31,46,-15
E01001136,"1. Managers, directors and senior officials",111,73,38
E01001136,2. Professional occupations,248,125,123
E01001136,3. Associate professional and technical occupations,198,49,149
E01001136,4. Administrative and secretarial occupations,107,133,-26
E01001136,5. Skilled trades occupations,74,84,-10
E01001136,"6. Caring, leisure and other service occupations",114,119,-5
E01001136,7. Sales and customer service occupations,76,77,-1
E01001136,"8. Process, plant and machine operatives",62,57,5
E01001136,9. Elementary occupations,118,106,12
E01001137,"1. Managers, directors and senior officials",191,121,70
E01001137,2. Professional occupations,337,226,111
E01001137,3. Associate professional and technical occupations,226,64,162
E01001137,4. Administrative and secretarial occupations,104,103,1
E01001137,5. Skilled trades occupations,73,52,21
E01001137,"6. Caring, leisure and other service occupations",69,69,0
E01001137,7. Sales and customer service occupations,34,64,-30
E01001137,"8. Process, plant and machine operatives",32,31,1
E01001137,9. Elementary occupations,71,68,3
E01001138,"1. Managers, directors and senior officials",139,90,49
E01001138,2. Professional occupations,269,243,26
E01001138,3. Associate professional and technical occupations,146,60,86
E01001138,4. Administrative and secretarial occupations,71,119,-48
E01001138,5. Skilled trades occupations,38,53,-15
E01001138,"6. Caring, leisure and other service occupations",52,57,-5
E01001138,7. Sales and customer service occupations,36,53,-17
E01001138,"8. Process, plant and machine operatives",24,22,2
E01001138,9. Elementary occupations,40,52,-12
E01001139,"1. Managers, directors and senior officials",110,87,23
E01001139,2. Professional occupations,219,151,68
E01001139,3. Associate professional and technical occupations,140,49,91
E01001139,4. Administrative and secretarial occupations,89,129,-40
E01001139,5. Skilled trades occupations,55,56,-1
E01001139,"6. Caring, leisure and other service occupations",77,83,-6
E01001139,7. Sales and customer service occupations,49,64,-15
E01001139,"8. Process, plant and machine operatives",43,44,-1
E01001139,9. Elementary occupations,75,69,6
E01001140,"1. Managers, directors and senior officials",127,88,39
E01001140,2. Professional occupations,283,187,96
E01001140,3. Associate professional and technical occupations,168,75,93
E01001140,4. Administrative and secretarial occupations,63,140,-77
E01001140,5. Skilled trades occupations,55,70,-15
E01001140,"6. Caring, leisure and other service occupations",78,70,8
E01001140,7. Sales and customer service occupations,52,47,5
E01001140,"8. Process, plant and machine operatives",31,39,-8
E01001140,9. Elementary occupations,68,63,5
E01001141,"1. Managers, directors and senior officials",72,54,18
E01001141,2. Professional occupations,144,88,56
E01001141,3. Associate professional and technical occupations,99,45,54
E01001141,4. Administrative and secretarial occupations,71,83,-12
E01001141,5. Skilled trades occupations,54,56,-2
E01001141,"6. Caring, leisure and other service occupations",63,73,-10
E01001141,7. Sales and customer service occupations,45,49,-4
E01001141,"8. Process, plant and machine operatives",38,38,0
E01001141,9. Elementary occupations,68,71,-3
E01001142,"1. Managers, directors and senior officials",150,70,80
E01001142,2. Professional occupations,239,191,48
E01001142,3. Associate professional and technical occupations,161,49,112
E01001142,4. Administrative and secretarial occupations,82,113,-31
E01001142,5. Skilled trades occupations,73,77,-4
E01001142,"6. Caring, leisure and other service occupations",81,75,6
E01001142,7. Sales and customer service occupations,50,36,14
E01001142,"8. Process, plant and machine operatives",40,37,3
E01001142,9. Elementary occupations,60,46,14
E01001143,"1. Managers, directors and senior officials",100,62,38
E01001143,2. Professional occupations,202,148,54
E01001143,3. Associate professional and technical occupations,128,43,85
E01001143,4. Administrative and secretarial occupations,88,109,-21
E01001143,5. Skilled trades occupations,87,73,14
E01001143,"6. Caring, leisure and other service occupations",101,94,7
E01001143,7. Sales and customer service occupations,57,56,1
E01001143,"8. Process, plant and machine operatives",53,52,1
E01001143,9. Elementary occupations,123,117,6
E01001144,"1. Managers, directors and senior officials",88,65,23
E01001144,2. Professional occupations,226,160,66
E01001144,3. Associate professional and technical occupations,165,49,116
E01001144,4. Administrative and secretarial occupations,87,96,-9
E01001144,5. Skilled trades occupations,61,68,-7
E01001144,"6. Caring, leisure and other service occupations",94,76,18
E01001144,7. Sales and customer service occupations,44,62,-18
E01001144,"8. Process, plant and machine operatives",56,35,21
E01001144,9. Elementary occupations,93,81,12
E01001145,"1. Managers, directors and senior officials",65,60,5
E01001145,2. Professional occupations,155,97,58
E01001145,3. Associate professional and technical occupations,111,41,70
E01001145,4. Administrative and secretarial occupations,65,93,-28
E01001145,5. Skilled trades occupations,57,58,-1
E01001145,"6. Caring, leisure and other service occupations",115,70,45
E01001145,7. Sales and customer service occupations,56,93,-37
E01001145,"8. Process, plant and machine operatives",50,56,-6
E01001145,9. Elementary occupations,93,104,-11
E01001146,"1. Managers, directors and senior officials",78,55,23
E01001146,2. Professional occupations,137,124,13
E01001146,3. Associate professional and technical occupations,91,56,35
E01001146,4. Administrative and secretarial occupations,92,127,-35
E01001146,5. Skilled trades occupations,71,49,22
E01001146,"6. Caring, leisure and other service occupations",80,98,-18
E01001146,7. Sales and customer service occupations,54,68,-14
E01001146,"8. Process, plant and machine operatives",58,43,15
E01001146,9. Elementary occupations,79,77,2
E01001147,"1. Managers, directors and senior officials",90,54,36
E01001147,2. Professional occupations,149,108,41
E01001147,3. Associate professional and technical occupations,107,46,61
E01001147,4. Administrative and secretarial occupations,81,82,-1
E01001147,5. Skilled trades occupations,77,62,15
E01001147,"6. Caring, leisure and other service occupations",91,79,12
E01001147,7. Sales and customer service occupations,74,69,5
E01001147,"8. Process, plant and machine operatives",62,51,11
E01001147,9. Elementary occupations,94,73,21
E01001148,"1. Managers, directors and senior officials",77,60,17
E01001148,2. Professional occupations,170,141,29
E01001148,3. Associate professional and technical occupations,126,46,80
E01001148,4. Administrative and secretarial occupations,91,133,-42
E01001148,5. Skilled trades occupations,70,57,13
E01001148,"6. Caring, leisure and other service occupations",112,101,11
E01001148,7. Sales and customer service occupations,64,63,1
E01001148,"8. Process, plant and machine operatives",41,51,-10
E01001148,9. Elementary occupations,106,76,30
E01001149,"1. Managers, directors and senior officials",82,71,11
E01001149,2. Professional occupations,186,137,49
E01001149,3. Associate professional and technical occupations,132,70,62
E01001149,4. Administrative and secretarial occupations,69,118,-49
E01001149,5. Skilled trades occupations,58,61,-3
E01001149,"6. Caring, leisure and other service occupations",78,73,5
E01001149,7. Sales and customer service occupations,54,62,-8
E01001149,"8. Process, plant and machine operatives",50,32,18
E01001149,9. Elementary occupations,77,53,24
E01001150,"1. Managers, directors and senior officials",129,71,58
E01001150,2. Professional occupations,234,182,52
E01001150,3. Associate professional and technical occupations,141,53,88
E01001150,4. Administrative and secretarial occupations,84,111,-27
E01001150,5. Skilled trades occupations,75,66,9
E01001150,"6. Caring, leisure and other service occupations",87,79,8
E01001150,7. Sales and customer service occupations,54,57,-3
E01001150,"8. Process, plant and machine operatives",44,40,4
E01001150,9. Elementary occupations,66,63,3
E01001151,"1. Managers, directors and senior officials",66,44,22
E01001151,2. Professional occupations,121,93,28
E01001151,3. Associate professional and technical occupations,74,32,42
E01001151,4. Administrative and secretarial occupations,63,95,-32
E01001151,5. Skilled trades occupations,103,60,43
E01001151,"6. Caring, leisure and other service occupations",123,87,36
E01001151,7. Sales and customer service occupations,56,67,-11
E01001151,"8. Process, plant and machine operatives",57,51,6
E01001151,9. Elementary occupations,112,107,5
E01001152,"1. Managers, directors and senior officials",68,59,9
E01001152,2. Professional occupations,143,102,41
E01001152,3. Associate professional and technical occupations,99,32,67
E01001152,4. Administrative and secretarial occupations,106,104,2
E01001152,5. Skilled trades occupations,147,78,69
E01001152,"6. Caring, leisure and other service occupations",162,82,80
E01001152,7. Sales and customer service occupations,82,76,6
E01001152,"8. Process, plant and machine operatives",93,65,28
E01001152,9. Elementary occupations,132,111,21
E01001153,"1. Managers, directors and senior officials",91,81,10
E01001153,2. Professional occupations,184,106,78
E01001153,3. Associate professional and technical occupations,91,55,36
E01001153,4. Administrative and secretarial occupations,97,122,-25
E01001153,5. Skilled trades occupations,78,82,-4
E01001153,"6. Caring, leisure and other service occupations",80,80,0
E01001153,7. Sales and customer service occupations,58,79,-21
E01001153,"8. Process, plant and machine operatives",52,39,13
E01001153,9. Elementary occupations,90,82,8
E01001154,"1. Managers, directors and senior officials",83,67,16
E01001154,2. Professional occupations,165,107,58
E01001154,3. Associate professional and technical occupations,116,52,64
E01001154,4. Administrative and secretarial occupations,75,101,-26
E01001154,5. Skilled trades occupations,100,87,13
E01001154,"6. Caring, leisure and other service occupations",153,125,28
E01001154,7. Sales and customer service occupations,77,82,-5
E01001154,"8. Process, plant and machine operatives",85,58,27
E01001154,9. Elementary occupations,124,116,8
E01001155,"1. Managers, directors and senior officials",59,44,15
E01001155,2. Professional occupations,128,92,36
E01001155,3. Associate professional and technical occupations,91,39,52
E01001155,4. Administrative and secretarial occupations,59,82,-23
E01001155,5. Skilled trades occupations,61,53,8
E01001155,"6. Caring, leisure and other service occupations",95,88,7
E01001155,7. Sales and customer service occupations,55,67,-12
E01001155,"8. Process, plant and machine operatives",34,31,3
E01001155,9. Elementary occupations,96,99,-3
E01001156,"1. Managers, directors and senior officials",130,92,38
E01001156,2. Professional occupations,241,161,80
E01001156,3. Associate professional and technical occupations,156,67,89
E01001156,4. Administrative and secretarial occupations,82,85,-3
E01001156,5. Skilled trades occupations,55,51,4
E01001156,"6. Caring, leisure and other service occupations",50,77,-27
E01001156,7. Sales and customer service occupations,46,48,-2
E01001156,"8. Process, plant and machine operatives",58,42,16
E01001156,9. Elementary occupations,80,80,0
E01001157,"1. Managers, directors and senior officials",101,96,5
E01001157,2. Professional occupations,196,160,36
E01001157,3. Associate professional and technical occupations,111,39,72
E01001157,4. Administrative and secretarial occupations,78,127,-49
E01001157,5. Skilled trades occupations,68,66,2
E01001157,"6. Caring, leisure and other service occupations",78,78,0
E01001157,7. Sales and customer service occupations,71,68,3
E01001157,"8. Process, plant and machine operatives",42,50,-8
E01001157,9. Elementary occupations,73,79,-6
E01001158,"1. Managers, directors and senior officials",99,68,31
E01001158,2. Professional occupations,208,145,63
E01001158,3. Associate professional and technical occupations,114,58,56
E01001158,4. Administrative and secretarial occupations,66,118,-52
E01001158,5. Skilled trades occupations,72,68,4
E01001158,"6. Caring, leisure and other service occupations",72,81,-9
E01001158,7. Sales and customer service occupations,45,57,-12
E01001158,"8. Process, plant and machine operatives",37,37,0
E01001158,9. Elementary occupations,59,75,-16
E01001159,"1. Managers, directors and senior officials",152,119,33
E01001159,2. Professional occupations,248,185,63
E01001159,3. Associate professional and technical occupations,147,59,88
E01001159,4. Administrative and secretarial occupations,75,116,-41
E01001159,5. Skilled trades occupations,72,80,-8
E01001159,"6. Caring, leisure and other service occupations",71,76,-5
E01001159,7. Sales and customer service occupations,52,67,-15
E01001159,"8. Process, plant and machine operatives",30,36,-6
E01001159,9. Elementary occupations,86,73,13
E01001160,"1. Managers, directors and senior officials",139,112,27
E01001160,2. Professional occupations,217,175,42
E01001160,3. Associate professional and technical occupations,115,52,63
E01001160,4. Administrative and secretarial occupations,96,109,-13
E01001160,5. Skilled trades occupations,79,93,-14
E01001160,"6. Caring, leisure and other service occupations",60,87,-27
E01001160,7. Sales and customer service occupations,76,103,-27
E01001160,"8. Process, plant and machine operatives",51,54,-3
E01001160,9. Elementary occupations,64,44,20
E01001161,"1. Managers, directors and senior officials",77,59,18
E01001161,2. Professional occupations,120,92,28
E01001161,3. Associate professional and technical occupations,79,45,34
E01001161,4. Administrative and secretarial occupations,70,83,-13
E01001161,5. Skilled trades occupations,80,68,12
E01001161,"6. Caring, leisure and other service occupations",105,98,7
E01001161,7. Sales and customer service occupations,74,74,0
E01001161,"8. Process, plant and machine operatives",71,49,22
E01001161,9. Elementary occupations,99,86,13
E01001162,"1. Managers, directors and senior officials",107,73,34
E01001162,2. Professional occupations,234,196,38
E01001162,3. Associate professional and technical occupations,170,47,123
E01001162,4. Administrative and secretarial occupations,93,96,-3
E01001162,5. Skilled trades occupations,45,66,-21
E01001162,"6. Caring, leisure and other service occupations",110,85,25
E01001162,7. Sales and customer service occupations,67,64,3
E01001162,"8. Process, plant and machine operatives",41,34,7
E01001162,9. Elementary occupations,81,69,12
E01001163,"1. Managers, directors and senior officials",155,116,39
E01001163,2. Professional occupations,286,210,76
E01001163,3. Associate professional and technical occupations,176,74,102
E01001163,4. Administrative and secretarial occupations,107,138,-31
E01001163,5. Skilled trades occupations,80,105,-25
E01001163,"6. Caring, leisure and other service occupations",63,81,-18
E01001163,7. Sales and customer service occupations,52,60,-8
E01001163,"8. Process, plant and machine operatives",37,48,-11
E01001163,9. Elementary occupations,64,65,-1
E01001164,"1. Managers, directors and senior officials",200,140,60
E01001164,2. Professional occupations,345,296,49
E01001164,3. Associate professional and technical occupations,269,81,188
E01001164,4. Administrative and secretarial occupations,87,123,-36
E01001164,5. Skilled trades occupations,72,86,-14
E01001164,"6. Caring, leisure and other service occupations",79,68,11
E01001164,7. Sales and customer service occupations,60,74,-14
E01001164,"8. Process, plant and machine operatives",32,21,11
E01001164,9. Elementary occupations,65,88,-23
E01001165,"1. Managers, directors and senior officials",118,79,39
E01001165,2. Professional occupations,221,151,70
E01001165,3. Associate professional and technical occupations,136,63,73
E01001165,4. Administrative and secretarial occupations,98,123,-25
E01001165,5. Skilled trades occupations,109,99,10
E01001165,"6. Caring, leisure and other service occupations",101,97,4
E01001165,7. Sales and customer service occupations,77,64,13
E01001165,"8. Process, plant and machine operatives",64,49,15
E01001165,9. Elementary occupations,102,88,14
E01001166,"1. Managers, directors and senior officials",88,73,15
E01001166,2. Professional occupations,151,122,29
E01001166,3. Associate professional and technical occupations,108,54,54
E01001166,4. Administrative and secretarial occupations,90,118,-28
E01001166,5. Skilled trades occupations,91,86,5
E01001166,"6. Caring, leisure and other service occupations",111,99,12
E01001166,7. Sales and customer service occupations,67,97,-30
E01001166,"8. Process, plant and machine operatives",55,52,3
E01001166,9. Elementary occupations,97,92,5
E01001167,"1. Managers, directors and senior officials",150,117,33
E01001167,2. Professional occupations,245,196,49
E01001167,3. Associate professional and technical occupations,141,58,83
E01001167,4. Administrative and secretarial occupations,132,154,-22
E01001167,5. Skilled trades occupations,117,109,8
E01001167,"6. Caring, leisure and other service occupations",89,91,-2
E01001167,7. Sales and customer service occupations,99,92,7
E01001167,"8. Process, plant and machine operatives",61,68,-7
E01001167,9. Elementary occupations,113,108,5
E01001168,"1. Managers, directors and senior officials",102,95,7
E01001168,2. Professional occupations,203,167,36
E01001168,3. Associate professional and technical occupations,125,70,55
E01001168,4. Administrative and secretarial occupations,107,151,-44
E01001168,5. Skilled trades occupations,95,73,22
E01001168,"6. Caring, leisure and other service occupations",88,80,8
E01001168,7. Sales and customer service occupations,80,71,9
E01001168,"8. Process, plant and machine operatives",91,49,42
E01001168,9. Elementary occupations,103,79,24
E01001169,"1. Managers, directors and senior officials",68,34,34
E01001169,2. Professional occupations,159,98,61
E01001169,3. Associate professional and technical occupations,84,41,43
E01001169,4. Administrative and secretarial occupations,108,104,4
E01001169,5. Skilled trades occupations,79,71,8
E01001169,"6. Caring, leisure and other service occupations",87,89,-2
E01001169,7. Sales and customer service occupations,80,78,2
E01001169,"8. Process, plant and machine operatives",49,49,0
E01001169,9. Elementary occupations,85,90,-5
E01001170,"1. Managers, directors and senior officials",98,85,13
E01001170,2. Professional occupations,225,230,-5
E01001170,3. Associate professional and technical occupations,135,67,68
E01001170,4. Administrative and secretarial occupations,97,163,-66
E01001170,5. Skilled trades occupations,63,85,-22
E01001170,"6. Caring, leisure and other service occupations",101,76,25
E01001170,7. Sales and customer service occupations,57,85,-28
E01001170,"8. Process, plant and machine operatives",59,58,1
E01001170,9. Elementary occupations,81,96,-15
E01001171,"1. Managers, directors and senior officials",82,79,3
E01001171,2. Professional occupations,188,124,64
E01001171,3. Associate professional and technical occupations,103,44,59
E01001171,4. Administrative and secretarial occupations,78,85,-7
E01001171,5. Skilled trades occupations,42,47,-5
E01001171,"6. Caring, leisure and other service occupations",91,57,34
E01001171,7. Sales and customer service occupations,59,69,-10
E01001171,"8. Process, plant and machine operatives",46,31,15
E01001171,9. Elementary occupations,55,72,-17
E01001172,"1. Managers, directors and senior officials",64,57,7
E01001172,2. Professional occupations,119,72,47
E01001172,3. Associate professional and technical occupations,109,27,82
E01001172,4. Administrative and secretarial occupations,90,74,16
E01001172,5. Skilled trades occupations,95,67,28
E01001172,"6. Caring, leisure and other service occupations",130,71,59
E01001172,7. Sales and customer service occupations,94,87,7
E01001172,"8. Process, plant and machine operatives",70,56,14
E01001172,9. Elementary occupations,112,106,6
E01001173,"1. Managers, directors and senior officials",180,135,45
E01001173,2. Professional occupations,353,281,72
E01001173,3. Associate professional and technical occupations,191,86,105
E01001173,4. Administrative and secretarial occupations,128,193,-65
E01001173,5. Skilled trades occupations,108,100,8
E01001173,"6. Caring, leisure and other service occupations",160,107,53
E01001173,7. Sales and customer service occupations,111,109,2
E01001173,"8. Process, plant and machine operatives",70,72,-2
E01001173,9. Elementary occupations,106,78,28
E01001174,"1. Managers, directors and senior officials",77,64,13
E01001174,2. Professional occupations,127,104,23
E01001174,3. Associate professional and technical occupations,70,38,32
E01001174,4. Administrative and secretarial occupations,89,111,-22
E01001174,5. Skilled trades occupations,60,58,2
E01001174,"6. Caring, leisure and other service occupations",81,65,16
E01001174,7. Sales and customer service occupations,84,114,-30
E01001174,"8. Process, plant and machine operatives",57,42,15
E01001174,9. Elementary occupations,89,66,23
E01001175,"1. Managers, directors and senior officials",65,54,11
E01001175,2. Professional occupations,139,91,48
E01001175,3. Associate professional and technical occupations,95,41,54
E01001175,4. Administrative and secretarial occupations,76,104,-28
E01001175,5. Skilled trades occupations,53,41,12
E01001175,"6. Caring, leisure and other service occupations",76,76,0
E01001175,7. Sales and customer service occupations,50,77,-27
E01001175,"8. Process, plant and machine operatives",56,40,16
E01001175,9. Elementary occupations,101,72,29
E01001176,"1. Managers, directors and senior officials",52,77,-25
E01001176,2. Professional occupations,158,130,28
E01001176,3. Associate professional and technical occupations,82,52,30
E01001176,4. Administrative and secretarial occupations,91,108,-17
E01001176,5. Skilled trades occupations,74,58,16
E01001176,"6. Caring, leisure and other service occupations",80,106,-26
E01001176,7. Sales and customer service occupations,95,97,-2
E01001176,"8. Process, plant and machine operatives",56,41,15
E01001176,9. Elementary occupations,108,100,8
E01001177,"1. Managers, directors and senior officials",54,71,-17
E01001177,2. Professional occupations,124,94,30
E01001177,3. Associate professional and technical occupations,84,27,57
E01001177,4. Administrative and secretarial occupations,79,84,-5
E01001177,5. Skilled trades occupations,61,57,4
E01001177,"6. Caring, leisure and other service occupations",104,77,27
E01001177,7. Sales and customer service occupations,124,107,17
E01001177,"8. Process, plant and machine operatives",67,45,22
E01001177,9. Elementary occupations,89,88,1
E01001178,"1. Managers, directors and senior officials",51,29,22
E01001178,2. Professional occupations,107,76,31
E01001178,3. Associate professional and technical occupations,68,34,34
E01001178,4. Administrative and secretarial occupations,48,60,-12
E01001178,5. Skilled trades occupations,44,48,-4
E01001178,"6. Caring, leisure and other service occupations",84,55,29
E01001178,7. Sales and customer service occupations,52,54,-2
E01001178,"8. Process, plant and machine operatives",74,29,45
E01001178,9. Elementary occupations,110,74,36
E01001179,"1. Managers, directors and senior officials",56,47,9
E01001179,2. Professional occupations,114,110,4
E01001179,3. Associate professional and technical occupations,79,31,48
E01001179,4. Administrative and secretarial occupations,78,118,-40
E01001179,5. Skilled trades occupations,67,53,14
E01001179,"6. Caring, leisure and other service occupations",74,63,11
E01001179,7. Sales and customer service occupations,133,118,15
E01001179,"8. Process, plant and machine operatives",67,48,19
E01001179,9. Elementary occupations,79,66,13
E01001180,"1. Managers, directors and senior officials",77,41,36
E01001180,2. Professional occupations,136,114,22
E01001180,3. Associate professional and technical occupations,63,36,27
E01001180,4. Administrative and secretarial occupations,88,111,-23
E01001180,5. Skilled trades occupations,94,75,19
E01001180,"6. Caring, leisure and other service occupations",122,74,48
E01001180,7. Sales and customer service occupations,107,102,5
E01001180,"8. Process, plant and machine operatives",79,60,19
E01001180,9. Elementary occupations,142,116,26
E01001181,"1. Managers, directors and senior officials",64,59,5
E01001181,2. Professional occupations,140,117,23
E01001181,3. Associate professional and technical occupations,63,41,22
E01001181,4. Administrative and secretarial occupations,75,111,-36
E01001181,5. Skilled trades occupations,79,73,6
E01001181,"6. Caring, leisure and other service occupations",120,96,24
E01001181,7. Sales and customer service occupations,91,124,-33
E01001181,"8. Process, plant and machine operatives",82,44,38
E01001181,9. Elementary occupations,110,106,4
E01001182,"1. Managers, directors and senior officials",56,65,-9
E01001182,2. Professional occupations,108,116,-8
E01001182,3. Associate professional and technical occupations,85,38,47
E01001182,4. Administrative and secretarial occupations,81,79,2
E01001182,5. Skilled trades occupations,52,43,9
E01001182,"6. Caring, leisure and other service occupations",73,66,7
E01001182,7. Sales and customer service occupations,62,68,-6
E01001182,"8. Process, plant and machine operatives",51,39,12
E01001182,9. Elementary occupations,77,48,29
E01001183,"1. Managers, directors and senior officials",63,67,-4
E01001183,2. Professional occupations,138,112,26
E01001183,3. Associate professional and technical occupations,67,27,40
E01001183,4. Administrative and secretarial occupations,80,116,-36
E01001183,5. Skilled trades occupations,62,48,14
E01001183,"6. Caring, leisure and other service occupations",77,71,6
E01001183,7. Sales and customer service occupations,103,87,16
E01001183,"8. Process, plant and machine operatives",59,55,4
E01001183,9. Elementary occupations,140,90,50
E01001184,"1. Managers, directors and senior officials",63,59,4
E01001184,2. Professional occupations,125,94,31
E01001184,3. Associate professional and technical occupations,72,38,34
E01001184,4. Administrative and secretarial occupations,92,91,1
E01001184,5. Skilled trades occupations,45,48,-3
E01001184,"6. Caring, leisure and other service occupations",47,60,-13
E01001184,7. Sales and customer service occupations,74,84,-10
E01001184,"8. Process, plant and machine operatives",58,47,11
E01001184,9. Elementary occupations,78,59,19
E01001185,"1. Managers, directors and senior officials",110,75,35
E01001185,2. Professional occupations,229,155,74
E01001185,3. Associate professional and technical occupations,149,45,104
E01001185,4. Administrative and secretarial occupations,96,148,-52
E01001185,5. Skilled trades occupations,74,79,-5
E01001185,"6. Caring, leisure and other service occupations",68,71,-3
E01001185,7. Sales and customer service occupations,50,79,-29
E01001185,"8. Process, plant and machine operatives",45,52,-7
E01001185,9. Elementary occupations,88,68,20
E01001186,"1. Managers, directors and senior officials",57,78,-21
E01001186,2. Professional occupations,162,131,31
E01001186,3. Associate professional and technical occupations,132,56,76
E01001186,4. Administrative and secretarial occupations,81,129,-48
E01001186,5. Skilled trades occupations,75,72,3
E01001186,"6. Caring, leisure and other service occupations",102,85,17
E01001186,7. Sales and customer service occupations,53,79,-26
E01001186,"8. Process, plant and machine operatives",55,38,17
E01001186,9. Elementary occupations,103,59,44
E01001187,"1. Managers, directors and senior officials",101,88,13
E01001187,2. Professional occupations,174,158,16
E01001187,3. Associate professional and technical occupations,139,51,88
E01001187,4. Administrative and secretarial occupations,102,160,-58
E01001187,5. Skilled trades occupations,99,93,6
E01001187,"6. Caring, leisure and other service occupations",123,99,24
E01001187,7. Sales and customer service occupations,72,80,-8
E01001187,"8. Process, plant and machine operatives",54,53,1
E01001187,9. Elementary occupations,121,104,17
E01001188,"1. Managers, directors and senior officials",107,83,24
E01001188,2. Professional occupations,213,135,78
E01001188,3. Associate professional and technical occupations,116,49,67
E01001188,4. Administrative and secretarial occupations,93,136,-43
E01001188,5. Skilled trades occupations,70,86,-16
E01001188,"6. Caring, leisure and other service occupations",112,95,17
E01001188,7. Sales and customer service occupations,79,80,-1
E01001188,"8. Process, plant and machine operatives",69,42,27
E01001188,9. Elementary occupations,72,80,-8
E01001189,"1. Managers, directors and senior officials",75,52,23
E01001189,2. Professional occupations,159,99,60
E01001189,3. Associate professional and technical occupations,103,44,59
E01001189,4. Administrative and secretarial occupations,80,109,-29
E01001189,5. Skilled trades occupations,39,45,-6
E01001189,"6. Caring, leisure and other service occupations",60,56,4
E01001189,7. Sales and customer service occupations,37,67,-30
E01001189,"8. Process, plant and machine operatives",32,30,2
E01001189,9. Elementary occupations,53,58,-5
E01001190,"1. Managers, directors and senior officials",111,71,40
E01001190,2. Professional occupations,190,169,21
E01001190,3. Associate professional and technical occupations,142,71,71
E01001190,4. Administrative and secretarial occupations,91,166,-75
E01001190,5. Skilled trades occupations,60,93,-33
E01001190,"6. Caring, leisure and other service occupations",79,114,-35
E01001190,7. Sales and customer service occupations,46,88,-42
E01001190,"8. Process, plant and machine operatives",46,51,-5
E01001190,9. Elementary occupations,53,101,-48
E01001191,"1. Managers, directors and senior officials",117,75,42
E01001191,2. Professional occupations,192,132,60
E01001191,3. Associate professional and technical occupations,145,59,86
E01001191,4. Administrative and secretarial occupations,94,151,-57
E01001191,5. Skilled trades occupations,95,64,31
E01001191,"6. Caring, leisure and other service occupations",108,91,17
E01001191,7. Sales and customer service occupations,67,83,-16
E01001191,"8. Process, plant and machine operatives",58,71,-13
E01001191,9. Elementary occupations,110,88,22
E01001192,"1. Managers, directors and senior officials",98,37,61
E01001192,2. Professional occupations,173,79,94
E01001192,3. Associate professional and technical occupations,140,47,93
E01001192,4. Administrative and secretarial occupations,64,72,-8
E01001192,5. Skilled trades occupations,64,52,12
E01001192,"6. Caring, leisure and other service occupations",106,75,31
E01001192,7. Sales and customer service occupations,64,50,14
E01001192,"8. Process, plant and machine operatives",48,18,30
E01001192,9. Elementary occupations,77,43,34
E01001193,"1. Managers, directors and senior officials",60,38,22
E01001193,2. Professional occupations,148,97,51
E01001193,3. Associate professional and technical occupations,103,44,59
E01001193,4. Administrative and secretarial occupations,87,133,-46
E01001193,5. Skilled trades occupations,71,65,6
E01001193,"6. Caring, leisure and other service occupations",122,85,37
E01001193,7. Sales and customer service occupations,71,95,-24
E01001193,"8. Process, plant and machine operatives",50,38,12
E01001193,9. Elementary occupations,90,74,16
E01001194,"1. Managers, directors and senior officials",122,81,41
E01001194,2. Professional occupations,219,138,81
E01001194,3. Associate professional and technical occupations,157,66,91
E01001194,4. Administrative and secretarial occupations,86,120,-34
E01001194,5. Skilled trades occupations,63,82,-19
E01001194,"6. Caring, leisure and other service occupations",75,86,-11
E01001194,7. Sales and customer service occupations,50,60,-10
E01001194,"8. Process, plant and machine operatives",41,37,4
E01001194,9. Elementary occupations,72,61,11
E01001195,"1. Managers, directors and senior officials",133,96,37
E01001195,2. Professional occupations,208,162,46
E01001195,3. Associate professional and technical occupations,113,42,71
E01001195,4. Administrative and secretarial occupations,70,90,-20
E01001195,5. Skilled trades occupations,90,84,6
E01001195,"6. Caring, leisure and other service occupations",51,47,4
E01001195,7. Sales and customer service occupations,57,51,6
E01001195,"8. Process, plant and machine operatives",41,49,-8
E01001195,9. Elementary occupations,57,83,-26
E01001196,"1. Managers, directors and senior officials",87,66,21
E01001196,2. Professional occupations,121,116,5
E01001196,3. Associate professional and technical occupations,82,30,52
E01001196,4. Administrative and secretarial occupations,69,84,-15
E01001196,5. Skilled trades occupations,87,86,1
E01001196,"6. Caring, leisure and other service occupations",69,83,-14
E01001196,7. Sales and customer service occupations,57,72,-15
E01001196,"8. Process, plant and machine operatives",36,46,-10
E01001196,9. Elementary occupations,88,85,3
E01001197,"1. Managers, directors and senior officials",199,96,103
E01001197,2. Professional occupations,174,185,-11
E01001197,3. Associate professional and technical occupations,121,39,82
E01001197,4. Administrative and secretarial occupations,82,85,-3
E01001197,5. Skilled trades occupations,63,70,-7
E01001197,"6. Caring, leisure and other service occupations",66,55,11
E01001197,7. Sales and customer service occupations,39,45,-6
E01001197,"8. Process, plant and machine operatives",30,26,4
E01001197,9. Elementary occupations,73,77,-4
E01001198,"1. Managers, directors and senior officials",159,95,64
E01001198,2. Professional occupations,200,164,36
E01001198,3. Associate professional and technical occupations,144,43,101
E01001198,4. Administrative and secretarial occupations,72,88,-16
E01001198,5. Skilled trades occupations,80,74,6
E01001198,"6. Caring, leisure and other service occupations",78,48,30
E01001198,7. Sales and customer service occupations,39,51,-12
E01001198,"8. Process, plant and machine operatives",24,42,-18
E01001198,9. Elementary occupations,59,74,-15
E01001199,"1. Managers, directors and senior officials",110,110,0
E01001199,2. Professional occupations,212,194,18
E01001199,3. Associate professional and technical occupations,166,55,111
E01001199,4. Administrative and secretarial occupations,66,94,-28
E01001199,5. Skilled trades occupations,71,72,-1
E01001199,"6. Caring, leisure and other service occupations",56,74,-18
E01001199,7. Sales and customer service occupations,57,70,-13
E01001199,"8. Process, plant and machine operatives",44,37,7
E01001199,9. Elementary occupations,88,69,19
E01001200,"1. Managers, directors and senior officials",149,111,38
E01001200,2. Professional occupations,235,203,32
E01001200,3. Associate professional and technical occupations,196,60,136
E01001200,4. Administrative and secretarial occupations,67,83,-16
E01001200,5. Skilled trades occupations,63,77,-14
E01001200,"6. Caring, leisure and other service occupations",55,57,-2
E01001200,7. Sales and customer service occupations,33,41,-8
E01001200,"8. Process, plant and machine operatives",36,34,2
E01001200,9. Elementary occupations,60,70,-10
E01001201,"1. Managers, directors and senior officials",145,114,31
E01001201,2. Professional occupations,268,204,64
E01001201,3. Associate professional and technical occupations,178,56,122
E01001201,4. Administrative and secretarial occupations,72,98,-26
E01001201,5. Skilled trades occupations,53,62,-9
E01001201,"6. Caring, leisure and other service occupations",66,54,12
E01001201,7. Sales and customer service occupations,43,41,2
E01001201,"8. Process, plant and machine operatives",27,26,1
E01001201,9. Elementary occupations,44,77,-33
E01001202,"1. Managers, directors and senior officials",157,103,54
E01001202,2. Professional occupations,303,217,86
E01001202,3. Associate professional and technical occupations,180,55,125
E01001202,4. Administrative and secretarial occupations,91,81,10
E01001202,5. Skilled trades occupations,89,104,-15
E01001202,"6. Caring, leisure and other service occupations",119,69,50
E01001202,7. Sales and customer service occupations,76,86,-10
E01001202,"8. Process, plant and machine operatives",65,54,11
E01001202,9. Elementary occupations,128,114,14
E01001203,"1. Managers, directors and senior officials",124,86,38
E01001203,2. Professional occupations,184,225,-41
E01001203,3. Associate professional and technical occupations,156,43,113
E01001203,4. Administrative and secretarial occupations,59,97,-38
E01001203,5. Skilled trades occupations,81,117,-36
E01001203,"6. Caring, leisure and other service occupations",65,57,8
E01001203,7. Sales and customer service occupations,60,62,-2
E01001203,"8. Process, plant and machine operatives",46,29,17
E01001203,9. Elementary occupations,87,117,-30
E01001204,"1. Managers, directors and senior officials",151,116,35
E01001204,2. Professional occupations,224,217,7
E01001204,3. Associate professional and technical occupations,143,47,96
E01001204,4. Administrative and secretarial occupations,63,82,-19
E01001204,5. Skilled trades occupations,41,61,-20
E01001204,"6. Caring, leisure and other service occupations",45,56,-11
E01001204,7. Sales and customer service occupations,37,45,-8
E01001204,"8. Process, plant and machine operatives",31,32,-1
E01001204,9. Elementary occupations,34,44,-10
E01001205,"1. Managers, directors and senior officials",90,65,25
E01001205,2. Professional occupations,180,160,20
E01001205,3. Associate professional and technical occupations,136,53,83
E01001205,4. Administrative and secretarial occupations,68,76,-8
E01001205,5. Skilled trades occupations,50,65,-15
E01001205,"6. Caring, leisure and other service occupations",67,53,14
E01001205,7. Sales and customer service occupations,48,77,-29
E01001205,"8. Process, plant and machine operatives",55,27,28
E01001205,9. Elementary occupations,62,57,5
E01001206,"1. Managers, directors and senior officials",65,64,1
E01001206,2. Professional occupations,100,92,8
E01001206,3. Associate professional and technical occupations,59,27,32
E01001206,4. Administrative and secretarial occupations,45,57,-12
E01001206,5. Skilled trades occupations,42,71,-29
E01001206,"6. Caring, leisure and other service occupations",88,60,28
E01001206,7. Sales and customer service occupations,67,62,5
E01001206,"8. Process, plant and machine operatives",52,28,24
E01001206,9. Elementary occupations,59,63,-4
E01001207,"1. Managers, directors and senior officials",173,139,34
E01001207,2. Professional occupations,342,255,87
E01001207,3. Associate professional and technical occupations,181,60,121
E01001207,4. Administrative and secretarial occupations,63,89,-26
E01001207,5. Skilled trades occupations,61,80,-19
E01001207,"6. Caring, leisure and other service occupations",47,57,-10
E01001207,7. Sales and customer service occupations,43,43,0
E01001207,"8. Process, plant and machine operatives",40,32,8
E01001207,9. Elementary occupations,89,72,17
E01001208,"1. Managers, directors and senior officials",137,106,31
E01001208,2. Professional occupations,207,200,7
E01001208,3. Associate professional and technical occupations,114,47,67
E01001208,4. Administrative and secretarial occupations,59,61,-2
E01001208,5. Skilled trades occupations,36,29,7
E01001208,"6. Caring, leisure and other service occupations",33,38,-5
E01001208,7. Sales and customer service occupations,26,25,1
E01001208,"8. Process, plant and machine operatives",1,11,-10
E01001208,9. Elementary occupations,20,26,-6
E01001209,"1. Managers, directors and senior officials",184,148,36
E01001209,2. Professional occupations,290,272,18
E01001209,3. Associate professional and technical occupations,155,51,104
E01001209,4. Administrative and secretarial occupations,58,79,-21
E01001209,5. Skilled trades occupations,51,52,-1
E01001209,"6. Caring, leisure and other service occupations",35,50,-15
E01001209,7. Sales and customer service occupations,27,29,-2
E01001209,"8. Process, plant and machine operatives",24,18,6
E01001209,9. Elementary occupations,37,46,-9
E01001210,"1. Managers, directors and senior officials",58,60,-2
E01001210,2. Professional occupations,123,91,32
E01001210,3. Associate professional and technical occupations,89,26,63
E01001210,4. Administrative and secretarial occupations,56,77,-21
E01001210,5. Skilled trades occupations,43,53,-10
E01001210,"6. Caring, leisure and other service occupations",90,54,36
E01001210,7. Sales and customer service occupations,56,71,-15
E01001210,"8. Process, plant and machine operatives",50,43,7
E01001210,9. Elementary occupations,88,71,17
E01001211,"1. Managers, directors and senior officials",170,148,22
E01001211,2. Professional occupations,275,280,-5
E01001211,3. Associate professional and technical occupations,137,50,87
E01001211,4. Administrative and secretarial occupations,70,79,-9
E01001211,5. Skilled trades occupations,42,42,0
E01001211,"6. Caring, leisure and other service occupations",57,48,9
E01001211,7. Sales and customer service occupations,41,33,8
E01001211,"8. Process, plant and machine operatives",29,13,16
E01001211,9. Elementary occupations,58,44,14
E01001212,"1. Managers, directors and senior officials",153,134,19
E01001212,2. Professional occupations,268,228,40
E01001212,3. Associate professional and technical occupations,126,51,75
E01001212,4. Administrative and secretarial occupations,91,85,6
E01001212,5. Skilled trades occupations,55,37,18
E01001212,"6. Caring, leisure and other service occupations",33,49,-16
E01001212,7. Sales and customer service occupations,38,37,1
E01001212,"8. Process, plant and machine operatives",32,23,9
E01001212,9. Elementary occupations,34,29,5
E01001213,"1. Managers, directors and senior officials",58,47,11
E01001213,2. Professional occupations,110,96,14
E01001213,3. Associate professional and technical occupations,66,32,34
E01001213,4. Administrative and secretarial occupations,77,87,-10
E01001213,5. Skilled trades occupations,57,64,-7
E01001213,"6. Caring, leisure and other service occupations",64,55,9
E01001213,7. Sales and customer service occupations,121,110,11
E01001213,"8. Process, plant and machine operatives",106,83,23
E01001213,9. Elementary occupations,156,160,-4
E01001214,"1. Managers, directors and senior officials",50,58,-8
E01001214,2. Professional occupations,104,106,-2
E01001214,3. Associate professional and technical occupations,73,37,36
E01001214,4. Administrative and secretarial occupations,58,108,-50
E01001214,5. Skilled trades occupations,54,67,-13
E01001214,"6. Caring, leisure and other service occupations",44,51,-7
E01001214,7. Sales and customer service occupations,85,96,-11
E01001214,"8. Process, plant and machine operatives",96,89,7
E01001214,9. Elementary occupations,120,149,-29
E01001215,"1. Managers, directors and senior officials",72,47,25
E01001215,2. Professional occupations,96,82,14
E01001215,3. Associate professional and technical occupations,57,24,33
E01001215,4. Administrative and secretarial occupations,63,72,-9
E01001215,5. Skilled trades occupations,57,49,8
E01001215,"6. Caring, leisure and other service occupations",60,56,4
E01001215,7. Sales and customer service occupations,101,108,-7
E01001215,"8. Process, plant and machine operatives",83,76,7
E01001215,9. Elementary occupations,185,149,36
E01001216,"1. Managers, directors and senior officials",59,67,-8
E01001216,2. Professional occupations,93,123,-30
E01001216,3. Associate professional and technical occupations,43,33,10
E01001216,4. Administrative and secretarial occupations,55,74,-19
E01001216,5. Skilled trades occupations,67,52,15
E01001216,"6. Caring, leisure and other service occupations",47,52,-5
E01001216,7. Sales and customer service occupations,71,68,3
E01001216,"8. Process, plant and machine operatives",69,58,11
E01001216,9. Elementary occupations,138,124,14
E01001217,"1. Managers, directors and senior officials",85,61,24
E01001217,2. Professional occupations,119,95,24
E01001217,3. Associate professional and technical occupations,67,45,22
E01001217,4. Administrative and secretarial occupations,79,99,-20
E01001217,5. Skilled trades occupations,78,104,-26
E01001217,"6. Caring, leisure and other service occupations",47,38,9
E01001217,7. Sales and customer service occupations,71,79,-8
E01001217,"8. Process, plant and machine operatives",48,75,-27
E01001217,9. Elementary occupations,69,103,-34
E01001218,"1. Managers, directors and senior officials",77,66,11
E01001218,2. Professional occupations,102,93,9
E01001218,3. Associate professional and technical occupations,81,35,46
E01001218,4. Administrative and secretarial occupations,67,89,-22
E01001218,5. Skilled trades occupations,111,76,35
E01001218,"6. Caring, leisure and other service occupations",84,81,3
E01001218,7. Sales and customer service occupations,92,82,10
E01001218,"8. Process, plant and machine operatives",94,79,15
E01001218,9. Elementary occupations,120,134,-14
E01001219,"1. Managers, directors and senior officials",50,31,19
E01001219,2. Professional occupations,102,85,17
E01001219,3. Associate professional and technical occupations,73,23,50
E01001219,4. Administrative and secretarial occupations,76,64,12
E01001219,5. Skilled trades occupations,48,69,-21
E01001219,"6. Caring, leisure and other service occupations",109,64,45
E01001219,7. Sales and customer service occupations,107,95,12
E01001219,"8. Process, plant and machine operatives",87,79,8
E01001219,9. Elementary occupations,142,147,-5
E01001220,"1. Managers, directors and senior officials",36,39,-3
E01001220,2. Professional occupations,64,52,12
E01001220,3. Associate professional and technical occupations,51,21,30
E01001220,4. Administrative and secretarial occupations,46,53,-7
E01001220,5. Skilled trades occupations,46,35,11
E01001220,"6. Caring, leisure and other service occupations",81,36,45
E01001220,7. Sales and customer service occupations,78,67,11
E01001220,"8. Process, plant and machine operatives",67,54,13
E01001220,9. Elementary occupations,101,104,-3
E01001223,"1. Managers, directors and senior officials",154,131,23
E01001223,2. Professional occupations,281,286,-5
E01001223,3. Associate professional and technical occupations,116,31,85
E01001223,4. Administrative and secretarial occupations,48,72,-24
E01001223,5. Skilled trades occupations,44,48,-4
E01001223,"6. Caring, leisure and other service occupations",35,31,4
E01001223,7. Sales and customer service occupations,21,25,-4
E01001223,"8. Process, plant and machine operatives",16,10,6
E01001223,9. Elementary occupations,35,36,-1
E01001224,"1. Managers, directors and senior officials",192,141,51
E01001224,2. Professional occupations,255,264,-9
E01001224,3. Associate professional and technical occupations,160,40,120
E01001224,4. Administrative and secretarial occupations,60,91,-31
E01001224,5. Skilled trades occupations,31,36,-5
E01001224,"6. Caring, leisure and other service occupations",39,53,-14
E01001224,7. Sales and customer service occupations,35,35,0
E01001224,"8. Process, plant and machine operatives",11,16,-5
E01001224,9. Elementary occupations,33,23,10
E01001225,"1. Managers, directors and senior officials",173,137,36
E01001225,2. Professional occupations,343,357,-14
E01001225,3. Associate professional and technical occupations,167,59,108
E01001225,4. Administrative and secretarial occupations,66,77,-11
E01001225,5. Skilled trades occupations,42,40,2
E01001225,"6. Caring, leisure and other service occupations",59,63,-4
E01001225,7. Sales and customer service occupations,54,24,30
E01001225,"8. Process, plant and machine operatives",10,14,-4
E01001225,9. Elementary occupations,40,47,-7
E01001226,"1. Managers, directors and senior officials",136,108,28
E01001226,2. Professional occupations,319,297,22
E01001226,3. Associate professional and technical occupations,164,48,116
E01001226,4. Administrative and secretarial occupations,53,71,-18
E01001226,5. Skilled trades occupations,25,45,-20
E01001226,"6. Caring, leisure and other service occupations",35,46,-11
E01001226,7. Sales and customer service occupations,35,36,-1
E01001226,"8. Process, plant and machine operatives",25,23,2
E01001226,9. Elementary occupations,47,42,5
E01001227,"1. Managers, directors and senior officials",183,156,27
E01001227,2. Professional occupations,272,250,22
E01001227,3. Associate professional and technical occupations,143,43,100
E01001227,4. Administrative and secretarial occupations,56,75,-19
E01001227,5. Skilled trades occupations,52,33,19
E01001227,"6. Caring, leisure and other service occupations",34,37,-3
E01001227,7. Sales and customer service occupations,32,33,-1
E01001227,"8. Process, plant and machine operatives",21,16,5
E01001227,9. Elementary occupations,34,29,5
E01001228,"1. Managers, directors and senior officials",178,127,51
E01001228,2. Professional occupations,358,318,40
E01001228,3. Associate professional and technical occupations,202,50,152
E01001228,4. Administrative and secretarial occupations,67,94,-27
E01001228,5. Skilled trades occupations,70,65,5
E01001228,"6. Caring, leisure and other service occupations",82,63,19
E01001228,7. Sales and customer service occupations,41,45,-4
E01001228,"8. Process, plant and machine operatives",59,25,34
E01001228,9. Elementary occupations,72,65,7
E01001229,"1. Managers, directors and senior officials",94,71,23
E01001229,2. Professional occupations,159,132,27
E01001229,3. Associate professional and technical occupations,102,30,72
E01001229,4. Administrative and secretarial occupations,71,93,-22
E01001229,5. Skilled trades occupations,80,87,-7
E01001229,"6. Caring, leisure and other service occupations",69,66,3
E01001229,7. Sales and customer service occupations,51,57,-6
E01001229,"8. Process, plant and machine operatives",42,28,14
E01001229,9. Elementary occupations,62,83,-21
E01001230,"1. Managers, directors and senior officials",169,140,29
E01001230,2. Professional occupations,255,282,-27
E01001230,3. Associate professional and technical occupations,127,41,86
E01001230,4. Administrative and secretarial occupations,48,66,-18
E01001230,5. Skilled trades occupations,49,49,0
E01001230,"6. Caring, leisure and other service occupations",34,43,-9
E01001230,7. Sales and customer service occupations,30,41,-11
E01001230,"8. Process, plant and machine operatives",9,13,-4
E01001230,9. Elementary occupations,45,38,7
E01001231,"1. Managers, directors and senior officials",194,161,33
E01001231,2. Professional occupations,323,284,39
E01001231,3. Associate professional and technical occupations,189,48,141
E01001231,4. Administrative and secretarial occupations,78,107,-29
E01001231,5. Skilled trades occupations,62,78,-16
E01001231,"6. Caring, leisure and other service occupations",61,53,8
E01001231,7. Sales and customer service occupations,63,46,17
E01001231,"8. Process, plant and machine operatives",29,22,7
E01001231,9. Elementary occupations,89,45,44
E01001232,"1. Managers, directors and senior officials",112,81,31
E01001232,2. Professional occupations,200,195,5
E01001232,3. Associate professional and technical occupations,105,45,60
E01001232,4. Administrative and secretarial occupations,60,94,-34
E01001232,5. Skilled trades occupations,55,66,-11
E01001232,"6. Caring, leisure and other service occupations",45,62,-17
E01001232,7. Sales and customer service occupations,36,46,-10
E01001232,"8. Process, plant and machine operatives",45,19,26
E01001232,9. Elementary occupations,47,67,-20
E01001233,"1. Managers, directors and senior officials",151,100,51
E01001233,2. Professional occupations,228,203,25
E01001233,3. Associate professional and technical occupations,116,51,65
E01001233,4. Administrative and secretarial occupations,57,76,-19
E01001233,5. Skilled trades occupations,41,60,-19
E01001233,"6. Caring, leisure and other service occupations",49,51,-2
E01001233,7. Sales and customer service occupations,36,49,-13
E01001233,"8. Process, plant and machine operatives",31,28,3
E01001233,9. Elementary occupations,62,54,8
E01001234,"1. Managers, directors and senior officials",142,92,50
E01001234,2. Professional occupations,250,258,-8
E01001234,3. Associate professional and technical occupations,164,53,111
E01001234,4. Administrative and secretarial occupations,56,83,-27
E01001234,5. Skilled trades occupations,55,61,-6
E01001234,"6. Caring, leisure and other service occupations",42,36,6
E01001234,7. Sales and customer service occupations,38,43,-5
E01001234,"8. Process, plant and machine operatives",22,21,1
E01001234,9. Elementary occupations,48,50,-2
E01001235,"1. Managers, directors and senior officials",193,158,35
E01001235,2. Professional occupations,351,334,17
E01001235,3. Associate professional and technical occupations,212,54,158
E01001235,4. Administrative and secretarial occupations,75,91,-16
E01001235,5. Skilled trades occupations,63,42,21
E01001235,"6. Caring, leisure and other service occupations",60,50,10
E01001235,7. Sales and customer service occupations,41,60,-19
E01001235,"8. Process, plant and machine operatives",31,22,9
E01001235,9. Elementary occupations,60,34,26
E01001236,"1. Managers, directors and senior officials",155,100,55
E01001236,2. Professional occupations,282,335,-53
E01001236,3. Associate professional and technical occupations,183,54,129
E01001236,4. Administrative and secretarial occupations,47,104,-57
E01001236,5. Skilled trades occupations,22,36,-14
E01001236,"6. Caring, leisure and other service occupations",38,31,7
E01001236,7. Sales and customer service occupations,36,40,-4
E01001236,"8. Process, plant and machine operatives",14,16,-2
E01001236,9. Elementary occupations,40,43,-3
E01001237,"1. Managers, directors and senior officials",188,139,49
E01001237,2. Professional occupations,293,325,-32
E01001237,3. Associate professional and technical occupations,179,56,123
E01001237,4. Administrative and secretarial occupations,60,86,-26
E01001237,5. Skilled trades occupations,55,60,-5
E01001237,"6. Caring, leisure and other service occupations",29,46,-17
E01001237,7. Sales and customer service occupations,36,29,7
E01001237,"8. Process, plant and machine operatives",22,19,3
E01001237,9. Elementary occupations,42,29,13
E01001239,"1. Managers, directors and senior officials",68,65,3
E01001239,2. Professional occupations,144,110,34
E01001239,3. Associate professional and technical occupations,106,51,55
E01001239,4. Administrative and secretarial occupations,52,91,-39
E01001239,5. Skilled trades occupations,66,95,-29
E01001239,"6. Caring, leisure and other service occupations",80,53,27
E01001239,7. Sales and customer service occupations,53,66,-13
E01001239,"8. Process, plant and machine operatives",70,47,23
E01001239,9. Elementary occupations,81,94,-13
E01001240,"1. Managers, directors and senior officials",89,77,12
E01001240,2. Professional occupations,180,118,62
E01001240,3. Associate professional and technical occupations,122,40,82
E01001240,4. Administrative and secretarial occupations,86,105,-19
E01001240,5. Skilled trades occupations,118,77,41
E01001240,"6. Caring, leisure and other service occupations",78,66,12
E01001240,7. Sales and customer service occupations,81,63,18
E01001240,"8. Process, plant and machine operatives",76,39,37
E01001240,9. Elementary occupations,128,110,18
E01001241,"1. Managers, directors and senior officials",119,77,42
E01001241,2. Professional occupations,230,122,108
E01001241,3. Associate professional and technical occupations,141,31,110
E01001241,4. Administrative and secretarial occupations,82,79,3
E01001241,5. Skilled trades occupations,109,82,27
E01001241,"6. Caring, leisure and other service occupations",70,52,18
E01001241,7. Sales and customer service occupations,83,61,22
E01001241,"8. Process, plant and machine operatives",75,45,30
E01001241,9. Elementary occupations,96,126,-30
E01001242,"1. Managers, directors and senior officials",136,86,50
E01001242,2. Professional occupations,178,114,64
E01001242,3. Associate professional and technical occupations,110,30,80
E01001242,4. Administrative and secretarial occupations,57,64,-7
E01001242,5. Skilled trades occupations,82,48,34
E01001242,"6. Caring, leisure and other service occupations",57,48,9
E01001242,7. Sales and customer service occupations,42,41,1
E01001242,"8. Process, plant and machine operatives",50,31,19
E01001242,9. Elementary occupations,80,56,24
E01001243,"1. Managers, directors and senior officials",174,76,98
E01001243,2. Professional occupations,315,158,157
E01001243,3. Associate professional and technical occupations,168,76,92
E01001243,4. Administrative and secretarial occupations,90,89,1
E01001243,5. Skilled trades occupations,106,64,42
E01001243,"6. Caring, leisure and other service occupations",90,71,19
E01001243,7. Sales and customer service occupations,79,48,31
E01001243,"8. Process, plant and machine operatives",67,35,32
E01001243,9. Elementary occupations,118,76,42
E01001244,"1. Managers, directors and senior officials",198,110,88
E01001244,2. Professional occupations,339,273,66
E01001244,3. Associate professional and technical occupations,173,65,108
E01001244,4. Administrative and secretarial occupations,92,122,-30
E01001244,5. Skilled trades occupations,76,77,-1
E01001244,"6. Caring, leisure and other service occupations",111,86,25
E01001244,7. Sales and customer service occupations,98,75,23
E01001244,"8. Process, plant and machine operatives",76,38,38
E01001244,9. Elementary occupations,140,122,18
E01001245,"1. Managers, directors and senior officials",226,153,73
E01001245,2. Professional occupations,366,306,60
E01001245,3. Associate professional and technical occupations,226,92,134
E01001245,4. Administrative and secretarial occupations,93,112,-19
E01001245,5. Skilled trades occupations,83,96,-13
E01001245,"6. Caring, leisure and other service occupations",74,86,-12
E01001245,7. Sales and customer service occupations,70,81,-11
E01001245,"8. Process, plant and machine operatives",27,30,-3
E01001245,9. Elementary occupations,77,87,-10
E01001246,"1. Managers, directors and senior officials",129,63,66
E01001246,2. Professional occupations,194,98,96
E01001246,3. Associate professional and technical occupations,132,49,83
E01001246,4. Administrative and secretarial occupations,62,59,3
E01001246,5. Skilled trades occupations,96,80,16
E01001246,"6. Caring, leisure and other service occupations",87,53,34
E01001246,7. Sales and customer service occupations,62,59,3
E01001246,"8. Process, plant and machine operatives",80,58,22
E01001246,9. Elementary occupations,163,97,66
E01001247,"1. Managers, directors and senior officials",123,98,25
E01001247,2. Professional occupations,213,221,-8
E01001247,3. Associate professional and technical occupations,148,69,79
E01001247,4. Administrative and secretarial occupations,81,150,-69
E01001247,5. Skilled trades occupations,120,145,-25
E01001247,"6. Caring, leisure and other service occupations",78,60,18
E01001247,7. Sales and customer service occupations,76,72,4
E01001247,"8. Process, plant and machine operatives",66,52,14
E01001247,9. Elementary occupations,118,148,-30
E01001248,"1. Managers, directors and senior officials",117,87,30
E01001248,2. Professional occupations,198,173,25
E01001248,3. Associate professional and technical occupations,98,50,48
E01001248,4. Administrative and secretarial occupations,80,92,-12
E01001248,5. Skilled trades occupations,67,84,-17
E01001248,"6. Caring, leisure and other service occupations",52,79,-27
E01001248,7. Sales and customer service occupations,39,57,-18
E01001248,"8. Process, plant and machine operatives",43,29,14
E01001248,9. Elementary occupations,65,77,-12
E01001249,"1. Managers, directors and senior officials",146,130,16
E01001249,2. Professional occupations,308,239,69
E01001249,3. Associate professional and technical occupations,200,52,148
E01001249,4. Administrative and secretarial occupations,85,92,-7
E01001249,5. Skilled trades occupations,108,111,-3
E01001249,"6. Caring, leisure and other service occupations",88,107,-19
E01001249,7. Sales and customer service occupations,59,95,-36
E01001249,"8. Process, plant and machine operatives",54,45,9
E01001249,9. Elementary occupations,125,125,0
E01001250,"1. Managers, directors and senior officials",106,87,19
E01001250,2. Professional occupations,254,256,-2
E01001250,3. Associate professional and technical occupations,173,55,118
E01001250,4. Administrative and secretarial occupations,96,129,-33
E01001250,5. Skilled trades occupations,76,98,-22
E01001250,"6. Caring, leisure and other service occupations",110,91,19
E01001250,7. Sales and customer service occupations,65,63,2
E01001250,"8. Process, plant and machine operatives",49,40,9
E01001250,9. Elementary occupations,100,122,-22
E01001251,"1. Managers, directors and senior officials",132,103,29
E01001251,2. Professional occupations,321,248,73
E01001251,3. Associate professional and technical occupations,154,59,95
E01001251,4. Administrative and secretarial occupations,64,108,-44
E01001251,5. Skilled trades occupations,69,83,-14
E01001251,"6. Caring, leisure and other service occupations",58,69,-11
E01001251,7. Sales and customer service occupations,46,52,-6
E01001251,"8. Process, plant and machine operatives",26,36,-10
E01001251,9. Elementary occupations,73,72,1
E01001252,"1. Managers, directors and senior officials",143,93,50
E01001252,2. Professional occupations,262,223,39
E01001252,3. Associate professional and technical occupations,178,61,117
E01001252,4. Administrative and secretarial occupations,92,100,-8
E01001252,5. Skilled trades occupations,181,122,59
E01001252,"6. Caring, leisure and other service occupations",105,93,12
E01001252,7. Sales and customer service occupations,80,68,12
E01001252,"8. Process, plant and machine operatives",81,39,42
E01001252,9. Elementary occupations,126,145,-19
E01001253,"1. Managers, directors and senior officials",177,109,68
E01001253,2. Professional occupations,285,191,94
E01001253,3. Associate professional and technical occupations,180,54,126
E01001253,4. Administrative and secretarial occupations,98,92,6
E01001253,5. Skilled trades occupations,126,102,24
E01001253,"6. Caring, leisure and other service occupations",78,74,4
E01001253,7. Sales and customer service occupations,45,52,-7
E01001253,"8. Process, plant and machine operatives",40,30,10
E01001253,9. Elementary occupations,66,74,-8
E01001254,"1. Managers, directors and senior officials",133,120,13
E01001254,2. Professional occupations,237,247,-10
E01001254,3. Associate professional and technical occupations,178,55,123
E01001254,4. Administrative and secretarial occupations,82,91,-9
E01001254,5. Skilled trades occupations,81,77,4
E01001254,"6. Caring, leisure and other service occupations",81,71,10
E01001254,7. Sales and customer service occupations,30,38,-8
E01001254,"8. Process, plant and machine operatives",33,47,-14
E01001254,9. Elementary occupations,46,49,-3
E01001255,"1. Managers, directors and senior officials",137,103,34
E01001255,2. Professional occupations,265,238,27
E01001255,3. Associate professional and technical occupations,148,49,99
E01001255,4. Administrative and secretarial occupations,66,97,-31
E01001255,5. Skilled trades occupations,52,62,-10
E01001255,"6. Caring, leisure and other service occupations",45,47,-2
E01001255,7. Sales and customer service occupations,31,35,-4
E01001255,"8. Process, plant and machine operatives",22,30,-8
E01001255,9. Elementary occupations,38,57,-19
E01001257,"1. Managers, directors and senior officials",68,61,7
E01001257,2. Professional occupations,173,78,95
E01001257,3. Associate professional and technical occupations,104,24,80
E01001257,4. Administrative and secretarial occupations,91,84,7
E01001257,5. Skilled trades occupations,100,82,18
E01001257,"6. Caring, leisure and other service occupations",116,111,5
E01001257,7. Sales and customer service occupations,104,79,25
E01001257,"8. Process, plant and machine operatives",97,89,8
E01001257,9. Elementary occupations,118,121,-3
E01001258,"1. Managers, directors and senior officials",70,66,4
E01001258,2. Professional occupations,146,115,31
E01001258,3. Associate professional and technical occupations,108,47,61
E01001258,4. Administrative and secretarial occupations,89,93,-4
E01001258,5. Skilled trades occupations,95,108,-13
E01001258,"6. Caring, leisure and other service occupations",71,70,1
E01001258,7. Sales and customer service occupations,53,68,-15
E01001258,"8. Process, plant and machine operatives",86,56,30
E01001258,9. Elementary occupations,137,143,-6
E01001259,"1. Managers, directors and senior officials",82,67,15
E01001259,2. Professional occupations,108,91,17
E01001259,3. Associate professional and technical occupations,60,39,21
E01001259,4. Administrative and secretarial occupations,57,88,-31
E01001259,5. Skilled trades occupations,112,99,13
E01001259,"6. Caring, leisure and other service occupations",64,75,-11
E01001259,7. Sales and customer service occupations,89,65,24
E01001259,"8. Process, plant and machine operatives",57,66,-9
E01001259,9. Elementary occupations,114,103,11
E01001260,"1. Managers, directors and senior officials",124,104,20
E01001260,2. Professional occupations,173,128,45
E01001260,3. Associate professional and technical occupations,103,50,53
E01001260,4. Administrative and secretarial occupations,96,100,-4
E01001260,5. Skilled trades occupations,137,123,14
E01001260,"6. Caring, leisure and other service occupations",67,83,-16
E01001260,7. Sales and customer service occupations,70,95,-25
E01001260,"8. Process, plant and machine operatives",67,58,9
E01001260,9. Elementary occupations,143,147,-4
E01001261,"1. Managers, directors and senior officials",107,85,22
E01001261,2. Professional occupations,167,131,36
E01001261,3. Associate professional and technical occupations,119,45,74
E01001261,4. Administrative and secretarial occupations,94,107,-13
E01001261,5. Skilled trades occupations,163,127,36
E01001261,"6. Caring, leisure and other service occupations",127,116,11
E01001261,7. Sales and customer service occupations,85,123,-38
E01001261,"8. Process, plant and machine operatives",112,82,30
E01001261,9. Elementary occupations,167,212,-45
E01001262,"1. Managers, directors and senior officials",50,56,-6
E01001262,2. Professional occupations,105,75,30
E01001262,3. Associate professional and technical occupations,54,34,20
E01001262,4. Administrative and secretarial occupations,64,96,-32
E01001262,5. Skilled trades occupations,88,67,21
E01001262,"6. Caring, leisure and other service occupations",68,70,-2
E01001262,7. Sales and customer service occupations,50,62,-12
E01001262,"8. Process, plant and machine operatives",81,73,8
E01001262,9. Elementary occupations,114,100,14
E01001263,"1. Managers, directors and senior officials",83,52,31
E01001263,2. Professional occupations,119,70,49
E01001263,3. Associate professional and technical occupations,96,30,66
E01001263,4. Administrative and secretarial occupations,78,84,-6
E01001263,5. Skilled trades occupations,100,53,47
E01001263,"6. Caring, leisure and other service occupations",92,59,33
E01001263,7. Sales and customer service occupations,87,52,35
E01001263,"8. Process, plant and machine operatives",82,58,24
E01001263,9. Elementary occupations,106,81,25
E01001264,"1. Managers, directors and senior officials",84,56,28
E01001264,2. Professional occupations,143,107,36
E01001264,3. Associate professional and technical occupations,83,30,53
E01001264,4. Administrative and secretarial occupations,74,90,-16
E01001264,5. Skilled trades occupations,104,85,19
E01001264,"6. Caring, leisure and other service occupations",80,70,10
E01001264,7. Sales and customer service occupations,65,59,6
E01001264,"8. Process, plant and machine operatives",81,58,23
E01001264,9. Elementary occupations,103,104,-1
E01001265,"1. Managers, directors and senior officials",94,58,36
E01001265,2. Professional occupations,140,120,20
E01001265,3. Associate professional and technical occupations,112,43,69
E01001265,4. Administrative and secretarial occupations,86,123,-37
E01001265,5. Skilled trades occupations,125,132,-7
E01001265,"6. Caring, leisure and other service occupations",61,70,-9
E01001265,7. Sales and customer service occupations,54,59,-5
E01001265,"8. Process, plant and machine operatives",93,73,20
E01001265,9. Elementary occupations,120,135,-15
E01001266,"1. Managers, directors and senior officials",126,81,45
E01001266,2. Professional occupations,168,139,29
E01001266,3. Associate professional and technical occupations,96,36,60
E01001266,4. Administrative and secretarial occupations,90,108,-18
E01001266,5. Skilled trades occupations,119,123,-4
E01001266,"6. Caring, leisure and other service occupations",50,68,-18
E01001266,7. Sales and customer service occupations,62,84,-22
E01001266,"8. Process, plant and machine operatives",70,85,-15
E01001266,9. Elementary occupations,121,128,-7
E01001267,"1. Managers, directors and senior officials",89,88,1
E01001267,2. Professional occupations,136,172,-36
E01001267,3. Associate professional and technical occupations,103,46,57
E01001267,4. Administrative and secretarial occupations,93,130,-37
E01001267,5. Skilled trades occupations,108,122,-14
E01001267,"6. Caring, leisure and other service occupations",74,96,-22
E01001267,7. Sales and customer service occupations,71,82,-11
E01001267,"8. Process, plant and machine operatives",60,76,-16
E01001267,9. Elementary occupations,121,136,-15
E01001268,"1. Managers, directors and senior officials",124,65,59
E01001268,2. Professional occupations,182,111,71
E01001268,3. Associate professional and technical occupations,125,32,93
E01001268,4. Administrative and secretarial occupations,94,87,7
E01001268,5. Skilled trades occupations,113,91,22
E01001268,"6. Caring, leisure and other service occupations",68,49,19
E01001268,7. Sales and customer service occupations,53,33,20
E01001268,"8. Process, plant and machine operatives",62,45,17
E01001268,9. Elementary occupations,85,66,19
E01001269,"1. Managers, directors and senior officials",114,79,35
E01001269,2. Professional occupations,232,165,67
E01001269,3. Associate professional and technical occupations,143,37,106
E01001269,4. Administrative and secretarial occupations,110,142,-32
E01001269,5. Skilled trades occupations,176,160,16
E01001269,"6. Caring, leisure and other service occupations",96,85,11
E01001269,7. Sales and customer service occupations,98,106,-8
E01001269,"8. Process, plant and machine operatives",94,82,12
E01001269,9. Elementary occupations,151,150,1
E01001270,"1. Managers, directors and senior officials",95,77,18
E01001270,2. Professional occupations,151,146,5
E01001270,3. Associate professional and technical occupations,98,42,56
E01001270,4. Administrative and secretarial occupations,97,121,-24
E01001270,5. Skilled trades occupations,107,93,14
E01001270,"6. Caring, leisure and other service occupations",62,74,-12
E01001270,7. Sales and customer service occupations,86,79,7
E01001270,"8. Process, plant and machine operatives",77,72,5
E01001270,9. Elementary occupations,124,105,19
E01001271,"1. Managers, directors and senior officials",96,72,24
E01001271,2. Professional occupations,149,121,28
E01001271,3. Associate professional and technical occupations,99,45,54
E01001271,4. Administrative and secretarial occupations,85,101,-16
E01001271,5. Skilled trades occupations,120,119,1
E01001271,"6. Caring, leisure and other service occupations",78,69,9
E01001271,7. Sales and customer service occupations,89,129,-40
E01001271,"8. Process, plant and machine operatives",75,67,8
E01001271,9. Elementary occupations,158,132,26
E01001272,"1. Managers, directors and senior officials",92,81,11
E01001272,2. Professional occupations,160,142,18
E01001272,3. Associate professional and technical occupations,88,25,63
E01001272,4. Administrative and secretarial occupations,66,107,-41
E01001272,5. Skilled trades occupations,159,127,32
E01001272,"6. Caring, leisure and other service occupations",60,61,-1
E01001272,7. Sales and customer service occupations,46,55,-9
E01001272,"8. Process, plant and machine operatives",80,58,22
E01001272,9. Elementary occupations,112,126,-14
E01001273,"1. Managers, directors and senior officials",243,167,76
E01001273,2. Professional occupations,268,248,20
E01001273,3. Associate professional and technical occupations,107,29,78
E01001273,4. Administrative and secretarial occupations,51,88,-37
E01001273,5. Skilled trades occupations,28,37,-9
E01001273,"6. Caring, leisure and other service occupations",24,33,-9
E01001273,7. Sales and customer service occupations,32,40,-8
E01001273,"8. Process, plant and machine operatives",23,16,7
E01001273,9. Elementary occupations,24,39,-15
E01001274,"1. Managers, directors and senior officials",156,119,37
E01001274,2. Professional occupations,216,209,7
E01001274,3. Associate professional and technical occupations,111,27,84
E01001274,4. Administrative and secretarial occupations,63,75,-12
E01001274,5. Skilled trades occupations,44,32,12
E01001274,"6. Caring, leisure and other service occupations",34,34,0
E01001274,7. Sales and customer service occupations,35,33,2
E01001274,"8. Process, plant and machine operatives",16,14,2
E01001274,9. Elementary occupations,32,35,-3
E01001275,"1. Managers, directors and senior officials",173,160,13
E01001275,2. Professional occupations,372,362,10
E01001275,3. Associate professional and technical occupations,178,65,113
E01001275,4. Administrative and secretarial occupations,58,93,-35
E01001275,5. Skilled trades occupations,43,42,1
E01001275,"6. Caring, leisure and other service occupations",53,48,5
E01001275,7. Sales and customer service occupations,37,49,-12
E01001275,"8. Process, plant and machine operatives",23,27,-4
E01001275,9. Elementary occupations,58,49,9
E01001276,"1. Managers, directors and senior officials",111,93,18
E01001276,2. Professional occupations,161,171,-10
E01001276,3. Associate professional and technical occupations,93,35,58
E01001276,4. Administrative and secretarial occupations,77,94,-17
E01001276,5. Skilled trades occupations,115,121,-6
E01001276,"6. Caring, leisure and other service occupations",83,71,12
E01001276,7. Sales and customer service occupations,58,60,-2
E01001276,"8. Process, plant and machine operatives",88,68,20
E01001276,9. Elementary occupations,123,161,-38
E01001277,"1. Managers, directors and senior officials",124,114,10
E01001277,2. Professional occupations,227,208,19
E01001277,3. Associate professional and technical occupations,121,39,82
E01001277,4. Administrative and secretarial occupations,84,87,-3
E01001277,5. Skilled trades occupations,139,131,8
E01001277,"6. Caring, leisure and other service occupations",74,66,8
E01001277,7. Sales and customer service occupations,55,67,-12
E01001277,"8. Process, plant and machine operatives",73,68,5
E01001277,9. Elementary occupations,117,145,-28
E01001278,"1. Managers, directors and senior officials",179,148,31
E01001278,2. Professional occupations,218,221,-3
E01001278,3. Associate professional and technical occupations,110,37,73
E01001278,4. Administrative and secretarial occupations,80,88,-8
E01001278,5. Skilled trades occupations,108,106,2
E01001278,"6. Caring, leisure and other service occupations",59,51,8
E01001278,7. Sales and customer service occupations,52,59,-7
E01001278,"8. Process, plant and machine operatives",47,54,-7
E01001278,9. Elementary occupations,105,102,3
E01001279,"1. Managers, directors and senior officials",158,121,37
E01001279,2. Professional occupations,266,254,12
E01001279,3. Associate professional and technical occupations,93,33,60
E01001279,4. Administrative and secretarial occupations,51,79,-28
E01001279,5. Skilled trades occupations,19,36,-17
E01001279,"6. Caring, leisure and other service occupations",25,34,-9
E01001279,7. Sales and customer service occupations,20,22,-2
E01001279,"8. Process, plant and machine operatives",9,11,-2
E01001279,9. Elementary occupations,22,27,-5
E01001280,"1. Managers, directors and senior officials",173,125,48
E01001280,2. Professional occupations,243,272,-29
E01001280,3. Associate professional and technical occupations,123,59,64
E01001280,4. Administrative and secretarial occupations,65,104,-39
E01001280,5. Skilled trades occupations,61,50,11
E01001280,"6. Caring, leisure and other service occupations",34,41,-7
E01001280,7. Sales and customer service occupations,47,39,8
E01001280,"8. Process, plant and machine operatives",32,18,14
E01001280,9. Elementary occupations,62,64,-2
E01001281,"1. Managers, directors and senior officials",166,127,39
E01001281,2. Professional occupations,314,295,19
E01001281,3. Associate professional and technical occupations,121,55,66
E01001281,4. Administrative and secretarial occupations,51,74,-23
E01001281,5. Skilled trades occupations,36,26,10
E01001281,"6. Caring, leisure and other service occupations",25,34,-9
E01001281,7. Sales and customer service occupations,24,19,5
E01001281,"8. Process, plant and machine operatives",15,15,0
E01001281,9. Elementary occupations,24,27,-3
E01001282,"1. Managers, directors and senior officials",70,54,16
E01001282,2. Professional occupations,128,89,39
E01001282,3. Associate professional and technical occupations,101,38,63
E01001282,4. Administrative and secretarial occupations,88,64,24
E01001282,5. Skilled trades occupations,84,95,-11
E01001282,"6. Caring, leisure and other service occupations",74,83,-9
E01001282,7. Sales and customer service occupations,38,35,3
E01001282,"8. Process, plant and machine operatives",47,51,-4
E01001282,9. Elementary occupations,60,94,-34
E01001283,"1. Managers, directors and senior officials",69,49,20
E01001283,2. Professional occupations,134,103,31
E01001283,3. Associate professional and technical occupations,97,35,62
E01001283,4. Administrative and secretarial occupations,75,91,-16
E01001283,5. Skilled trades occupations,94,71,23
E01001283,"6. Caring, leisure and other service occupations",81,55,26
E01001283,7. Sales and customer service occupations,54,50,4
E01001283,"8. Process, plant and machine operatives",57,53,4
E01001283,9. Elementary occupations,79,93,-14
E01001284,"1. Managers, directors and senior officials",102,72,30
E01001284,2. Professional occupations,183,157,26
E01001284,3. Associate professional and technical occupations,114,48,66
E01001284,4. Administrative and secretarial occupations,51,95,-44
E01001284,5. Skilled trades occupations,100,96,4
E01001284,"6. Caring, leisure and other service occupations",80,79,1
E01001284,7. Sales and customer service occupations,53,69,-16
E01001284,"8. Process, plant and machine operatives",40,44,-4
E01001284,9. Elementary occupations,87,82,5
E01001285,"1. Managers, directors and senior officials",98,83,15
E01001285,2. Professional occupations,174,124,50
E01001285,3. Associate professional and technical occupations,113,39,74
E01001285,4. Administrative and secretarial occupations,55,76,-21
E01001285,5. Skilled trades occupations,96,115,-19
E01001285,"6. Caring, leisure and other service occupations",73,83,-10
E01001285,7. Sales and customer service occupations,56,69,-13
E01001285,"8. Process, plant and machine operatives",54,40,14
E01001285,9. Elementary occupations,108,107,1
E01001286,"1. Managers, directors and senior officials",92,74,18
E01001286,2. Professional occupations,169,121,48
E01001286,3. Associate professional and technical occupations,119,39,80
E01001286,4. Administrative and secretarial occupations,69,88,-19
E01001286,5. Skilled trades occupations,71,106,-35
E01001286,"6. Caring, leisure and other service occupations",66,88,-22
E01001286,7. Sales and customer service occupations,44,54,-10
E01001286,"8. Process, plant and machine operatives",36,41,-5
E01001286,9. Elementary occupations,69,96,-27
E01001287,"1. Managers, directors and senior officials",67,44,23
E01001287,2. Professional occupations,110,86,24
E01001287,3. Associate professional and technical occupations,61,22,39
E01001287,4. Administrative and secretarial occupations,44,66,-22
E01001287,5. Skilled trades occupations,50,68,-18
E01001287,"6. Caring, leisure and other service occupations",79,69,10
E01001287,7. Sales and customer service occupations,54,59,-5
E01001287,"8. Process, plant and machine operatives",67,49,18
E01001287,9. Elementary occupations,68,89,-21
E01001288,"1. Managers, directors and senior officials",118,93,25
E01001288,2. Professional occupations,186,176,10
E01001288,3. Associate professional and technical occupations,126,38,88
E01001288,4. Administrative and secretarial occupations,63,71,-8
E01001288,5. Skilled trades occupations,67,98,-31
E01001288,"6. Caring, leisure and other service occupations",35,61,-26
E01001288,7. Sales and customer service occupations,41,54,-13
E01001288,"8. Process, plant and machine operatives",19,42,-23
E01001288,9. Elementary occupations,51,65,-14
E01001289,"1. Managers, directors and senior officials",89,80,9
E01001289,2. Professional occupations,201,207,-6
E01001289,3. Associate professional and technical occupations,111,34,77
E01001289,4. Administrative and secretarial occupations,58,71,-13
E01001289,5. Skilled trades occupations,67,73,-6
E01001289,"6. Caring, leisure and other service occupations",51,70,-19
E01001289,7. Sales and customer service occupations,37,33,4
E01001289,"8. Process, plant and machine operatives",30,26,4
E01001289,9. Elementary occupations,52,49,3
E01001290,"1. Managers, directors and senior officials",157,102,55
E01001290,2. Professional occupations,322,288,34
E01001290,3. Associate professional and technical occupations,163,52,111
E01001290,4. Administrative and secretarial occupations,78,109,-31
E01001290,5. Skilled trades occupations,115,91,24
E01001290,"6. Caring, leisure and other service occupations",77,94,-17
E01001290,7. Sales and customer service occupations,62,65,-3
E01001290,"8. Process, plant and machine operatives",33,38,-5
E01001290,9. Elementary occupations,93,90,3
E01001291,"1. Managers, directors and senior officials",86,58,28
E01001291,2. Professional occupations,125,68,57
E01001291,3. Associate professional and technical occupations,103,29,74
E01001291,4. Administrative and secretarial occupations,68,80,-12
E01001291,5. Skilled trades occupations,84,70,14
E01001291,"6. Caring, leisure and other service occupations",53,49,4
E01001291,7. Sales and customer service occupations,97,58,39
E01001291,"8. Process, plant and machine operatives",84,61,23
E01001291,9. Elementary occupations,120,100,20
E01001292,"1. Managers, directors and senior officials",62,71,-9
E01001292,2. Professional occupations,149,119,30
E01001292,3. Associate professional and technical occupations,99,39,60
E01001292,4. Administrative and secretarial occupations,79,108,-29
E01001292,5. Skilled trades occupations,102,102,0
E01001292,"6. Caring, leisure and other service occupations",53,60,-7
E01001292,7. Sales and customer service occupations,80,91,-11
E01001292,"8. Process, plant and machine operatives",76,76,0
E01001292,9. Elementary occupations,108,128,-20
E01001293,"1. Managers, directors and senior officials",72,76,-4
E01001293,2. Professional occupations,118,93,25
E01001293,3. Associate professional and technical occupations,75,44,31
E01001293,4. Administrative and secretarial occupations,59,101,-42
E01001293,5. Skilled trades occupations,81,93,-12
E01001293,"6. Caring, leisure and other service occupations",60,76,-16
E01001293,7. Sales and customer service occupations,109,113,-4
E01001293,"8. Process, plant and machine operatives",108,91,17
E01001293,9. Elementary occupations,126,154,-28
E01001294,"1. Managers, directors and senior officials",91,66,25
E01001294,2. Professional occupations,116,99,17
E01001294,3. Associate professional and technical occupations,110,45,65
E01001294,4. Administrative and secretarial occupations,69,101,-32
E01001294,5. Skilled trades occupations,76,73,3
E01001294,"6. Caring, leisure and other service occupations",64,74,-10
E01001294,7. Sales and customer service occupations,92,113,-21
E01001294,"8. Process, plant and machine operatives",102,117,-15
E01001294,9. Elementary occupations,152,162,-10
E01001295,"1. Managers, directors and senior officials",106,79,27
E01001295,2. Professional occupations,121,109,12
E01001295,3. Associate professional and technical occupations,77,35,42
E01001295,4. Administrative and secretarial occupations,70,99,-29
E01001295,5. Skilled trades occupations,80,73,7
E01001295,"6. Caring, leisure and other service occupations",66,63,3
E01001295,7. Sales and customer service occupations,82,107,-25
E01001295,"8. Process, plant and machine operatives",97,100,-3
E01001295,9. Elementary occupations,152,165,-13
E01001296,"1. Managers, directors and senior officials",69,52,17
E01001296,2. Professional occupations,87,66,21
E01001296,3. Associate professional and technical occupations,61,36,25
E01001296,4. Administrative and secretarial occupations,61,88,-27
E01001296,5. Skilled trades occupations,74,62,12
E01001296,"6. Caring, leisure and other service occupations",44,48,-4
E01001296,7. Sales and customer service occupations,67,88,-21
E01001296,"8. Process, plant and machine operatives",77,75,2
E01001296,9. Elementary occupations,103,125,-22
E01001297,"1. Managers, directors and senior officials",62,91,-29
E01001297,2. Professional occupations,86,67,19
E01001297,3. Associate professional and technical occupations,73,41,32
E01001297,4. Administrative and secretarial occupations,64,83,-19
E01001297,5. Skilled trades occupations,68,83,-15
E01001297,"6. Caring, leisure and other service occupations",54,57,-3
E01001297,7. Sales and customer service occupations,105,120,-15
E01001297,"8. Process, plant and machine operatives",94,100,-6
E01001297,9. Elementary occupations,161,155,6
E01001298,"1. Managers, directors and senior officials",46,61,-15
E01001298,2. Professional occupations,102,76,26
E01001298,3. Associate professional and technical occupations,101,39,62
E01001298,4. Administrative and secretarial occupations,72,89,-17
E01001298,5. Skilled trades occupations,91,74,17
E01001298,"6. Caring, leisure and other service occupations",56,63,-7
E01001298,7. Sales and customer service occupations,89,93,-4
E01001298,"8. Process, plant and machine operatives",108,101,7
E01001298,9. Elementary occupations,205,142,63
E01001299,"1. Managers, directors and senior officials",159,106,53
E01001299,2. Professional occupations,273,271,2
E01001299,3. Associate professional and technical occupations,149,48,101
E01001299,4. Administrative and secretarial occupations,75,136,-61
E01001299,5. Skilled trades occupations,40,60,-20
E01001299,"6. Caring, leisure and other service occupations",36,65,-29
E01001299,7. Sales and customer service occupations,47,36,11
E01001299,"8. Process, plant and machine operatives",35,35,0
E01001299,9. Elementary occupations,38,63,-25
E01001300,"1. Managers, directors and senior officials",188,142,46
E01001300,2. Professional occupations,266,292,-26
E01001300,3. Associate professional and technical occupations,153,56,97
E01001300,4. Administrative and secretarial occupations,65,92,-27
E01001300,5. Skilled trades occupations,52,45,7
E01001300,"6. Caring, leisure and other service occupations",44,61,-17
E01001300,7. Sales and customer service occupations,20,55,-35
E01001300,"8. Process, plant and machine operatives",12,29,-17
E01001300,9. Elementary occupations,36,58,-22
E01001301,"1. Managers, directors and senior officials",134,118,16
E01001301,2. Professional occupations,269,267,2
E01001301,3. Associate professional and technical occupations,162,57,105
E01001301,4. Administrative and secretarial occupations,78,88,-10
E01001301,5. Skilled trades occupations,93,81,12
E01001301,"6. Caring, leisure and other service occupations",85,68,17
E01001301,7. Sales and customer service occupations,80,57,23
E01001301,"8. Process, plant and machine operatives",47,24,23
E01001301,9. Elementary occupations,97,60,37
E01001302,"1. Managers, directors and senior officials",165,109,56
E01001302,2. Professional occupations,302,245,57
E01001302,3. Associate professional and technical occupations,151,57,94
E01001302,4. Administrative and secretarial occupations,75,101,-26
E01001302,5. Skilled trades occupations,42,71,-29
E01001302,"6. Caring, leisure and other service occupations",51,73,-22
E01001302,7. Sales and customer service occupations,30,44,-14
E01001302,"8. Process, plant and machine operatives",17,28,-11
E01001302,9. Elementary occupations,41,54,-13
E01001303,"1. Managers, directors and senior officials",183,138,45
E01001303,2. Professional occupations,288,298,-10
E01001303,3. Associate professional and technical occupations,153,56,97
E01001303,4. Administrative and secretarial occupations,67,90,-23
E01001303,5. Skilled trades occupations,37,60,-23
E01001303,"6. Caring, leisure and other service occupations",35,56,-21
E01001303,7. Sales and customer service occupations,16,47,-31
E01001303,"8. Process, plant and machine operatives",22,13,9
E01001303,9. Elementary occupations,38,44,-6
E01001304,"1. Managers, directors and senior officials",164,115,49
E01001304,2. Professional occupations,287,286,1
E01001304,3. Associate professional and technical occupations,180,83,97
E01001304,4. Administrative and secretarial occupations,73,82,-9
E01001304,5. Skilled trades occupations,50,63,-13
E01001304,"6. Caring, leisure and other service occupations",59,62,-3
E01001304,7. Sales and customer service occupations,31,37,-6
E01001304,"8. Process, plant and machine operatives",27,21,6
E01001304,9. Elementary occupations,47,58,-11
E01001305,"1. Managers, directors and senior officials",169,138,31
E01001305,2. Professional occupations,283,275,8
E01001305,3. Associate professional and technical occupations,149,59,90
E01001305,4. Administrative and secretarial occupations,75,98,-23
E01001305,5. Skilled trades occupations,61,77,-16
E01001305,"6. Caring, leisure and other service occupations",33,54,-21
E01001305,7. Sales and customer service occupations,25,62,-37
E01001305,"8. Process, plant and machine operatives",28,19,9
E01001305,9. Elementary occupations,45,47,-2
E01001306,"1. Managers, directors and senior officials",174,99,75
E01001306,2. Professional occupations,298,298,0
E01001306,3. Associate professional and technical occupations,181,61,120
E01001306,4. Administrative and secretarial occupations,60,90,-30
E01001306,5. Skilled trades occupations,42,56,-14
E01001306,"6. Caring, leisure and other service occupations",33,66,-33
E01001306,7. Sales and customer service occupations,29,48,-19
E01001306,"8. Process, plant and machine operatives",24,16,8
E01001306,9. Elementary occupations,23,32,-9
E01001307,"1. Managers, directors and senior officials",95,93,2
E01001307,2. Professional occupations,199,137,62
E01001307,3. Associate professional and technical occupations,119,49,70
E01001307,4. Administrative and secretarial occupations,100,138,-38
E01001307,5. Skilled trades occupations,163,144,19
E01001307,"6. Caring, leisure and other service occupations",60,95,-35
E01001307,7. Sales and customer service occupations,78,70,8
E01001307,"8. Process, plant and machine operatives",57,60,-3
E01001307,9. Elementary occupations,129,128,1
E01001308,"1. Managers, directors and senior officials",136,88,48
E01001308,2. Professional occupations,198,190,8
E01001308,3. Associate professional and technical occupations,108,42,66
E01001308,4. Administrative and secretarial occupations,92,143,-51
E01001308,5. Skilled trades occupations,117,123,-6
E01001308,"6. Caring, leisure and other service occupations",63,76,-13
E01001308,7. Sales and customer service occupations,62,103,-41
E01001308,"8. Process, plant and machine operatives",73,70,3
E01001308,9. Elementary occupations,126,110,16
E01001309,"1. Managers, directors and senior officials",119,84,35
E01001309,2. Professional occupations,169,131,38
E01001309,3. Associate professional and technical occupations,86,35,51
E01001309,4. Administrative and secretarial occupations,90,124,-34
E01001309,5. Skilled trades occupations,103,118,-15
E01001309,"6. Caring, leisure and other service occupations",63,76,-13
E01001309,7. Sales and customer service occupations,109,86,23
E01001309,"8. Process, plant and machine operatives",90,73,17
E01001309,9. Elementary occupations,122,132,-10
E01001310,"1. Managers, directors and senior officials",132,76,56
E01001310,2. Professional occupations,166,117,49
E01001310,3. Associate professional and technical occupations,95,41,54
E01001310,4. Administrative and secretarial occupations,115,143,-28
E01001310,5. Skilled trades occupations,156,109,47
E01001310,"6. Caring, leisure and other service occupations",90,74,16
E01001310,7. Sales and customer service occupations,103,73,30
E01001310,"8. Process, plant and machine operatives",87,76,11
E01001310,9. Elementary occupations,128,116,12
E01001311,"1. Managers, directors and senior officials",125,62,63
E01001311,2. Professional occupations,266,86,180
E01001311,3. Associate professional and technical occupations,186,35,151
E01001311,4. Administrative and secretarial occupations,114,102,12
E01001311,5. Skilled trades occupations,119,130,-11
E01001311,"6. Caring, leisure and other service occupations",125,73,52
E01001311,7. Sales and customer service occupations,117,91,26
E01001311,"8. Process, plant and machine operatives",116,110,6
E01001311,9. Elementary occupations,155,161,-6
E01001312,"1. Managers, directors and senior officials",113,88,25
E01001312,2. Professional occupations,175,132,43
E01001312,3. Associate professional and technical occupations,109,36,73
E01001312,4. Administrative and secretarial occupations,83,102,-19
E01001312,5. Skilled trades occupations,128,142,-14
E01001312,"6. Caring, leisure and other service occupations",67,71,-4
E01001312,7. Sales and customer service occupations,85,83,2
E01001312,"8. Process, plant and machine operatives",84,81,3
E01001312,9. Elementary occupations,151,131,20
E01001313,"1. Managers, directors and senior officials",100,85,15
E01001313,2. Professional occupations,140,139,1
E01001313,3. Associate professional and technical occupations,92,34,58
E01001313,4. Administrative and secretarial occupations,89,100,-11
E01001313,5. Skilled trades occupations,98,93,5
E01001313,"6. Caring, leisure and other service occupations",63,67,-4
E01001313,7. Sales and customer service occupations,80,95,-15
E01001313,"8. Process, plant and machine operatives",73,68,5
E01001313,9. Elementary occupations,116,131,-15
E01001314,"1. Managers, directors and senior officials",84,65,19
E01001314,2. Professional occupations,156,135,21
E01001314,3. Associate professional and technical occupations,75,33,42
E01001314,4. Administrative and secretarial occupations,69,93,-24
E01001314,5. Skilled trades occupations,99,96,3
E01001314,"6. Caring, leisure and other service occupations",52,83,-31
E01001314,7. Sales and customer service occupations,62,95,-33
E01001314,"8. Process, plant and machine operatives",69,66,3
E01001314,9. Elementary occupations,89,141,-52
E01001315,"1. Managers, directors and senior officials",80,52,28
E01001315,2. Professional occupations,106,91,15
E01001315,3. Associate professional and technical occupations,71,35,36
E01001315,4. Administrative and secretarial occupations,70,94,-24
E01001315,5. Skilled trades occupations,95,81,14
E01001315,"6. Caring, leisure and other service occupations",71,63,8
E01001315,7. Sales and customer service occupations,57,77,-20
E01001315,"8. Process, plant and machine operatives",80,82,-2
E01001315,9. Elementary occupations,107,112,-5
E01001316,"1. Managers, directors and senior officials",65,48,17
E01001316,2. Professional occupations,100,78,22
E01001316,3. Associate professional and technical occupations,61,28,33
E01001316,4. Administrative and secretarial occupations,64,67,-3
E01001316,5. Skilled trades occupations,73,58,15
E01001316,"6. Caring, leisure and other service occupations",118,81,37
E01001316,7. Sales and customer service occupations,75,79,-4
E01001316,"8. Process, plant and machine operatives",57,65,-8
E01001316,9. Elementary occupations,113,111,2
E01001317,"1. Managers, directors and senior officials",98,71,27
E01001317,2. Professional occupations,165,111,54
E01001317,3. Associate professional and technical occupations,106,38,68
E01001317,4. Administrative and secretarial occupations,93,74,19
E01001317,5. Skilled trades occupations,119,103,16
E01001317,"6. Caring, leisure and other service occupations",96,108,-12
E01001317,7. Sales and customer service occupations,93,77,16
E01001317,"8. Process, plant and machine operatives",91,67,24
E01001317,9. Elementary occupations,130,110,20
E01001318,"1. Managers, directors and senior officials",78,57,21
E01001318,2. Professional occupations,153,102,51
E01001318,3. Associate professional and technical occupations,79,28,51
E01001318,4. Administrative and secretarial occupations,68,80,-12
E01001318,5. Skilled trades occupations,99,79,20
E01001318,"6. Caring, leisure and other service occupations",83,73,10
E01001318,7. Sales and customer service occupations,78,86,-8
E01001318,"8. Process, plant and machine operatives",67,65,2
E01001318,9. Elementary occupations,146,123,23
E01001319,"1. Managers, directors and senior officials",81,58,23
E01001319,2. Professional occupations,153,87,66
E01001319,3. Associate professional and technical occupations,78,27,51
E01001319,4. Administrative and secretarial occupations,81,114,-33
E01001319,5. Skilled trades occupations,93,96,-3
E01001319,"6. Caring, leisure and other service occupations",62,54,8
E01001319,7. Sales and customer service occupations,68,85,-17
E01001319,"8. Process, plant and machine operatives",66,56,10
E01001319,9. Elementary occupations,103,83,20
E01001320,"1. Managers, directors and senior officials",49,38,11
E01001320,2. Professional occupations,90,66,24
E01001320,3. Associate professional and technical occupations,57,16,41
E01001320,4. Administrative and secretarial occupations,47,64,-17
E01001320,5. Skilled trades occupations,85,64,21
E01001320,"6. Caring, leisure and other service occupations",82,72,10
E01001320,7. Sales and customer service occupations,63,68,-5
E01001320,"8. Process, plant and machine operatives",61,50,11
E01001320,9. Elementary occupations,124,108,16
E01001321,"1. Managers, directors and senior officials",86,64,22
E01001321,2. Professional occupations,179,137,42
E01001321,3. Associate professional and technical occupations,104,43,61
E01001321,4. Administrative and secretarial occupations,93,127,-34
E01001321,5. Skilled trades occupations,123,94,29
E01001321,"6. Caring, leisure and other service occupations",93,87,6
E01001321,7. Sales and customer service occupations,65,76,-11
E01001321,"8. Process, plant and machine operatives",89,83,6
E01001321,9. Elementary occupations,124,116,8
E01001322,"1. Managers, directors and senior officials",120,78,42
E01001322,2. Professional occupations,165,117,48
E01001322,3. Associate professional and technical occupations,117,44,73
E01001322,4. Administrative and secretarial occupations,80,109,-29
E01001322,5. Skilled trades occupations,106,105,1
E01001322,"6. Caring, leisure and other service occupations",99,80,19
E01001322,7. Sales and customer service occupations,85,84,1
E01001322,"8. Process, plant and machine operatives",73,50,23
E01001322,9. Elementary occupations,141,134,7
E01001323,"1. Managers, directors and senior officials",78,71,7
E01001323,2. Professional occupations,185,139,46
E01001323,3. Associate professional and technical occupations,97,35,62
E01001323,4. Administrative and secretarial occupations,88,105,-17
E01001323,5. Skilled trades occupations,103,97,6
E01001323,"6. Caring, leisure and other service occupations",80,79,1
E01001323,7. Sales and customer service occupations,73,115,-42
E01001323,"8. Process, plant and machine operatives",78,56,22
E01001323,9. Elementary occupations,117,87,30
E01001324,"1. Managers, directors and senior officials",63,69,-6
E01001324,2. Professional occupations,111,108,3
E01001324,3. Associate professional and technical occupations,74,35,39
E01001324,4. Administrative and secretarial occupations,75,118,-43
E01001324,5. Skilled trades occupations,93,75,18
E01001324,"6. Caring, leisure and other service occupations",74,62,12
E01001324,7. Sales and customer service occupations,74,63,11
E01001324,"8. Process, plant and machine operatives",68,55,13
E01001324,9. Elementary occupations,116,82,34
E01001325,"1. Managers, directors and senior officials",100,63,37
E01001325,2. Professional occupations,116,68,48
E01001325,3. Associate professional and technical occupations,95,50,45
E01001325,4. Administrative and secretarial occupations,89,84,5
E01001325,5. Skilled trades occupations,93,80,13
E01001325,"6. Caring, leisure and other service occupations",82,86,-4
E01001325,7. Sales and customer service occupations,85,88,-3
E01001325,"8. Process, plant and machine operatives",74,63,11
E01001325,9. Elementary occupations,108,87,21
E01001326,"1. Managers, directors and senior officials",64,49,15
E01001326,2. Professional occupations,134,113,21
E01001326,3. Associate professional and technical occupations,81,28,53
E01001326,4. Administrative and secretarial occupations,80,79,1
E01001326,5. Skilled trades occupations,92,64,28
E01001326,"6. Caring, leisure and other service occupations",79,79,0
E01001326,7. Sales and customer service occupations,72,60,12
E01001326,"8. Process, plant and machine operatives",90,66,24
E01001326,9. Elementary occupations,100,108,-8
E01001327,"1. Managers, directors and senior officials",89,65,24
E01001327,2. Professional occupations,132,82,50
E01001327,3. Associate professional and technical occupations,79,41,38
E01001327,4. Administrative and secretarial occupations,80,91,-11
E01001327,5. Skilled trades occupations,103,85,18
E01001327,"6. Caring, leisure and other service occupations",87,73,14
E01001327,7. Sales and customer service occupations,82,85,-3
E01001327,"8. Process, plant and machine operatives",77,76,1
E01001327,9. Elementary occupations,133,116,17
E01001328,"1. Managers, directors and senior officials",74,55,19
E01001328,2. Professional occupations,112,75,37
E01001328,3. Associate professional and technical occupations,81,28,53
E01001328,4. Administrative and secretarial occupations,68,72,-4
E01001328,5. Skilled trades occupations,66,65,1
E01001328,"6. Caring, leisure and other service occupations",77,92,-15
E01001328,7. Sales and customer service occupations,106,69,37
E01001328,"8. Process, plant and machine operatives",87,72,15
E01001328,9. Elementary occupations,126,113,13
E01001329,"1. Managers, directors and senior officials",80,61,19
E01001329,2. Professional occupations,143,109,34
E01001329,3. Associate professional and technical occupations,91,36,55
E01001329,4. Administrative and secretarial occupations,77,97,-20
E01001329,5. Skilled trades occupations,91,77,14
E01001329,"6. Caring, leisure and other service occupations",69,77,-8
E01001329,7. Sales and customer service occupations,78,84,-6
E01001329,"8. Process, plant and machine operatives",109,66,43
E01001329,9. Elementary occupations,96,98,-2
E01001330,"1. Managers, directors and senior officials",58,45,13
E01001330,2. Professional occupations,98,61,37
E01001330,3. Associate professional and technical occupations,92,17,75
E01001330,4. Administrative and secretarial occupations,64,70,-6
E01001330,5. Skilled trades occupations,76,82,-6
E01001330,"6. Caring, leisure and other service occupations",98,71,27
E01001330,7. Sales and customer service occupations,75,78,-3
E01001330,"8. Process, plant and machine operatives",80,74,6
E01001330,9. Elementary occupations,112,116,-4
E01001331,"1. Managers, directors and senior officials",59,41,18
E01001331,2. Professional occupations,71,65,6
E01001331,3. Associate professional and technical occupations,62,17,45
E01001331,4. Administrative and secretarial occupations,46,72,-26
E01001331,5. Skilled trades occupations,88,58,30
E01001331,"6. Caring, leisure and other service occupations",103,81,22
E01001331,7. Sales and customer service occupations,80,65,15
E01001331,"8. Process, plant and machine operatives",94,66,28
E01001331,9. Elementary occupations,128,109,19
E01001332,"1. Managers, directors and senior officials",59,37,22
E01001332,2. Professional occupations,104,68,36
E01001332,3. Associate professional and technical occupations,62,32,30
E01001332,4. Administrative and secretarial occupations,73,93,-20
E01001332,5. Skilled trades occupations,72,71,1
E01001332,"6. Caring, leisure and other service occupations",87,77,10
E01001332,7. Sales and customer service occupations,51,74,-23
E01001332,"8. Process, plant and machine operatives",67,59,8
E01001332,9. Elementary occupations,88,77,11
E01001333,"1. Managers, directors and senior officials",63,41,22
E01001333,2. Professional occupations,117,84,33
E01001333,3. Associate professional and technical occupations,63,29,34
E01001333,4. Administrative and secretarial occupations,74,73,1
E01001333,5. Skilled trades occupations,69,84,-15
E01001333,"6. Caring, leisure and other service occupations",98,48,50
E01001333,7. Sales and customer service occupations,103,96,7
E01001333,"8. Process, plant and machine operatives",123,83,40
E01001333,9. Elementary occupations,266,164,102
E01001334,"1. Managers, directors and senior officials",49,28,21
E01001334,2. Professional occupations,58,59,-1
E01001334,3. Associate professional and technical occupations,49,31,18
E01001334,4. Administrative and secretarial occupations,39,57,-18
E01001334,5. Skilled trades occupations,60,44,16
E01001334,"6. Caring, leisure and other service occupations",55,66,-11
E01001334,7. Sales and customer service occupations,60,79,-19
E01001334,"8. Process, plant and machine operatives",74,60,14
E01001334,9. Elementary occupations,101,118,-17
E01001335,"1. Managers, directors and senior officials",148,125,23
E01001335,2. Professional occupations,198,150,48
E01001335,3. Associate professional and technical occupations,123,47,76
E01001335,4. Administrative and secretarial occupations,89,119,-30
E01001335,5. Skilled trades occupations,55,44,11
E01001335,"6. Caring, leisure and other service occupations",24,57,-33
E01001335,7. Sales and customer service occupations,77,85,-8
E01001335,"8. Process, plant and machine operatives",54,71,-17
E01001335,9. Elementary occupations,50,68,-18
E01001336,"1. Managers, directors and senior officials",117,70,47
E01001336,2. Professional occupations,110,95,15
E01001336,3. Associate professional and technical occupations,97,43,54
E01001336,4. Administrative and secretarial occupations,62,97,-35
E01001336,5. Skilled trades occupations,44,43,1
E01001336,"6. Caring, leisure and other service occupations",57,51,6
E01001336,7. Sales and customer service occupations,92,68,24
E01001336,"8. Process, plant and machine operatives",84,62,22
E01001336,9. Elementary occupations,135,89,46
E01001337,"1. Managers, directors and senior officials",111,51,60
E01001337,2. Professional occupations,285,115,170
E01001337,3. Associate professional and technical occupations,157,31,126
E01001337,4. Administrative and secretarial occupations,88,83,5
E01001337,5. Skilled trades occupations,100,70,30
E01001337,"6. Caring, leisure and other service occupations",97,63,34
E01001337,7. Sales and customer service occupations,79,82,-3
E01001337,"8. Process, plant and machine operatives",63,50,13
E01001337,9. Elementary occupations,110,85,25
E01001338,"1. Managers, directors and senior officials",95,91,4
E01001338,2. Professional occupations,119,102,17
E01001338,3. Associate professional and technical occupations,95,38,57
E01001338,4. Administrative and secretarial occupations,65,85,-20
E01001338,5. Skilled trades occupations,66,67,-1
E01001338,"6. Caring, leisure and other service occupations",62,60,2
E01001338,7. Sales and customer service occupations,85,92,-7
E01001338,"8. Process, plant and machine operatives",86,65,21
E01001338,9. Elementary occupations,115,125,-10
E01001339,"1. Managers, directors and senior officials",119,53,66
E01001339,2. Professional occupations,231,90,141
E01001339,3. Associate professional and technical occupations,115,48,67
E01001339,4. Administrative and secretarial occupations,90,81,9
E01001339,5. Skilled trades occupations,56,42,14
E01001339,"6. Caring, leisure and other service occupations",104,63,41
E01001339,7. Sales and customer service occupations,93,79,14
E01001339,"8. Process, plant and machine operatives",92,61,31
E01001339,9. Elementary occupations,93,91,2
E01001340,"1. Managers, directors and senior officials",76,62,14
E01001340,2. Professional occupations,163,195,-32
E01001340,3. Associate professional and technical occupations,101,39,62
E01001340,4. Administrative and secretarial occupations,65,79,-14
E01001340,5. Skilled trades occupations,39,47,-8
E01001340,"6. Caring, leisure and other service occupations",60,68,-8
E01001340,7. Sales and customer service occupations,51,65,-14
E01001340,"8. Process, plant and machine operatives",60,43,17
E01001340,9. Elementary occupations,77,83,-6
E01001341,"1. Managers, directors and senior officials",103,75,28
E01001341,2. Professional occupations,131,105,26
E01001341,3. Associate professional and technical occupations,83,38,45
E01001341,4. Administrative and secretarial occupations,98,99,-1
E01001341,5. Skilled trades occupations,110,133,-23
E01001341,"6. Caring, leisure and other service occupations",55,52,3
E01001341,7. Sales and customer service occupations,96,99,-3
E01001341,"8. Process, plant and machine operatives",81,77,4
E01001341,9. Elementary occupations,91,134,-43
E01001342,"1. Managers, directors and senior officials",105,85,20
E01001342,2. Professional occupations,142,171,-29
E01001342,3. Associate professional and technical occupations,87,38,49
E01001342,4. Administrative and secretarial occupations,85,112,-27
E01001342,5. Skilled trades occupations,135,111,24
E01001342,"6. Caring, leisure and other service occupations",63,51,12
E01001342,7. Sales and customer service occupations,92,93,-1
E01001342,"8. Process, plant and machine operatives",85,96,-11
E01001342,9. Elementary occupations,132,102,30
E01001343,"1. Managers, directors and senior officials",88,72,16
E01001343,2. Professional occupations,127,98,29
E01001343,3. Associate professional and technical occupations,81,37,44
E01001343,4. Administrative and secretarial occupations,71,94,-23
E01001343,5. Skilled trades occupations,93,109,-16
E01001343,"6. Caring, leisure and other service occupations",46,54,-8
E01001343,7. Sales and customer service occupations,53,76,-23
E01001343,"8. Process, plant and machine operatives",52,65,-13
E01001343,9. Elementary occupations,79,98,-19
E01001344,"1. Managers, directors and senior officials",105,108,-3
E01001344,2. Professional occupations,218,206,12
E01001344,3. Associate professional and technical occupations,127,53,74
E01001344,4. Administrative and secretarial occupations,98,141,-43
E01001344,5. Skilled trades occupations,166,157,9
E01001344,"6. Caring, leisure and other service occupations",82,71,11
E01001344,7. Sales and customer service occupations,79,84,-5
E01001344,"8. Process, plant and machine operatives",86,81,5
E01001344,9. Elementary occupations,119,131,-12
E01001345,"1. Managers, directors and senior officials",75,71,4
E01001345,2. Professional occupations,109,78,31
E01001345,3. Associate professional and technical occupations,72,17,55
E01001345,4. Administrative and secretarial occupations,79,72,7
E01001345,5. Skilled trades occupations,108,109,-1
E01001345,"6. Caring, leisure and other service occupations",54,48,6
E01001345,7. Sales and customer service occupations,107,86,21
E01001345,"8. Process, plant and machine operatives",97,105,-8
E01001345,9. Elementary occupations,123,122,1
E01001346,"1. Managers, directors and senior officials",133,97,36
E01001346,2. Professional occupations,188,154,34
E01001346,3. Associate professional and technical occupations,85,21,64
E01001346,4. Administrative and secretarial occupations,78,98,-20
E01001346,5. Skilled trades occupations,141,149,-8
E01001346,"6. Caring, leisure and other service occupations",74,84,-10
E01001346,7. Sales and customer service occupations,62,68,-6
E01001346,"8. Process, plant and machine operatives",68,86,-18
E01001346,9. Elementary occupations,94,94,0
E01001347,"1. Managers, directors and senior officials",115,76,39
E01001347,2. Professional occupations,164,111,53
E01001347,3. Associate professional and technical occupations,127,31,96
E01001347,4. Administrative and secretarial occupations,90,84,6
E01001347,5. Skilled trades occupations,143,134,9
E01001347,"6. Caring, leisure and other service occupations",80,65,15
E01001347,7. Sales and customer service occupations,63,64,-1
E01001347,"8. Process, plant and machine operatives",90,98,-8
E01001347,9. Elementary occupations,121,121,0
E01001348,"1. Managers, directors and senior officials",87,87,0
E01001348,2. Professional occupations,159,172,-13
E01001348,3. Associate professional and technical occupations,95,43,52
E01001348,4. Administrative and secretarial occupations,59,75,-16
E01001348,5. Skilled trades occupations,116,109,7
E01001348,"6. Caring, leisure and other service occupations",53,60,-7
E01001348,7. Sales and customer service occupations,52,53,-1
E01001348,"8. Process, plant and machine operatives",82,66,16
E01001348,9. Elementary occupations,78,98,-20
E01001349,"1. Managers, directors and senior officials",72,74,-2
E01001349,2. Professional occupations,120,92,28
E01001349,3. Associate professional and technical occupations,60,43,17
E01001349,4. Administrative and secretarial occupations,61,60,1
E01001349,5. Skilled trades occupations,83,79,4
E01001349,"6. Caring, leisure and other service occupations",66,56,10
E01001349,7. Sales and customer service occupations,60,61,-1
E01001349,"8. Process, plant and machine operatives",53,56,-3
E01001349,9. Elementary occupations,71,99,-28
E01001350,"1. Managers, directors and senior officials",163,137,26
E01001350,2. Professional occupations,219,185,34
E01001350,3. Associate professional and technical occupations,134,39,95
E01001350,4. Administrative and secretarial occupations,58,80,-22
E01001350,5. Skilled trades occupations,59,50,9
E01001350,"6. Caring, leisure and other service occupations",40,50,-10
E01001350,7. Sales and customer service occupations,31,44,-13
E01001350,"8. Process, plant and machine operatives",17,24,-7
E01001350,9. Elementary occupations,40,47,-7
E01001351,"1. Managers, directors and senior officials",143,97,46
E01001351,2. Professional occupations,258,211,47
E01001351,3. Associate professional and technical occupations,157,56,101
E01001351,4. Administrative and secretarial occupations,59,109,-50
E01001351,5. Skilled trades occupations,72,102,-30
E01001351,"6. Caring, leisure and other service occupations",96,84,12
E01001351,7. Sales and customer service occupations,63,69,-6
E01001351,"8. Process, plant and machine operatives",49,40,9
E01001351,9. Elementary occupations,124,104,20
E01001352,"1. Managers, directors and senior officials",170,142,28
E01001352,2. Professional occupations,284,190,94
E01001352,3. Associate professional and technical occupations,174,54,120
E01001352,4. Administrative and secretarial occupations,70,95,-25
E01001352,5. Skilled trades occupations,46,61,-15
E01001352,"6. Caring, leisure and other service occupations",57,61,-4
E01001352,7. Sales and customer service occupations,32,33,-1
E01001352,"8. Process, plant and machine operatives",21,21,0
E01001352,9. Elementary occupations,73,54,19
E01001353,"1. Managers, directors and senior officials",138,84,54
E01001353,2. Professional occupations,193,207,-14
E01001353,3. Associate professional and technical occupations,122,48,74
E01001353,4. Administrative and secretarial occupations,52,88,-36
E01001353,5. Skilled trades occupations,76,96,-20
E01001353,"6. Caring, leisure and other service occupations",44,62,-18
E01001353,7. Sales and customer service occupations,40,56,-16
E01001353,"8. Process, plant and machine operatives",33,32,1
E01001353,9. Elementary occupations,80,108,-28
E01001354,"1. Managers, directors and senior officials",215,132,83
E01001354,2. Professional occupations,331,301,30
E01001354,3. Associate professional and technical occupations,185,67,118
E01001354,4. Administrative and secretarial occupations,82,96,-14
E01001354,5. Skilled trades occupations,75,82,-7
E01001354,"6. Caring, leisure and other service occupations",47,57,-10
E01001354,7. Sales and customer service occupations,42,34,8
E01001354,"8. Process, plant and machine operatives",26,35,-9
E01001354,9. Elementary occupations,68,72,-4
E01001355,"1. Managers, directors and senior officials",178,88,90
E01001355,2. Professional occupations,326,212,114
E01001355,3. Associate professional and technical occupations,210,55,155
E01001355,4. Administrative and secretarial occupations,85,88,-3
E01001355,5. Skilled trades occupations,77,63,14
E01001355,"6. Caring, leisure and other service occupations",75,58,17
E01001355,7. Sales and customer service occupations,71,51,20
E01001355,"8. Process, plant and machine operatives",39,30,9
E01001355,9. Elementary occupations,69,94,-25
E01001356,"1. Managers, directors and senior officials",44,56,-12
E01001356,2. Professional occupations,93,83,10
E01001356,3. Associate professional and technical occupations,65,34,31
E01001356,4. Administrative and secretarial occupations,58,66,-8
E01001356,5. Skilled trades occupations,40,64,-24
E01001356,"6. Caring, leisure and other service occupations",67,89,-22
E01001356,7. Sales and customer service occupations,40,54,-14
E01001356,"8. Process, plant and machine operatives",49,60,-11
E01001356,9. Elementary occupations,83,127,-44
E01001357,"1. Managers, directors and senior officials",231,33,198
E01001357,2. Professional occupations,484,70,414
E01001357,3. Associate professional and technical occupations,308,25,283
E01001357,4. Administrative and secretarial occupations,109,56,53
E01001357,5. Skilled trades occupations,69,61,8
E01001357,"6. Caring, leisure and other service occupations",95,45,50
E01001357,7. Sales and customer service occupations,90,44,46
E01001357,"8. Process, plant and machine operatives",47,35,12
E01001357,9. Elementary occupations,99,75,24
E01001358,"1. Managers, directors and senior officials",172,39,133
E01001358,2. Professional occupations,322,71,251
E01001358,3. Associate professional and technical occupations,207,23,184
E01001358,4. Administrative and secretarial occupations,72,50,22
E01001358,5. Skilled trades occupations,57,60,-3
E01001358,"6. Caring, leisure and other service occupations",62,60,2
E01001358,7. Sales and customer service occupations,65,50,15
E01001358,"8. Process, plant and machine operatives",43,49,-6
E01001358,9. Elementary occupations,78,98,-20
E01001359,"1. Managers, directors and senior officials",68,66,2
E01001359,2. Professional occupations,105,72,33
E01001359,3. Associate professional and technical occupations,75,34,41
E01001359,4. Administrative and secretarial occupations,66,83,-17
E01001359,5. Skilled trades occupations,72,91,-19
E01001359,"6. Caring, leisure and other service occupations",64,61,3
E01001359,7. Sales and customer service occupations,144,125,19
E01001359,"8. Process, plant and machine operatives",124,103,21
E01001359,9. Elementary occupations,250,226,24
E01001360,"1. Managers, directors and senior officials",79,45,34
E01001360,2. Professional occupations,118,88,30
E01001360,3. Associate professional and technical occupations,71,24,47
E01001360,4. Administrative and secretarial occupations,79,86,-7
E01001360,5. Skilled trades occupations,80,72,8
E01001360,"6. Caring, leisure and other service occupations",58,44,14
E01001360,7. Sales and customer service occupations,108,111,-3
E01001360,"8. Process, plant and machine operatives",118,102,16
E01001360,9. Elementary occupations,285,194,91
E01001361,"1. Managers, directors and senior officials",55,53,2
E01001361,2. Professional occupations,75,62,13
E01001361,3. Associate professional and technical occupations,60,27,33
E01001361,4. Administrative and secretarial occupations,68,66,2
E01001361,5. Skilled trades occupations,71,79,-8
E01001361,"6. Caring, leisure and other service occupations",74,45,29
E01001361,7. Sales and customer service occupations,106,90,16
E01001361,"8. Process, plant and machine operatives",117,72,45
E01001361,9. Elementary occupations,273,191,82
E01001362,"1. Managers, directors and senior officials",61,68,-7
E01001362,2. Professional occupations,105,86,19
E01001362,3. Associate professional and technical occupations,71,26,45
E01001362,4. Administrative and secretarial occupations,76,79,-3
E01001362,5. Skilled trades occupations,96,79,17
E01001362,"6. Caring, leisure and other service occupations",91,47,44
E01001362,7. Sales and customer service occupations,125,121,4
E01001362,"8. Process, plant and machine operatives",120,92,28
E01001362,9. Elementary occupations,285,237,48
E01001363,"1. Managers, directors and senior officials",54,46,8
E01001363,2. Professional occupations,93,55,38
E01001363,3. Associate professional and technical occupations,51,23,28
E01001363,4. Administrative and secretarial occupations,45,61,-16
E01001363,5. Skilled trades occupations,61,54,7
E01001363,"6. Caring, leisure and other service occupations",54,44,10
E01001363,7. Sales and customer service occupations,108,86,22
E01001363,"8. Process, plant and machine operatives",115,79,36
E01001363,9. Elementary occupations,220,191,29
E01001364,"1. Managers, directors and senior officials",43,37,6
E01001364,2. Professional occupations,78,76,2
E01001364,3. Associate professional and technical occupations,68,16,52
E01001364,4. Administrative and secretarial occupations,56,65,-9
E01001364,5. Skilled trades occupations,55,38,17
E01001364,"6. Caring, leisure and other service occupations",53,53,0
E01001364,7. Sales and customer service occupations,108,97,11
E01001364,"8. Process, plant and machine operatives",92,78,14
E01001364,9. Elementary occupations,138,115,23
E01001365,"1. Managers, directors and senior officials",95,71,24
E01001365,2. Professional occupations,120,90,30
E01001365,3. Associate professional and technical occupations,71,34,37
E01001365,4. Administrative and secretarial occupations,82,73,9
E01001365,5. Skilled trades occupations,89,94,-5
E01001365,"6. Caring, leisure and other service occupations",70,61,9
E01001365,7. Sales and customer service occupations,137,126,11
E01001365,"8. Process, plant and machine operatives",134,113,21
E01001365,9. Elementary occupations,244,230,14
E01001366,"1. Managers, directors and senior officials",44,64,-20
E01001366,2. Professional occupations,83,59,24
E01001366,3. Associate professional and technical occupations,48,30,18
E01001366,4. Administrative and secretarial occupations,51,71,-20
E01001366,5. Skilled trades occupations,59,84,-25
E01001366,"6. Caring, leisure and other service occupations",59,67,-8
E01001366,7. Sales and customer service occupations,105,87,18
E01001366,"8. Process, plant and machine operatives",122,113,9
E01001366,9. Elementary occupations,194,188,6
E01001367,"1. Managers, directors and senior officials",69,42,27
E01001367,2. Professional occupations,102,45,57
E01001367,3. Associate professional and technical occupations,81,10,71
E01001367,4. Administrative and secretarial occupations,80,50,30
E01001367,5. Skilled trades occupations,101,109,-8
E01001367,"6. Caring, leisure and other service occupations",82,44,38
E01001367,7. Sales and customer service occupations,119,100,19
E01001367,"8. Process, plant and machine operatives",122,83,39
E01001367,9. Elementary occupations,338,224,114
E01001368,"1. Managers, directors and senior officials",58,60,-2
E01001368,2. Professional occupations,77,55,22
E01001368,3. Associate professional and technical occupations,54,24,30
E01001368,4. Administrative and secretarial occupations,59,56,3
E01001368,5. Skilled trades occupations,74,74,0
E01001368,"6. Caring, leisure and other service occupations",54,44,10
E01001368,7. Sales and customer service occupations,110,105,5
E01001368,"8. Process, plant and machine operatives",82,94,-12
E01001368,9. Elementary occupations,150,159,-9
E01001369,"1. Managers, directors and senior officials",50,62,-12
E01001369,2. Professional occupations,73,93,-20
E01001369,3. Associate professional and technical occupations,58,61,-3
E01001369,4. Administrative and secretarial occupations,52,78,-26
E01001369,5. Skilled trades occupations,64,73,-9
E01001369,"6. Caring, leisure and other service occupations",63,43,20
E01001369,7. Sales and customer service occupations,106,92,14
E01001369,"8. Process, plant and machine operatives",94,87,7
E01001369,9. Elementary occupations,243,185,58
E01001370,"1. Managers, directors and senior officials",67,54,13
E01001370,2. Professional occupations,91,63,28
E01001370,3. Associate professional and technical occupations,74,32,42
E01001370,4. Administrative and secretarial occupations,73,86,-13
E01001370,5. Skilled trades occupations,104,90,14
E01001370,"6. Caring, leisure and other service occupations",64,51,13
E01001370,7. Sales and customer service occupations,124,100,24
E01001370,"8. Process, plant and machine operatives",118,103,15
E01001370,9. Elementary occupations,237,183,54
E01001371,"1. Managers, directors and senior officials",55,62,-7
E01001371,2. Professional occupations,76,77,-1
E01001371,3. Associate professional and technical occupations,70,26,44
E01001371,4. Administrative and secretarial occupations,53,85,-32
E01001371,5. Skilled trades occupations,60,77,-17
E01001371,"6. Caring, leisure and other service occupations",76,73,3
E01001371,7. Sales and customer service occupations,113,114,-1
E01001371,"8. Process, plant and machine operatives",107,98,9
E01001371,9. Elementary occupations,248,184,64
E01001372,"1. Managers, directors and senior officials",69,45,24
E01001372,2. Professional occupations,121,60,61
E01001372,3. Associate professional and technical occupations,88,20,68
E01001372,4. Administrative and secretarial occupations,68,78,-10
E01001372,5. Skilled trades occupations,87,72,15
E01001372,"6. Caring, leisure and other service occupations",63,52,11
E01001372,7. Sales and customer service occupations,128,87,41
E01001372,"8. Process, plant and machine operatives",125,94,31
E01001372,9. Elementary occupations,319,209,110
E01001373,"1. Managers, directors and senior officials",67,41,26
E01001373,2. Professional occupations,86,61,25
E01001373,3. Associate professional and technical occupations,63,14,49
E01001373,4. Administrative and secretarial occupations,57,49,8
E01001373,5. Skilled trades occupations,71,65,6
E01001373,"6. Caring, leisure and other service occupations",70,44,26
E01001373,7. Sales and customer service occupations,97,72,25
E01001373,"8. Process, plant and machine operatives",116,83,33
E01001373,9. Elementary occupations,242,202,40
E01001374,"1. Managers, directors and senior officials",270,183,87
E01001374,2. Professional occupations,363,274,89
E01001374,3. Associate professional and technical occupations,244,66,178
E01001374,4. Administrative and secretarial occupations,69,91,-22
E01001374,5. Skilled trades occupations,56,45,11
E01001374,"6. Caring, leisure and other service occupations",58,57,1
E01001374,7. Sales and customer service occupations,41,44,-3
E01001374,"8. Process, plant and machine operatives",28,22,6
E01001374,9. Elementary occupations,32,45,-13
E01001375,"1. Managers, directors and senior officials",271,219,52
E01001375,2. Professional occupations,321,313,8
E01001375,3. Associate professional and technical occupations,165,55,110
E01001375,4. Administrative and secretarial occupations,59,65,-6
E01001375,5. Skilled trades occupations,23,24,-1
E01001375,"6. Caring, leisure and other service occupations",34,45,-11
E01001375,7. Sales and customer service occupations,28,37,-9
E01001375,"8. Process, plant and machine operatives",6,8,-2
E01001375,9. Elementary occupations,22,26,-4
E01001376,"1. Managers, directors and senior officials",163,120,43
E01001376,2. Professional occupations,236,240,-4
E01001376,3. Associate professional and technical occupations,169,46,123
E01001376,4. Administrative and secretarial occupations,72,93,-21
E01001376,5. Skilled trades occupations,42,56,-14
E01001376,"6. Caring, leisure and other service occupations",75,49,26
E01001376,7. Sales and customer service occupations,35,46,-11
E01001376,"8. Process, plant and machine operatives",37,22,15
E01001376,9. Elementary occupations,59,73,-14
E01001377,"1. Managers, directors and senior officials",233,217,16
E01001377,2. Professional occupations,264,268,-4
E01001377,3. Associate professional and technical occupations,145,55,90
E01001377,4. Administrative and secretarial occupations,64,66,-2
E01001377,5. Skilled trades occupations,9,22,-13
E01001377,"6. Caring, leisure and other service occupations",39,33,6
E01001377,7. Sales and customer service occupations,15,31,-16
E01001377,"8. Process, plant and machine operatives",24,17,7
E01001377,9. Elementary occupations,23,23,0
E01001379,"1. Managers, directors and senior officials",277,211,66
E01001379,2. Professional occupations,315,338,-23
E01001379,3. Associate professional and technical occupations,182,42,140
E01001379,4. Administrative and secretarial occupations,46,63,-17
E01001379,5. Skilled trades occupations,35,36,-1
E01001379,"6. Caring, leisure and other service occupations",36,31,5
E01001379,7. Sales and customer service occupations,18,31,-13
E01001379,"8. Process, plant and machine operatives",10,13,-3
E01001379,9. Elementary occupations,18,27,-9
E01001380,"1. Managers, directors and senior officials",307,182,125
E01001380,2. Professional occupations,497,336,161
E01001380,3. Associate professional and technical occupations,291,63,228
E01001380,4. Administrative and secretarial occupations,82,80,2
E01001380,5. Skilled trades occupations,34,53,-19
E01001380,"6. Caring, leisure and other service occupations",56,43,13
E01001380,7. Sales and customer service occupations,53,41,12
E01001380,"8. Process, plant and machine operatives",25,21,4
E01001380,9. Elementary occupations,40,29,11
E01001381,"1. Managers, directors and senior officials",199,128,71
E01001381,2. Professional occupations,259,225,34
E01001381,3. Associate professional and technical occupations,216,43,173
E01001381,4. Administrative and secretarial occupations,73,95,-22
E01001381,5. Skilled trades occupations,73,86,-13
E01001381,"6. Caring, leisure and other service occupations",75,62,13
E01001381,7. Sales and customer service occupations,50,81,-31
E01001381,"8. Process, plant and machine operatives",38,37,1
E01001381,9. Elementary occupations,58,81,-23
E01001382,"1. Managers, directors and senior officials",174,141,33
E01001382,2. Professional occupations,280,255,25
E01001382,3. Associate professional and technical occupations,121,49,72
E01001382,4. Administrative and secretarial occupations,58,91,-33
E01001382,5. Skilled trades occupations,23,40,-17
E01001382,"6. Caring, leisure and other service occupations",36,41,-5
E01001382,7. Sales and customer service occupations,23,30,-7
E01001382,"8. Process, plant and machine operatives",18,15,3
E01001382,9. Elementary occupations,23,31,-8
E01001383,"1. Managers, directors and senior officials",188,134,54
E01001383,2. Professional occupations,294,304,-10
E01001383,3. Associate professional and technical occupations,148,82,66
E01001383,4. Administrative and secretarial occupations,82,106,-24
E01001383,5. Skilled trades occupations,62,90,-28
E01001383,"6. Caring, leisure and other service occupations",45,56,-11
E01001383,7. Sales and customer service occupations,43,48,-5
E01001383,"8. Process, plant and machine operatives",30,38,-8
E01001383,9. Elementary occupations,68,62,6
E01001384,"1. Managers, directors and senior officials",183,135,48
E01001384,2. Professional occupations,330,277,53
E01001384,3. Associate professional and technical occupations,186,66,120
E01001384,4. Administrative and secretarial occupations,95,108,-13
E01001384,5. Skilled trades occupations,72,83,-11
E01001384,"6. Caring, leisure and other service occupations",47,74,-27
E01001384,7. Sales and customer service occupations,25,45,-20
E01001384,"8. Process, plant and machine operatives",28,24,4
E01001384,9. Elementary occupations,54,64,-10
E01001385,"1. Managers, directors and senior officials",189,129,60
E01001385,2. Professional occupations,311,269,42
E01001385,3. Associate professional and technical occupations,169,52,117
E01001385,4. Administrative and secretarial occupations,61,104,-43
E01001385,5. Skilled trades occupations,49,52,-3
E01001385,"6. Caring, leisure and other service occupations",56,49,7
E01001385,7. Sales and customer service occupations,32,57,-25
E01001385,"8. Process, plant and machine operatives",17,19,-2
E01001385,9. Elementary occupations,39,61,-22
E01001386,"1. Managers, directors and senior officials",266,174,92
E01001386,2. Professional occupations,335,352,-17
E01001386,3. Associate professional and technical occupations,190,66,124
E01001386,4. Administrative and secretarial occupations,53,70,-17
E01001386,5. Skilled trades occupations,44,30,14
E01001386,"6. Caring, leisure and other service occupations",56,45,11
E01001386,7. Sales and customer service occupations,39,29,10
E01001386,"8. Process, plant and machine operatives",9,23,-14
E01001386,9. Elementary occupations,24,34,-10
E01001387,"1. Managers, directors and senior officials",170,130,40
E01001387,2. Professional occupations,281,295,-14
E01001387,3. Associate professional and technical occupations,179,52,127
E01001387,4. Administrative and secretarial occupations,50,89,-39
E01001387,5. Skilled trades occupations,53,50,3
E01001387,"6. Caring, leisure and other service occupations",47,44,3
E01001387,7. Sales and customer service occupations,41,44,-3
E01001387,"8. Process, plant and machine operatives",26,22,4
E01001387,9. Elementary occupations,56,50,6
E01001388,"1. Managers, directors and senior officials",98,96,2
E01001388,2. Professional occupations,197,223,-26
E01001388,3. Associate professional and technical occupations,116,37,79
E01001388,4. Administrative and secretarial occupations,54,81,-27
E01001388,5. Skilled trades occupations,40,60,-20
E01001388,"6. Caring, leisure and other service occupations",52,58,-6
E01001388,7. Sales and customer service occupations,41,47,-6
E01001388,"8. Process, plant and machine operatives",28,18,10
E01001388,9. Elementary occupations,57,77,-20
E01001389,"1. Managers, directors and senior officials",142,110,32
E01001389,2. Professional occupations,264,265,-1
E01001389,3. Associate professional and technical occupations,140,55,85
E01001389,4. Administrative and secretarial occupations,82,99,-17
E01001389,5. Skilled trades occupations,55,87,-32
E01001389,"6. Caring, leisure and other service occupations",56,50,6
E01001389,7. Sales and customer service occupations,39,50,-11
E01001389,"8. Process, plant and machine operatives",32,29,3
E01001389,9. Elementary occupations,77,99,-22
E01001390,"1. Managers, directors and senior officials",136,121,15
E01001390,2. Professional occupations,264,267,-3
E01001390,3. Associate professional and technical occupations,179,69,110
E01001390,4. Administrative and secretarial occupations,83,145,-62
E01001390,5. Skilled trades occupations,87,99,-12
E01001390,"6. Caring, leisure and other service occupations",62,74,-12
E01001390,7. Sales and customer service occupations,53,88,-35
E01001390,"8. Process, plant and machine operatives",48,29,19
E01001390,9. Elementary occupations,104,137,-33
E01001391,"1. Managers, directors and senior officials",128,93,35
E01001391,2. Professional occupations,194,169,25
E01001391,3. Associate professional and technical occupations,138,48,90
E01001391,4. Administrative and secretarial occupations,106,108,-2
E01001391,5. Skilled trades occupations,107,101,6
E01001391,"6. Caring, leisure and other service occupations",76,74,2
E01001391,7. Sales and customer service occupations,63,52,11
E01001391,"8. Process, plant and machine operatives",42,36,6
E01001391,9. Elementary occupations,113,122,-9
E01001392,"1. Managers, directors and senior officials",142,114,28
E01001392,2. Professional occupations,271,254,17
E01001392,3. Associate professional and technical occupations,167,53,114
E01001392,4. Administrative and secretarial occupations,86,114,-28
E01001392,5. Skilled trades occupations,111,105,6
E01001392,"6. Caring, leisure and other service occupations",56,64,-8
E01001392,7. Sales and customer service occupations,49,73,-24
E01001392,"8. Process, plant and machine operatives",41,37,4
E01001392,9. Elementary occupations,91,82,9
E01001393,"1. Managers, directors and senior officials",123,119,4
E01001393,2. Professional occupations,260,268,-8
E01001393,3. Associate professional and technical occupations,170,74,96
E01001393,4. Administrative and secretarial occupations,80,130,-50
E01001393,5. Skilled trades occupations,134,123,11
E01001393,"6. Caring, leisure and other service occupations",91,96,-5
E01001393,7. Sales and customer service occupations,50,68,-18
E01001393,"8. Process, plant and machine operatives",53,56,-3
E01001393,9. Elementary occupations,133,176,-43
E01001394,"1. Managers, directors and senior officials",93,100,-7
E01001394,2. Professional occupations,127,107,20
E01001394,3. Associate professional and technical occupations,120,46,74
E01001394,4. Administrative and secretarial occupations,71,101,-30
E01001394,5. Skilled trades occupations,169,76,93
E01001394,"6. Caring, leisure and other service occupations",82,83,-1
E01001394,7. Sales and customer service occupations,58,65,-7
E01001394,"8. Process, plant and machine operatives",63,46,17
E01001394,9. Elementary occupations,147,105,42
E01001395,"1. Managers, directors and senior officials",62,67,-5
E01001395,2. Professional occupations,119,102,17
E01001395,3. Associate professional and technical occupations,75,34,41
E01001395,4. Administrative and secretarial occupations,75,74,1
E01001395,5. Skilled trades occupations,66,62,4
E01001395,"6. Caring, leisure and other service occupations",85,78,7
E01001395,7. Sales and customer service occupations,63,72,-9
E01001395,"8. Process, plant and machine operatives",84,45,39
E01001395,9. Elementary occupations,113,87,26
E01001396,"1. Managers, directors and senior officials",79,80,-1
E01001396,2. Professional occupations,139,117,22
E01001396,3. Associate professional and technical occupations,88,29,59
E01001396,4. Administrative and secretarial occupations,57,84,-27
E01001396,5. Skilled trades occupations,105,89,16
E01001396,"6. Caring, leisure and other service occupations",69,72,-3
E01001396,7. Sales and customer service occupations,51,50,1
E01001396,"8. Process, plant and machine operatives",55,38,17
E01001396,9. Elementary occupations,101,89,12
E01001397,"1. Managers, directors and senior officials",99,92,7
E01001397,2. Professional occupations,185,136,49
E01001397,3. Associate professional and technical occupations,99,78,21
E01001397,4. Administrative and secretarial occupations,60,129,-69
E01001397,5. Skilled trades occupations,112,121,-9
E01001397,"6. Caring, leisure and other service occupations",83,73,10
E01001397,7. Sales and customer service occupations,75,94,-19
E01001397,"8. Process, plant and machine operatives",73,46,27
E01001397,9. Elementary occupations,135,121,14
E01001398,"1. Managers, directors and senior officials",103,88,15
E01001398,2. Professional occupations,188,161,27
E01001398,3. Associate professional and technical occupations,106,70,36
E01001398,4. Administrative and secretarial occupations,80,104,-24
E01001398,5. Skilled trades occupations,52,73,-21
E01001398,"6. Caring, leisure and other service occupations",41,75,-34
E01001398,7. Sales and customer service occupations,26,37,-11
E01001398,"8. Process, plant and machine operatives",26,27,-1
E01001398,9. Elementary occupations,36,32,4
E01001399,"1. Managers, directors and senior officials",100,97,3
E01001399,2. Professional occupations,149,133,16
E01001399,3. Associate professional and technical occupations,91,52,39
E01001399,4. Administrative and secretarial occupations,87,125,-38
E01001399,5. Skilled trades occupations,89,78,11
E01001399,"6. Caring, leisure and other service occupations",64,71,-7
E01001399,7. Sales and customer service occupations,46,51,-5
E01001399,"8. Process, plant and machine operatives",37,44,-7
E01001399,9. Elementary occupations,76,44,32
E01001400,"1. Managers, directors and senior officials",106,66,40
E01001400,2. Professional occupations,157,123,34
E01001400,3. Associate professional and technical occupations,119,44,75
E01001400,4. Administrative and secretarial occupations,80,77,3
E01001400,5. Skilled trades occupations,55,45,10
E01001400,"6. Caring, leisure and other service occupations",60,49,11
E01001400,7. Sales and customer service occupations,35,35,0
E01001400,"8. Process, plant and machine operatives",26,25,1
E01001400,9. Elementary occupations,57,29,28
E01001401,"1. Managers, directors and senior officials",85,65,20
E01001401,2. Professional occupations,166,119,47
E01001401,3. Associate professional and technical occupations,95,40,55
E01001401,4. Administrative and secretarial occupations,69,105,-36
E01001401,5. Skilled trades occupations,69,71,-2
E01001401,"6. Caring, leisure and other service occupations",41,60,-19
E01001401,7. Sales and customer service occupations,31,46,-15
E01001401,"8. Process, plant and machine operatives",39,34,5
E01001401,9. Elementary occupations,44,40,4
E01001402,"1. Managers, directors and senior officials",180,141,39
E01001402,2. Professional occupations,217,228,-11
E01001402,3. Associate professional and technical occupations,118,52,66
E01001402,4. Administrative and secretarial occupations,103,127,-24
E01001402,5. Skilled trades occupations,77,86,-9
E01001402,"6. Caring, leisure and other service occupations",51,56,-5
E01001402,7. Sales and customer service occupations,58,57,1
E01001402,"8. Process, plant and machine operatives",52,26,26
E01001402,9. Elementary occupations,57,62,-5
E01001403,"1. Managers, directors and senior officials",122,117,5
E01001403,2. Professional occupations,144,162,-18
E01001403,3. Associate professional and technical occupations,98,56,42
E01001403,4. Administrative and secretarial occupations,93,139,-46
E01001403,5. Skilled trades occupations,58,85,-27
E01001403,"6. Caring, leisure and other service occupations",90,71,19
E01001403,7. Sales and customer service occupations,73,72,1
E01001403,"8. Process, plant and machine operatives",55,59,-4
E01001403,9. Elementary occupations,52,63,-11
E01001404,"1. Managers, directors and senior officials",96,70,26
E01001404,2. Professional occupations,135,129,6
E01001404,3. Associate professional and technical occupations,95,46,49
E01001404,4. Administrative and secretarial occupations,67,94,-27
E01001404,5. Skilled trades occupations,64,56,8
E01001404,"6. Caring, leisure and other service occupations",59,67,-8
E01001404,7. Sales and customer service occupations,51,53,-2
E01001404,"8. Process, plant and machine operatives",45,39,6
E01001404,9. Elementary occupations,50,51,-1
E01001405,"1. Managers, directors and senior officials",130,119,11
E01001405,2. Professional occupations,217,194,23
E01001405,3. Associate professional and technical occupations,102,70,32
E01001405,4. Administrative and secretarial occupations,57,96,-39
E01001405,5. Skilled trades occupations,56,66,-10
E01001405,"6. Caring, leisure and other service occupations",42,47,-5
E01001405,7. Sales and customer service occupations,28,42,-14
E01001405,"8. Process, plant and machine operatives",35,35,0
E01001405,9. Elementary occupations,52,43,9
E01001406,"1. Managers, directors and senior officials",106,89,17
E01001406,2. Professional occupations,184,168,16
E01001406,3. Associate professional and technical occupations,123,52,71
E01001406,4. Administrative and secretarial occupations,60,106,-46
E01001406,5. Skilled trades occupations,71,66,5
E01001406,"6. Caring, leisure and other service occupations",75,72,3
E01001406,7. Sales and customer service occupations,46,51,-5
E01001406,"8. Process, plant and machine operatives",55,42,13
E01001406,9. Elementary occupations,66,67,-1
E01001407,"1. Managers, directors and senior officials",93,71,22
E01001407,2. Professional occupations,175,116,59
E01001407,3. Associate professional and technical occupations,91,47,44
E01001407,4. Administrative and secretarial occupations,92,96,-4
E01001407,5. Skilled trades occupations,72,90,-18
E01001407,"6. Caring, leisure and other service occupations",71,61,10
E01001407,7. Sales and customer service occupations,57,29,28
E01001407,"8. Process, plant and machine operatives",46,34,12
E01001407,9. Elementary occupations,64,47,17
E01001408,"1. Managers, directors and senior officials",129,97,32
E01001408,2. Professional occupations,224,198,26
E01001408,3. Associate professional and technical occupations,145,68,77
E01001408,4. Administrative and secretarial occupations,95,125,-30
E01001408,5. Skilled trades occupations,84,87,-3
E01001408,"6. Caring, leisure and other service occupations",61,83,-22
E01001408,7. Sales and customer service occupations,46,56,-10
E01001408,"8. Process, plant and machine operatives",31,25,6
E01001408,9. Elementary occupations,50,62,-12
E01001409,"1. Managers, directors and senior officials",114,57,57
E01001409,2. Professional occupations,133,141,-8
E01001409,3. Associate professional and technical occupations,124,39,85
E01001409,4. Administrative and secretarial occupations,100,130,-30
E01001409,5. Skilled trades occupations,79,80,-1
E01001409,"6. Caring, leisure and other service occupations",110,85,25
E01001409,7. Sales and customer service occupations,77,78,-1
E01001409,"8. Process, plant and machine operatives",58,78,-20
E01001409,9. Elementary occupations,114,79,35
E01001410,"1. Managers, directors and senior officials",83,60,23
E01001410,2. Professional occupations,148,134,14
E01001410,3. Associate professional and technical occupations,99,48,51
E01001410,4. Administrative and secretarial occupations,64,115,-51
E01001410,5. Skilled trades occupations,79,65,14
E01001410,"6. Caring, leisure and other service occupations",99,94,5
E01001410,7. Sales and customer service occupations,77,87,-10
E01001410,"8. Process, plant and machine operatives",69,74,-5
E01001410,9. Elementary occupations,95,100,-5
E01001411,"1. Managers, directors and senior officials",134,110,24
E01001411,2. Professional occupations,250,225,25
E01001411,3. Associate professional and technical occupations,152,70,82
E01001411,4. Administrative and secretarial occupations,102,135,-33
E01001411,5. Skilled trades occupations,66,71,-5
E01001411,"6. Caring, leisure and other service occupations",59,74,-15
E01001411,7. Sales and customer service occupations,36,48,-12
E01001411,"8. Process, plant and machine operatives",24,46,-22
E01001411,9. Elementary occupations,55,68,-13
E01001412,"1. Managers, directors and senior officials",160,111,49
E01001412,2. Professional occupations,132,104,28
E01001412,3. Associate professional and technical occupations,92,40,52
E01001412,4. Administrative and secretarial occupations,103,123,-20
E01001412,5. Skilled trades occupations,83,120,-37
E01001412,"6. Caring, leisure and other service occupations",61,83,-22
E01001412,7. Sales and customer service occupations,66,60,6
E01001412,"8. Process, plant and machine operatives",46,65,-19
E01001412,9. Elementary occupations,72,66,6
E01001413,"1. Managers, directors and senior officials",149,132,17
E01001413,2. Professional occupations,210,151,59
E01001413,3. Associate professional and technical occupations,110,57,53
E01001413,4. Administrative and secretarial occupations,91,126,-35
E01001413,5. Skilled trades occupations,66,93,-27
E01001413,"6. Caring, leisure and other service occupations",57,85,-28
E01001413,7. Sales and customer service occupations,45,41,4
E01001413,"8. Process, plant and machine operatives",26,41,-15
E01001413,9. Elementary occupations,28,36,-8
E01001414,"1. Managers, directors and senior officials",56,33,23
E01001414,2. Professional occupations,107,102,5
E01001414,3. Associate professional and technical occupations,65,38,27
E01001414,4. Administrative and secretarial occupations,56,56,0
E01001414,5. Skilled trades occupations,64,73,-9
E01001414,"6. Caring, leisure and other service occupations",59,60,-1
E01001414,7. Sales and customer service occupations,62,62,0
E01001414,"8. Process, plant and machine operatives",55,32,23
E01001414,9. Elementary occupations,94,78,16
E01001415,"1. Managers, directors and senior officials",177,101,76
E01001415,2. Professional occupations,298,135,163
E01001415,3. Associate professional and technical occupations,142,46,96
E01001415,4. Administrative and secretarial occupations,103,96,7
E01001415,5. Skilled trades occupations,71,60,11
E01001415,"6. Caring, leisure and other service occupations",77,55,22
E01001415,7. Sales and customer service occupations,44,51,-7
E01001415,"8. Process, plant and machine operatives",42,28,14
E01001415,9. Elementary occupations,50,52,-2
E01001416,"1. Managers, directors and senior officials",172,155,17
E01001416,2. Professional occupations,269,252,17
E01001416,3. Associate professional and technical occupations,123,62,61
E01001416,4. Administrative and secretarial occupations,105,147,-42
E01001416,5. Skilled trades occupations,45,68,-23
E01001416,"6. Caring, leisure and other service occupations",53,95,-42
E01001416,7. Sales and customer service occupations,45,70,-25
E01001416,"8. Process, plant and machine operatives",23,29,-6
E01001416,9. Elementary occupations,30,58,-28
E01001417,"1. Managers, directors and senior officials",297,228,69
E01001417,2. Professional occupations,243,167,76
E01001417,3. Associate professional and technical occupations,116,39,77
E01001417,4. Administrative and secretarial occupations,105,105,0
E01001417,5. Skilled trades occupations,39,42,-3
E01001417,"6. Caring, leisure and other service occupations",30,51,-21
E01001417,7. Sales and customer service occupations,47,39,8
E01001417,"8. Process, plant and machine operatives",12,10,2
E01001417,9. Elementary occupations,7,26,-19
E01001418,"1. Managers, directors and senior officials",147,105,42
E01001418,2. Professional occupations,201,152,49
E01001418,3. Associate professional and technical occupations,111,52,59
E01001418,4. Administrative and secretarial occupations,79,110,-31
E01001418,5. Skilled trades occupations,52,57,-5
E01001418,"6. Caring, leisure and other service occupations",51,55,-4
E01001418,7. Sales and customer service occupations,47,55,-8
E01001418,"8. Process, plant and machine operatives",29,29,0
E01001418,9. Elementary occupations,47,44,3
E01001419,"1. Managers, directors and senior officials",174,96,78
E01001419,2. Professional occupations,224,179,45
E01001419,3. Associate professional and technical occupations,105,49,56
E01001419,4. Administrative and secretarial occupations,94,106,-12
E01001419,5. Skilled trades occupations,75,52,23
E01001419,"6. Caring, leisure and other service occupations",58,52,6
E01001419,7. Sales and customer service occupations,48,47,1
E01001419,"8. Process, plant and machine operatives",45,38,7
E01001419,9. Elementary occupations,55,43,12
E01001420,"1. Managers, directors and senior officials",111,76,35
E01001420,2. Professional occupations,165,121,44
E01001420,3. Associate professional and technical occupations,103,29,74
E01001420,4. Administrative and secretarial occupations,79,84,-5
E01001420,5. Skilled trades occupations,61,69,-8
E01001420,"6. Caring, leisure and other service occupations",76,78,-2
E01001420,7. Sales and customer service occupations,61,65,-4
E01001420,"8. Process, plant and machine operatives",40,36,4
E01001420,9. Elementary occupations,62,65,-3
E01001421,"1. Managers, directors and senior officials",96,81,15
E01001421,2. Professional occupations,169,137,32
E01001421,3. Associate professional and technical occupations,97,32,65
E01001421,4. Administrative and secretarial occupations,70,89,-19
E01001421,5. Skilled trades occupations,76,63,13
E01001421,"6. Caring, leisure and other service occupations",64,49,15
E01001421,7. Sales and customer service occupations,41,73,-32
E01001421,"8. Process, plant and machine operatives",47,42,5
E01001421,9. Elementary occupations,84,91,-7
E01001422,"1. Managers, directors and senior officials",248,231,17
E01001422,2. Professional occupations,215,185,30
E01001422,3. Associate professional and technical occupations,122,43,79
E01001422,4. Administrative and secretarial occupations,80,87,-7
E01001422,5. Skilled trades occupations,25,30,-5
E01001422,"6. Caring, leisure and other service occupations",31,27,4
E01001422,7. Sales and customer service occupations,23,29,-6
E01001422,"8. Process, plant and machine operatives",4,5,-1
E01001422,9. Elementary occupations,16,23,-7
E01001423,"1. Managers, directors and senior officials",76,43,33
E01001423,2. Professional occupations,96,81,15
E01001423,3. Associate professional and technical occupations,60,20,40
E01001423,4. Administrative and secretarial occupations,66,64,2
E01001423,5. Skilled trades occupations,83,68,15
E01001423,"6. Caring, leisure and other service occupations",67,64,3
E01001423,7. Sales and customer service occupations,79,65,14
E01001423,"8. Process, plant and machine operatives",59,32,27
E01001423,9. Elementary occupations,83,57,26
E01001424,"1. Managers, directors and senior officials",30,47,-17
E01001424,2. Professional occupations,75,85,-10
E01001424,3. Associate professional and technical occupations,60,38,22
E01001424,4. Administrative and secretarial occupations,40,74,-34
E01001424,5. Skilled trades occupations,59,44,15
E01001424,"6. Caring, leisure and other service occupations",62,79,-17
E01001424,7. Sales and customer service occupations,40,54,-14
E01001424,"8. Process, plant and machine operatives",36,34,2
E01001424,9. Elementary occupations,63,85,-22
E01001425,"1. Managers, directors and senior officials",59,51,8
E01001425,2. Professional occupations,108,87,21
E01001425,3. Associate professional and technical occupations,79,24,55
E01001425,4. Administrative and secretarial occupations,44,54,-10
E01001425,5. Skilled trades occupations,74,59,15
E01001425,"6. Caring, leisure and other service occupations",82,87,-5
E01001425,7. Sales and customer service occupations,70,65,5
E01001425,"8. Process, plant and machine operatives",71,52,19
E01001425,9. Elementary occupations,144,116,28
E01001426,"1. Managers, directors and senior officials",42,58,-16
E01001426,2. Professional occupations,119,84,35
E01001426,3. Associate professional and technical occupations,77,36,41
E01001426,4. Administrative and secretarial occupations,60,81,-21
E01001426,5. Skilled trades occupations,91,88,3
E01001426,"6. Caring, leisure and other service occupations",87,82,5
E01001426,7. Sales and customer service occupations,79,88,-9
E01001426,"8. Process, plant and machine operatives",40,51,-11
E01001426,9. Elementary occupations,115,100,15
E01001427,"1. Managers, directors and senior officials",50,39,11
E01001427,2. Professional occupations,74,52,22
E01001427,3. Associate professional and technical occupations,48,31,17
E01001427,4. Administrative and secretarial occupations,44,65,-21
E01001427,5. Skilled trades occupations,66,47,19
E01001427,"6. Caring, leisure and other service occupations",98,78,20
E01001427,7. Sales and customer service occupations,57,63,-6
E01001427,"8. Process, plant and machine operatives",78,72,6
E01001427,9. Elementary occupations,111,119,-8
E01001428,"1. Managers, directors and senior officials",54,30,24
E01001428,2. Professional occupations,116,97,19
E01001428,3. Associate professional and technical occupations,56,28,28
E01001428,4. Administrative and secretarial occupations,65,68,-3
E01001428,5. Skilled trades occupations,79,50,29
E01001428,"6. Caring, leisure and other service occupations",85,61,24
E01001428,7. Sales and customer service occupations,63,55,8
E01001428,"8. Process, plant and machine operatives",71,41,30
E01001428,9. Elementary occupations,112,82,30
E01001429,"1. Managers, directors and senior officials",55,63,-8
E01001429,2. Professional occupations,128,107,21
E01001429,3. Associate professional and technical occupations,73,50,23
E01001429,4. Administrative and secretarial occupations,64,76,-12
E01001429,5. Skilled trades occupations,59,47,12
E01001429,"6. Caring, leisure and other service occupations",127,117,10
E01001429,7. Sales and customer service occupations,84,90,-6
E01001429,"8. Process, plant and machine operatives",73,61,12
E01001429,9. Elementary occupations,136,144,-8
E01001430,"1. Managers, directors and senior officials",48,41,7
E01001430,2. Professional occupations,84,45,39
E01001430,3. Associate professional and technical occupations,66,22,44
E01001430,4. Administrative and secretarial occupations,48,60,-12
E01001430,5. Skilled trades occupations,70,59,11
E01001430,"6. Caring, leisure and other service occupations",110,89,21
E01001430,7. Sales and customer service occupations,81,67,14
E01001430,"8. Process, plant and machine operatives",69,59,10
E01001430,9. Elementary occupations,125,103,22
E01001431,"1. Managers, directors and senior officials",55,40,15
E01001431,2. Professional occupations,96,68,28
E01001431,3. Associate professional and technical occupations,59,27,32
E01001431,4. Administrative and secretarial occupations,61,61,0
E01001431,5. Skilled trades occupations,73,75,-2
E01001431,"6. Caring, leisure and other service occupations",110,75,35
E01001431,7. Sales and customer service occupations,71,64,7
E01001431,"8. Process, plant and machine operatives",69,46,23
E01001431,9. Elementary occupations,103,78,25
E01001432,"1. Managers, directors and senior officials",53,47,6
E01001432,2. Professional occupations,95,91,4
E01001432,3. Associate professional and technical occupations,67,24,43
E01001432,4. Administrative and secretarial occupations,60,84,-24
E01001432,5. Skilled trades occupations,99,83,16
E01001432,"6. Caring, leisure and other service occupations",93,98,-5
E01001432,7. Sales and customer service occupations,78,95,-17
E01001432,"8. Process, plant and machine operatives",72,59,13
E01001432,9. Elementary occupations,154,146,8
E01001433,"1. Managers, directors and senior officials",57,49,8
E01001433,2. Professional occupations,92,49,43
E01001433,3. Associate professional and technical occupations,61,30,31
E01001433,4. Administrative and secretarial occupations,61,83,-22
E01001433,5. Skilled trades occupations,93,97,-4
E01001433,"6. Caring, leisure and other service occupations",97,87,10
E01001433,7. Sales and customer service occupations,79,70,9
E01001433,"8. Process, plant and machine operatives",59,65,-6
E01001433,9. Elementary occupations,105,97,8
E01001434,"1. Managers, directors and senior officials",74,73,1
E01001434,2. Professional occupations,104,69,35
E01001434,3. Associate professional and technical occupations,65,25,40
E01001434,4. Administrative and secretarial occupations,60,93,-33
E01001434,5. Skilled trades occupations,103,104,-1
E01001434,"6. Caring, leisure and other service occupations",86,72,14
E01001434,7. Sales and customer service occupations,67,73,-6
E01001434,"8. Process, plant and machine operatives",59,55,4
E01001434,9. Elementary occupations,96,85,11
E01001435,"1. Managers, directors and senior officials",66,56,10
E01001435,2. Professional occupations,88,63,25
E01001435,3. Associate professional and technical occupations,74,30,44
E01001435,4. Administrative and secretarial occupations,71,96,-25
E01001435,5. Skilled trades occupations,78,72,6
E01001435,"6. Caring, leisure and other service occupations",64,67,-3
E01001435,7. Sales and customer service occupations,68,64,4
E01001435,"8. Process, plant and machine operatives",46,66,-20
E01001435,9. Elementary occupations,74,75,-1
E01001436,"1. Managers, directors and senior officials",63,60,3
E01001436,2. Professional occupations,122,101,21
E01001436,3. Associate professional and technical occupations,89,40,49
E01001436,4. Administrative and secretarial occupations,77,99,-22
E01001436,5. Skilled trades occupations,96,108,-12
E01001436,"6. Caring, leisure and other service occupations",84,75,9
E01001436,7. Sales and customer service occupations,67,79,-12
E01001436,"8. Process, plant and machine operatives",73,69,4
E01001436,9. Elementary occupations,96,79,17
E01001437,"1. Managers, directors and senior officials",72,86,-14
E01001437,2. Professional occupations,144,103,41
E01001437,3. Associate professional and technical occupations,89,43,46
E01001437,4. Administrative and secretarial occupations,76,112,-36
E01001437,5. Skilled trades occupations,73,80,-7
E01001437,"6. Caring, leisure and other service occupations",117,94,23
E01001437,7. Sales and customer service occupations,104,105,-1
E01001437,"8. Process, plant and machine operatives",76,76,0
E01001437,9. Elementary occupations,109,115,-6
E01001438,"1. Managers, directors and senior officials",66,48,18
E01001438,2. Professional occupations,102,93,9
E01001438,3. Associate professional and technical occupations,63,41,22
E01001438,4. Administrative and secretarial occupations,58,88,-30
E01001438,5. Skilled trades occupations,84,77,7
E01001438,"6. Caring, leisure and other service occupations",69,61,8
E01001438,7. Sales and customer service occupations,70,75,-5
E01001438,"8. Process, plant and machine operatives",66,51,15
E01001438,9. Elementary occupations,95,80,15
E01001439,"1. Managers, directors and senior officials",88,64,24
E01001439,2. Professional occupations,107,74,33
E01001439,3. Associate professional and technical occupations,62,27,35
E01001439,4. Administrative and secretarial occupations,68,76,-8
E01001439,5. Skilled trades occupations,79,78,1
E01001439,"6. Caring, leisure and other service occupations",118,87,31
E01001439,7. Sales and customer service occupations,65,89,-24
E01001439,"8. Process, plant and machine operatives",70,64,6
E01001439,9. Elementary occupations,136,119,17
E01001440,"1. Managers, directors and senior officials",68,69,-1
E01001440,2. Professional occupations,93,71,22
E01001440,3. Associate professional and technical occupations,67,21,46
E01001440,4. Administrative and secretarial occupations,69,89,-20
E01001440,5. Skilled trades occupations,78,72,6
E01001440,"6. Caring, leisure and other service occupations",65,82,-17
E01001440,7. Sales and customer service occupations,84,78,6
E01001440,"8. Process, plant and machine operatives",52,50,2
E01001440,9. Elementary occupations,77,81,-4
E01001441,"1. Managers, directors and senior officials",58,58,0
E01001441,2. Professional occupations,85,63,22
E01001441,3. Associate professional and technical occupations,55,28,27
E01001441,4. Administrative and secretarial occupations,53,72,-19
E01001441,5. Skilled trades occupations,62,82,-20
E01001441,"6. Caring, leisure and other service occupations",74,82,-8
E01001441,7. Sales and customer service occupations,60,58,2
E01001441,"8. Process, plant and machine operatives",48,52,-4
E01001441,9. Elementary occupations,86,85,1
E01001442,"1. Managers, directors and senior officials",35,34,1
E01001442,2. Professional occupations,63,51,12
E01001442,3. Associate professional and technical occupations,46,16,30
E01001442,4. Administrative and secretarial occupations,48,51,-3
E01001442,5. Skilled trades occupations,54,64,-10
E01001442,"6. Caring, leisure and other service occupations",81,90,-9
E01001442,7. Sales and customer service occupations,64,62,2
E01001442,"8. Process, plant and machine operatives",70,52,18
E01001442,9. Elementary occupations,122,96,26
E01001444,"1. Managers, directors and senior officials",59,65,-6
E01001444,2. Professional occupations,123,101,22
E01001444,3. Associate professional and technical occupations,85,35,50
E01001444,4. Administrative and secretarial occupations,77,134,-57
E01001444,5. Skilled trades occupations,79,78,1
E01001444,"6. Caring, leisure and other service occupations",77,87,-10
E01001444,7. Sales and customer service occupations,61,69,-8
E01001444,"8. Process, plant and machine operatives",70,56,14
E01001444,9. Elementary occupations,101,87,14
E01001445,"1. Managers, directors and senior officials",120,83,37
E01001445,2. Professional occupations,229,176,53
E01001445,3. Associate professional and technical occupations,157,77,80
E01001445,4. Administrative and secretarial occupations,131,138,-7
E01001445,5. Skilled trades occupations,120,109,11
E01001445,"6. Caring, leisure and other service occupations",143,71,72
E01001445,7. Sales and customer service occupations,89,94,-5
E01001445,"8. Process, plant and machine operatives",105,71,34
E01001445,9. Elementary occupations,165,113,52
E01001446,"1. Managers, directors and senior officials",58,49,9
E01001446,2. Professional occupations,133,89,44
E01001446,3. Associate professional and technical occupations,104,52,52
E01001446,4. Administrative and secretarial occupations,68,114,-46
E01001446,5. Skilled trades occupations,97,90,7
E01001446,"6. Caring, leisure and other service occupations",91,93,-2
E01001446,7. Sales and customer service occupations,63,70,-7
E01001446,"8. Process, plant and machine operatives",64,73,-9
E01001446,9. Elementary occupations,113,93,20
E01001447,"1. Managers, directors and senior officials",59,48,11
E01001447,2. Professional occupations,111,72,39
E01001447,3. Associate professional and technical occupations,60,39,21
E01001447,4. Administrative and secretarial occupations,73,100,-27
E01001447,5. Skilled trades occupations,85,89,-4
E01001447,"6. Caring, leisure and other service occupations",80,81,-1
E01001447,7. Sales and customer service occupations,77,64,13
E01001447,"8. Process, plant and machine operatives",78,76,2
E01001447,9. Elementary occupations,126,112,14
E01001448,"1. Managers, directors and senior officials",88,66,22
E01001448,2. Professional occupations,145,104,41
E01001448,3. Associate professional and technical occupations,79,52,27
E01001448,4. Administrative and secretarial occupations,76,85,-9
E01001448,5. Skilled trades occupations,63,71,-8
E01001448,"6. Caring, leisure and other service occupations",108,96,12
E01001448,7. Sales and customer service occupations,74,81,-7
E01001448,"8. Process, plant and machine operatives",64,52,12
E01001448,9. Elementary occupations,111,93,18
E01001449,"1. Managers, directors and senior officials",69,65,4
E01001449,2. Professional occupations,103,85,18
E01001449,3. Associate professional and technical occupations,74,41,33
E01001449,4. Administrative and secretarial occupations,80,82,-2
E01001449,5. Skilled trades occupations,76,63,13
E01001449,"6. Caring, leisure and other service occupations",87,72,15
E01001449,7. Sales and customer service occupations,65,56,9
E01001449,"8. Process, plant and machine operatives",55,58,-3
E01001449,9. Elementary occupations,78,88,-10
E01001450,"1. Managers, directors and senior officials",168,132,36
E01001450,2. Professional occupations,275,215,60
E01001450,3. Associate professional and technical occupations,157,56,101
E01001450,4. Administrative and secretarial occupations,99,127,-28
E01001450,5. Skilled trades occupations,121,88,33
E01001450,"6. Caring, leisure and other service occupations",103,64,39
E01001450,7. Sales and customer service occupations,75,51,24
E01001450,"8. Process, plant and machine operatives",52,32,20
E01001450,9. Elementary occupations,96,75,21
E01001451,"1. Managers, directors and senior officials",151,122,29
E01001451,2. Professional occupations,229,171,58
E01001451,3. Associate professional and technical occupations,111,55,56
E01001451,4. Administrative and secretarial occupations,82,99,-17
E01001451,5. Skilled trades occupations,63,75,-12
E01001451,"6. Caring, leisure and other service occupations",49,56,-7
E01001451,7. Sales and customer service occupations,45,37,8
E01001451,"8. Process, plant and machine operatives",29,40,-11
E01001451,9. Elementary occupations,35,52,-17
E01001452,"1. Managers, directors and senior officials",140,108,32
E01001452,2. Professional occupations,195,130,65
E01001452,3. Associate professional and technical occupations,82,29,53
E01001452,4. Administrative and secretarial occupations,69,74,-5
E01001452,5. Skilled trades occupations,35,46,-11
E01001452,"6. Caring, leisure and other service occupations",49,32,17
E01001452,7. Sales and customer service occupations,21,31,-10
E01001452,"8. Process, plant and machine operatives",21,6,15
E01001452,9. Elementary occupations,17,21,-4
E01001453,"1. Managers, directors and senior officials",165,138,27
E01001453,2. Professional occupations,216,194,22
E01001453,3. Associate professional and technical occupations,108,52,56
E01001453,4. Administrative and secretarial occupations,83,128,-45
E01001453,5. Skilled trades occupations,44,54,-10
E01001453,"6. Caring, leisure and other service occupations",44,63,-19
E01001453,7. Sales and customer service occupations,38,35,3
E01001453,"8. Process, plant and machine operatives",18,23,-5
E01001453,9. Elementary occupations,36,17,19
E01001454,"1. Managers, directors and senior officials",152,152,0
E01001454,2. Professional occupations,199,191,8
E01001454,3. Associate professional and technical occupations,124,45,79
E01001454,4. Administrative and secretarial occupations,68,91,-23
E01001454,5. Skilled trades occupations,53,58,-5
E01001454,"6. Caring, leisure and other service occupations",43,49,-6
E01001454,7. Sales and customer service occupations,33,31,2
E01001454,"8. Process, plant and machine operatives",18,16,2
E01001454,9. Elementary occupations,40,35,5
E01001455,"1. Managers, directors and senior officials",112,93,19
E01001455,2. Professional occupations,177,159,18
E01001455,3. Associate professional and technical occupations,100,49,51
E01001455,4. Administrative and secretarial occupations,72,107,-35
E01001455,5. Skilled trades occupations,72,97,-25
E01001455,"6. Caring, leisure and other service occupations",65,73,-8
E01001455,7. Sales and customer service occupations,37,51,-14
E01001455,"8. Process, plant and machine operatives",36,33,3
E01001455,9. Elementary occupations,45,58,-13
E01001456,"1. Managers, directors and senior officials",175,141,34
E01001456,2. Professional occupations,209,226,-17
E01001456,3. Associate professional and technical occupations,122,44,78
E01001456,4. Administrative and secretarial occupations,66,114,-48
E01001456,5. Skilled trades occupations,41,59,-18
E01001456,"6. Caring, leisure and other service occupations",32,63,-31
E01001456,7. Sales and customer service occupations,22,41,-19
E01001456,"8. Process, plant and machine operatives",18,29,-11
E01001456,9. Elementary occupations,24,38,-14
E01001457,"1. Managers, directors and senior officials",165,103,62
E01001457,2. Professional occupations,254,211,43
E01001457,3. Associate professional and technical occupations,142,64,78
E01001457,4. Administrative and secretarial occupations,87,145,-58
E01001457,5. Skilled trades occupations,70,57,13
E01001457,"6. Caring, leisure and other service occupations",53,41,12
E01001457,7. Sales and customer service occupations,45,46,-1
E01001457,"8. Process, plant and machine operatives",25,30,-5
E01001457,9. Elementary occupations,50,43,7
E01001458,"1. Managers, directors and senior officials",50,37,13
E01001458,2. Professional occupations,76,72,4
E01001458,3. Associate professional and technical occupations,68,26,42
E01001458,4. Administrative and secretarial occupations,65,49,16
E01001458,5. Skilled trades occupations,92,70,22
E01001458,"6. Caring, leisure and other service occupations",83,86,-3
E01001458,7. Sales and customer service occupations,58,76,-18
E01001458,"8. Process, plant and machine operatives",60,54,6
E01001458,9. Elementary occupations,105,115,-10
E01001459,"1. Managers, directors and senior officials",54,58,-4
E01001459,2. Professional occupations,94,113,-19
E01001459,3. Associate professional and technical occupations,71,48,23
E01001459,4. Administrative and secretarial occupations,82,100,-18
E01001459,5. Skilled trades occupations,95,73,22
E01001459,"6. Caring, leisure and other service occupations",81,84,-3
E01001459,7. Sales and customer service occupations,59,79,-20
E01001459,"8. Process, plant and machine operatives",71,54,17
E01001459,9. Elementary occupations,95,87,8
E01001460,"1. Managers, directors and senior officials",56,41,15
E01001460,2. Professional occupations,119,79,40
E01001460,3. Associate professional and technical occupations,58,29,29
E01001460,4. Administrative and secretarial occupations,62,72,-10
E01001460,5. Skilled trades occupations,134,82,52
E01001460,"6. Caring, leisure and other service occupations",101,80,21
E01001460,7. Sales and customer service occupations,76,74,2
E01001460,"8. Process, plant and machine operatives",93,48,45
E01001460,9. Elementary occupations,148,109,39
E01001461,"1. Managers, directors and senior officials",43,48,-5
E01001461,2. Professional occupations,67,92,-25
E01001461,3. Associate professional and technical occupations,51,26,25
E01001461,4. Administrative and secretarial occupations,57,80,-23
E01001461,5. Skilled trades occupations,77,50,27
E01001461,"6. Caring, leisure and other service occupations",77,70,7
E01001461,7. Sales and customer service occupations,47,88,-41
E01001461,"8. Process, plant and machine operatives",58,58,0
E01001461,9. Elementary occupations,98,73,25
E01001462,"1. Managers, directors and senior officials",55,53,2
E01001462,2. Professional occupations,93,90,3
E01001462,3. Associate professional and technical occupations,71,28,43
E01001462,4. Administrative and secretarial occupations,62,73,-11
E01001462,5. Skilled trades occupations,58,42,16
E01001462,"6. Caring, leisure and other service occupations",71,75,-4
E01001462,7. Sales and customer service occupations,45,68,-23
E01001462,"8. Process, plant and machine operatives",42,36,6
E01001462,9. Elementary occupations,89,54,35
E01001463,"1. Managers, directors and senior officials",77,61,16
E01001463,2. Professional occupations,122,75,47
E01001463,3. Associate professional and technical occupations,64,37,27
E01001463,4. Administrative and secretarial occupations,83,88,-5
E01001463,5. Skilled trades occupations,97,83,14
E01001463,"6. Caring, leisure and other service occupations",70,62,8
E01001463,7. Sales and customer service occupations,48,73,-25
E01001463,"8. Process, plant and machine operatives",68,61,7
E01001463,9. Elementary occupations,81,78,3
E01001464,"1. Managers, directors and senior officials",38,42,-4
E01001464,2. Professional occupations,91,60,31
E01001464,3. Associate professional and technical occupations,61,22,39
E01001464,4. Administrative and secretarial occupations,53,58,-5
E01001464,5. Skilled trades occupations,66,59,7
E01001464,"6. Caring, leisure and other service occupations",64,64,0
E01001464,7. Sales and customer service occupations,54,47,7
E01001464,"8. Process, plant and machine operatives",49,35,14
E01001464,9. Elementary occupations,69,72,-3
E01001465,"1. Managers, directors and senior officials",70,80,-10
E01001465,2. Professional occupations,95,67,28
E01001465,3. Associate professional and technical occupations,72,27,45
E01001465,4. Administrative and secretarial occupations,85,96,-11
E01001465,5. Skilled trades occupations,98,78,20
E01001465,"6. Caring, leisure and other service occupations",61,73,-12
E01001465,7. Sales and customer service occupations,56,66,-10
E01001465,"8. Process, plant and machine operatives",70,52,18
E01001465,9. Elementary occupations,109,69,40
E01001466,"1. Managers, directors and senior officials",60,48,12
E01001466,2. Professional occupations,119,88,31
E01001466,3. Associate professional and technical occupations,88,37,51
E01001466,4. Administrative and secretarial occupations,81,107,-26
E01001466,5. Skilled trades occupations,93,78,15
E01001466,"6. Caring, leisure and other service occupations",103,69,34
E01001466,7. Sales and customer service occupations,52,75,-23
E01001466,"8. Process, plant and machine operatives",68,55,13
E01001466,9. Elementary occupations,170,130,40
E01001467,"1. Managers, directors and senior officials",65,40,25
E01001467,2. Professional occupations,150,135,15
E01001467,3. Associate professional and technical occupations,83,46,37
E01001467,4. Administrative and secretarial occupations,83,109,-26
E01001467,5. Skilled trades occupations,93,91,2
E01001467,"6. Caring, leisure and other service occupations",91,86,5
E01001467,7. Sales and customer service occupations,92,92,0
E01001467,"8. Process, plant and machine operatives",76,59,17
E01001467,9. Elementary occupations,150,86,64
E01001468,"1. Managers, directors and senior officials",137,85,52
E01001468,2. Professional occupations,215,183,32
E01001468,3. Associate professional and technical occupations,94,42,52
E01001468,4. Administrative and secretarial occupations,65,89,-24
E01001468,5. Skilled trades occupations,43,36,7
E01001468,"6. Caring, leisure and other service occupations",66,47,19
E01001468,7. Sales and customer service occupations,24,27,-3
E01001468,"8. Process, plant and machine operatives",13,23,-10
E01001468,9. Elementary occupations,28,31,-3
E01001469,"1. Managers, directors and senior officials",129,78,51
E01001469,2. Professional occupations,216,179,37
E01001469,3. Associate professional and technical occupations,109,52,57
E01001469,4. Administrative and secretarial occupations,94,96,-2
E01001469,5. Skilled trades occupations,82,88,-6
E01001469,"6. Caring, leisure and other service occupations",78,75,3
E01001469,7. Sales and customer service occupations,40,34,6
E01001469,"8. Process, plant and machine operatives",45,39,6
E01001469,9. Elementary occupations,55,74,-19
E01001470,"1. Managers, directors and senior officials",128,103,25
E01001470,2. Professional occupations,180,143,37
E01001470,3. Associate professional and technical occupations,131,49,82
E01001470,4. Administrative and secretarial occupations,105,117,-12
E01001470,5. Skilled trades occupations,58,68,-10
E01001470,"6. Caring, leisure and other service occupations",46,56,-10
E01001470,7. Sales and customer service occupations,45,46,-1
E01001470,"8. Process, plant and machine operatives",29,29,0
E01001470,9. Elementary occupations,36,40,-4
E01001471,"1. Managers, directors and senior officials",129,108,21
E01001471,2. Professional occupations,226,228,-2
E01001471,3. Associate professional and technical occupations,161,72,89
E01001471,4. Administrative and secretarial occupations,102,150,-48
E01001471,5. Skilled trades occupations,72,61,11
E01001471,"6. Caring, leisure and other service occupations",71,68,3
E01001471,7. Sales and customer service occupations,47,46,1
E01001471,"8. Process, plant and machine operatives",37,33,4
E01001471,9. Elementary occupations,45,47,-2
E01001472,"1. Managers, directors and senior officials",122,126,-4
E01001472,2. Professional occupations,242,278,-36
E01001472,3. Associate professional and technical occupations,128,65,63
E01001472,4. Administrative and secretarial occupations,80,125,-45
E01001472,5. Skilled trades occupations,68,71,-3
E01001472,"6. Caring, leisure and other service occupations",59,74,-15
E01001472,7. Sales and customer service occupations,54,62,-8
E01001472,"8. Process, plant and machine operatives",33,46,-13
E01001472,9. Elementary occupations,44,65,-21
E01001473,"1. Managers, directors and senior officials",117,83,34
E01001473,2. Professional occupations,172,114,58
E01001473,3. Associate professional and technical occupations,87,44,43
E01001473,4. Administrative and secretarial occupations,72,98,-26
E01001473,5. Skilled trades occupations,48,62,-14
E01001473,"6. Caring, leisure and other service occupations",77,66,11
E01001473,7. Sales and customer service occupations,39,57,-18
E01001473,"8. Process, plant and machine operatives",44,44,0
E01001473,9. Elementary occupations,55,46,9
E01001474,"1. Managers, directors and senior officials",162,155,7
E01001474,2. Professional occupations,259,225,34
E01001474,3. Associate professional and technical occupations,126,56,70
E01001474,4. Administrative and secretarial occupations,112,129,-17
E01001474,5. Skilled trades occupations,58,58,0
E01001474,"6. Caring, leisure and other service occupations",54,42,12
E01001474,7. Sales and customer service occupations,39,36,3
E01001474,"8. Process, plant and machine operatives",21,21,0
E01001474,9. Elementary occupations,52,35,17
E01001475,"1. Managers, directors and senior officials",169,107,62
E01001475,2. Professional occupations,254,201,53
E01001475,3. Associate professional and technical occupations,135,48,87
E01001475,4. Administrative and secretarial occupations,112,108,4
E01001475,5. Skilled trades occupations,48,68,-20
E01001475,"6. Caring, leisure and other service occupations",61,72,-11
E01001475,7. Sales and customer service occupations,33,40,-7
E01001475,"8. Process, plant and machine operatives",30,32,-2
E01001475,9. Elementary occupations,37,37,0
E01001476,"1. Managers, directors and senior officials",69,51,18
E01001476,2. Professional occupations,88,95,-7
E01001476,3. Associate professional and technical occupations,67,35,32
E01001476,4. Administrative and secretarial occupations,76,102,-26
E01001476,5. Skilled trades occupations,88,82,6
E01001476,"6. Caring, leisure and other service occupations",70,87,-17
E01001476,7. Sales and customer service occupations,64,74,-10
E01001476,"8. Process, plant and machine operatives",54,55,-1
E01001476,9. Elementary occupations,99,79,20
E01001477,"1. Managers, directors and senior officials",79,52,27
E01001477,2. Professional occupations,102,68,34
E01001477,3. Associate professional and technical occupations,64,40,24
E01001477,4. Administrative and secretarial occupations,72,68,4
E01001477,5. Skilled trades occupations,87,60,27
E01001477,"6. Caring, leisure and other service occupations",81,80,1
E01001477,7. Sales and customer service occupations,58,93,-35
E01001477,"8. Process, plant and machine operatives",80,80,0
E01001477,9. Elementary occupations,124,96,28
E01001478,"1. Managers, directors and senior officials",79,63,16
E01001478,2. Professional occupations,134,90,44
E01001478,3. Associate professional and technical occupations,79,30,49
E01001478,4. Administrative and secretarial occupations,75,120,-45
E01001478,5. Skilled trades occupations,83,63,20
E01001478,"6. Caring, leisure and other service occupations",73,73,0
E01001478,7. Sales and customer service occupations,76,81,-5
E01001478,"8. Process, plant and machine operatives",61,50,11
E01001478,9. Elementary occupations,79,73,6
E01001479,"1. Managers, directors and senior officials",63,64,-1
E01001479,2. Professional occupations,84,84,0
E01001479,3. Associate professional and technical occupations,55,38,17
E01001479,4. Administrative and secretarial occupations,66,60,6
E01001479,5. Skilled trades occupations,101,85,16
E01001479,"6. Caring, leisure and other service occupations",94,80,14
E01001479,7. Sales and customer service occupations,59,75,-16
E01001479,"8. Process, plant and machine operatives",71,58,13
E01001479,9. Elementary occupations,114,106,8
E01001480,"1. Managers, directors and senior officials",72,58,14
E01001480,2. Professional occupations,113,95,18
E01001480,3. Associate professional and technical occupations,66,37,29
E01001480,4. Administrative and secretarial occupations,68,98,-30
E01001480,5. Skilled trades occupations,84,71,13
E01001480,"6. Caring, leisure and other service occupations",82,71,11
E01001480,7. Sales and customer service occupations,63,78,-15
E01001480,"8. Process, plant and machine operatives",45,51,-6
E01001480,9. Elementary occupations,69,90,-21
E01001481,"1. Managers, directors and senior officials",61,59,2
E01001481,2. Professional occupations,106,73,33
E01001481,3. Associate professional and technical occupations,75,39,36
E01001481,4. Administrative and secretarial occupations,72,98,-26
E01001481,5. Skilled trades occupations,64,76,-12
E01001481,"6. Caring, leisure and other service occupations",77,78,-1
E01001481,7. Sales and customer service occupations,64,78,-14
E01001481,"8. Process, plant and machine operatives",60,47,13
E01001481,9. Elementary occupations,115,100,15
E01001482,"1. Managers, directors and senior officials",50,50,0
E01001482,2. Professional occupations,79,87,-8
E01001482,3. Associate professional and technical occupations,58,33,25
E01001482,4. Administrative and secretarial occupations,51,89,-38
E01001482,5. Skilled trades occupations,70,80,-10
E01001482,"6. Caring, leisure and other service occupations",95,82,13
E01001482,7. Sales and customer service occupations,76,57,19
E01001482,"8. Process, plant and machine operatives",72,69,3
E01001482,9. Elementary occupations,142,115,27
E01001483,"1. Managers, directors and senior officials",29,34,-5
E01001483,2. Professional occupations,60,57,3
E01001483,3. Associate professional and technical occupations,32,18,14
E01001483,4. Administrative and secretarial occupations,42,56,-14
E01001483,5. Skilled trades occupations,52,70,-18
E01001483,"6. Caring, leisure and other service occupations",58,56,2
E01001483,7. Sales and customer service occupations,50,59,-9
E01001483,"8. Process, plant and machine operatives",46,37,9
E01001483,9. Elementary occupations,94,62,32
E01001484,"1. Managers, directors and senior officials",68,55,13
E01001484,2. Professional occupations,104,66,38
E01001484,3. Associate professional and technical occupations,61,39,22
E01001484,4. Administrative and secretarial occupations,58,78,-20
E01001484,5. Skilled trades occupations,55,67,-12
E01001484,"6. Caring, leisure and other service occupations",73,65,8
E01001484,7. Sales and customer service occupations,41,51,-10
E01001484,"8. Process, plant and machine operatives",57,53,4
E01001484,9. Elementary occupations,61,49,12
E01001485,"1. Managers, directors and senior officials",41,39,2
E01001485,2. Professional occupations,100,62,38
E01001485,3. Associate professional and technical occupations,81,33,48
E01001485,4. Administrative and secretarial occupations,58,57,1
E01001485,5. Skilled trades occupations,64,57,7
E01001485,"6. Caring, leisure and other service occupations",77,74,3
E01001485,7. Sales and customer service occupations,68,61,7
E01001485,"8. Process, plant and machine operatives",64,39,25
E01001485,9. Elementary occupations,135,84,51
E01001486,"1. Managers, directors and senior officials",55,49,6
E01001486,2. Professional occupations,103,77,26
E01001486,3. Associate professional and technical occupations,78,29,49
E01001486,4. Administrative and secretarial occupations,73,81,-8
E01001486,5. Skilled trades occupations,83,83,0
E01001486,"6. Caring, leisure and other service occupations",135,83,52
E01001486,7. Sales and customer service occupations,71,86,-15
E01001486,"8. Process, plant and machine operatives",85,77,8
E01001486,9. Elementary occupations,173,133,40
E01001487,"1. Managers, directors and senior officials",56,51,5
E01001487,2. Professional occupations,107,91,16
E01001487,3. Associate professional and technical occupations,63,43,20
E01001487,4. Administrative and secretarial occupations,64,105,-41
E01001487,5. Skilled trades occupations,77,62,15
E01001487,"6. Caring, leisure and other service occupations",102,92,10
E01001487,7. Sales and customer service occupations,74,77,-3
E01001487,"8. Process, plant and machine operatives",56,58,-2
E01001487,9. Elementary occupations,150,108,42
E01001488,"1. Managers, directors and senior officials",53,63,-10
E01001488,2. Professional occupations,108,108,0
E01001488,3. Associate professional and technical occupations,77,44,33
E01001488,4. Administrative and secretarial occupations,76,101,-25
E01001488,5. Skilled trades occupations,92,70,22
E01001488,"6. Caring, leisure and other service occupations",105,94,11
E01001488,7. Sales and customer service occupations,79,60,19
E01001488,"8. Process, plant and machine operatives",68,62,6
E01001488,9. Elementary occupations,139,114,25
E01001489,"1. Managers, directors and senior officials",56,65,-9
E01001489,2. Professional occupations,78,83,-5
E01001489,3. Associate professional and technical occupations,67,33,34
E01001489,4. Administrative and secretarial occupations,70,79,-9
E01001489,5. Skilled trades occupations,88,92,-4
E01001489,"6. Caring, leisure and other service occupations",84,74,10
E01001489,7. Sales and customer service occupations,64,84,-20
E01001489,"8. Process, plant and machine operatives",67,66,1
E01001489,9. Elementary occupations,140,116,24
E01001491,"1. Managers, directors and senior officials",54,56,-2
E01001491,2. Professional occupations,119,111,8
E01001491,3. Associate professional and technical occupations,80,29,51
E01001491,4. Administrative and secretarial occupations,74,90,-16
E01001491,5. Skilled trades occupations,88,91,-3
E01001491,"6. Caring, leisure and other service occupations",116,107,9
E01001491,7. Sales and customer service occupations,73,84,-11
E01001491,"8. Process, plant and machine operatives",73,68,5
E01001491,9. Elementary occupations,164,126,38
E01001492,"1. Managers, directors and senior officials",74,63,11
E01001492,2. Professional occupations,120,123,-3
E01001492,3. Associate professional and technical occupations,82,36,46
E01001492,4. Administrative and secretarial occupations,72,116,-44
E01001492,5. Skilled trades occupations,98,105,-7
E01001492,"6. Caring, leisure and other service occupations",103,94,9
E01001492,7. Sales and customer service occupations,87,115,-28
E01001492,"8. Process, plant and machine operatives",82,61,21
E01001492,9. Elementary occupations,149,144,5
E01001493,"1. Managers, directors and senior officials",97,64,33
E01001493,2. Professional occupations,156,140,16
E01001493,3. Associate professional and technical occupations,116,51,65
E01001493,4. Administrative and secretarial occupations,72,96,-24
E01001493,5. Skilled trades occupations,91,76,15
E01001493,"6. Caring, leisure and other service occupations",66,68,-2
E01001493,7. Sales and customer service occupations,61,58,3
E01001493,"8. Process, plant and machine operatives",72,41,31
E01001493,9. Elementary occupations,111,92,19
E01001494,"1. Managers, directors and senior officials",87,77,10
E01001494,2. Professional occupations,168,118,50
E01001494,3. Associate professional and technical occupations,77,39,38
E01001494,4. Administrative and secretarial occupations,79,95,-16
E01001494,5. Skilled trades occupations,60,74,-14
E01001494,"6. Caring, leisure and other service occupations",63,70,-7
E01001494,7. Sales and customer service occupations,45,69,-24
E01001494,"8. Process, plant and machine operatives",33,50,-17
E01001494,9. Elementary occupations,45,48,-3
E01001495,"1. Managers, directors and senior officials",146,86,60
E01001495,2. Professional occupations,276,242,34
E01001495,3. Associate professional and technical occupations,142,54,88
E01001495,4. Administrative and secretarial occupations,68,96,-28
E01001495,5. Skilled trades occupations,115,93,22
E01001495,"6. Caring, leisure and other service occupations",68,72,-4
E01001495,7. Sales and customer service occupations,68,88,-20
E01001495,"8. Process, plant and machine operatives",56,41,15
E01001495,9. Elementary occupations,94,105,-11
E01001496,"1. Managers, directors and senior officials",127,85,42
E01001496,2. Professional occupations,223,173,50
E01001496,3. Associate professional and technical occupations,108,41,67
E01001496,4. Administrative and secretarial occupations,76,125,-49
E01001496,5. Skilled trades occupations,145,84,61
E01001496,"6. Caring, leisure and other service occupations",82,57,25
E01001496,7. Sales and customer service occupations,43,69,-26
E01001496,"8. Process, plant and machine operatives",68,36,32
E01001496,9. Elementary occupations,76,68,8
E01001497,"1. Managers, directors and senior officials",85,71,14
E01001497,2. Professional occupations,86,100,-14
E01001497,3. Associate professional and technical occupations,84,31,53
E01001497,4. Administrative and secretarial occupations,64,85,-21
E01001497,5. Skilled trades occupations,70,72,-2
E01001497,"6. Caring, leisure and other service occupations",56,66,-10
E01001497,7. Sales and customer service occupations,57,66,-9
E01001497,"8. Process, plant and machine operatives",52,44,8
E01001497,9. Elementary occupations,63,53,10
E01001498,"1. Managers, directors and senior officials",147,103,44
E01001498,2. Professional occupations,195,219,-24
E01001498,3. Associate professional and technical occupations,120,73,47
E01001498,4. Administrative and secretarial occupations,88,130,-42
E01001498,5. Skilled trades occupations,130,115,15
E01001498,"6. Caring, leisure and other service occupations",64,80,-16
E01001498,7. Sales and customer service occupations,54,72,-18
E01001498,"8. Process, plant and machine operatives",37,35,2
E01001498,9. Elementary occupations,126,117,9
E01001499,"1. Managers, directors and senior officials",88,98,-10
E01001499,2. Professional occupations,139,136,3
E01001499,3. Associate professional and technical occupations,99,40,59
E01001499,4. Administrative and secretarial occupations,75,97,-22
E01001499,5. Skilled trades occupations,67,68,-1
E01001499,"6. Caring, leisure and other service occupations",71,70,1
E01001499,7. Sales and customer service occupations,56,69,-13
E01001499,"8. Process, plant and machine operatives",46,48,-2
E01001499,9. Elementary occupations,63,56,7
E01001500,"1. Managers, directors and senior officials",89,80,9
E01001500,2. Professional occupations,181,151,30
E01001500,3. Associate professional and technical occupations,99,40,59
E01001500,4. Administrative and secretarial occupations,65,84,-19
E01001500,5. Skilled trades occupations,89,79,10
E01001500,"6. Caring, leisure and other service occupations",43,51,-8
E01001500,7. Sales and customer service occupations,36,70,-34
E01001500,"8. Process, plant and machine operatives",31,36,-5
E01001500,9. Elementary occupations,64,70,-6
E01001501,"1. Managers, directors and senior officials",139,110,29
E01001501,2. Professional occupations,237,228,9
E01001501,3. Associate professional and technical occupations,122,68,54
E01001501,4. Administrative and secretarial occupations,87,130,-43
E01001501,5. Skilled trades occupations,142,70,72
E01001501,"6. Caring, leisure and other service occupations",95,82,13
E01001501,7. Sales and customer service occupations,51,56,-5
E01001501,"8. Process, plant and machine operatives",50,40,10
E01001501,9. Elementary occupations,140,70,70
E01001502,"1. Managers, directors and senior officials",57,53,4
E01001502,2. Professional occupations,127,86,41
E01001502,3. Associate professional and technical occupations,94,21,73
E01001502,4. Administrative and secretarial occupations,71,80,-9
E01001502,5. Skilled trades occupations,97,80,17
E01001502,"6. Caring, leisure and other service occupations",112,87,25
E01001502,7. Sales and customer service occupations,77,84,-7
E01001502,"8. Process, plant and machine operatives",78,51,27
E01001502,9. Elementary occupations,96,130,-34
E01001503,"1. Managers, directors and senior officials",70,50,20
E01001503,2. Professional occupations,105,105,0
E01001503,3. Associate professional and technical occupations,72,32,40
E01001503,4. Administrative and secretarial occupations,79,111,-32
E01001503,5. Skilled trades occupations,86,92,-6
E01001503,"6. Caring, leisure and other service occupations",82,86,-4
E01001503,7. Sales and customer service occupations,75,62,13
E01001503,"8. Process, plant and machine operatives",70,66,4
E01001503,9. Elementary occupations,105,105,0
E01001504,"1. Managers, directors and senior officials",74,39,35
E01001504,2. Professional occupations,101,69,32
E01001504,3. Associate professional and technical occupations,75,20,55
E01001504,4. Administrative and secretarial occupations,59,80,-21
E01001504,5. Skilled trades occupations,80,78,2
E01001504,"6. Caring, leisure and other service occupations",85,73,12
E01001504,7. Sales and customer service occupations,80,64,16
E01001504,"8. Process, plant and machine operatives",83,61,22
E01001504,9. Elementary occupations,123,68,55
E01001505,"1. Managers, directors and senior officials",70,46,24
E01001505,2. Professional occupations,104,91,13
E01001505,3. Associate professional and technical occupations,97,29,68
E01001505,4. Administrative and secretarial occupations,67,92,-25
E01001505,5. Skilled trades occupations,94,76,18
E01001505,"6. Caring, leisure and other service occupations",90,79,11
E01001505,7. Sales and customer service occupations,122,69,53
E01001505,"8. Process, plant and machine operatives",72,44,28
E01001505,9. Elementary occupations,110,123,-13
E01001507,"1. Managers, directors and senior officials",54,56,-2
E01001507,2. Professional occupations,89,105,-16
E01001507,3. Associate professional and technical occupations,78,34,44
E01001507,4. Administrative and secretarial occupations,58,94,-36
E01001507,5. Skilled trades occupations,73,91,-18
E01001507,"6. Caring, leisure and other service occupations",185,86,99
E01001507,7. Sales and customer service occupations,87,88,-1
E01001507,"8. Process, plant and machine operatives",88,70,18
E01001507,9. Elementary occupations,195,108,87
E01001508,"1. Managers, directors and senior officials",83,63,20
E01001508,2. Professional occupations,141,105,36
E01001508,3. Associate professional and technical occupations,91,44,47
E01001508,4. Administrative and secretarial occupations,75,111,-36
E01001508,5. Skilled trades occupations,86,78,8
E01001508,"6. Caring, leisure and other service occupations",162,92,70
E01001508,7. Sales and customer service occupations,97,103,-6
E01001508,"8. Process, plant and machine operatives",96,67,29
E01001508,9. Elementary occupations,114,105,9
E01001509,"1. Managers, directors and senior officials",58,59,-1
E01001509,2. Professional occupations,92,77,15
E01001509,3. Associate professional and technical occupations,59,28,31
E01001509,4. Administrative and secretarial occupations,43,92,-49
E01001509,5. Skilled trades occupations,76,72,4
E01001509,"6. Caring, leisure and other service occupations",93,77,16
E01001509,7. Sales and customer service occupations,77,98,-21
E01001509,"8. Process, plant and machine operatives",59,46,13
E01001509,9. Elementary occupations,116,105,11
E01001511,"1. Managers, directors and senior officials",92,65,27
E01001511,2. Professional occupations,195,149,46
E01001511,3. Associate professional and technical occupations,109,56,53
E01001511,4. Administrative and secretarial occupations,99,129,-30
E01001511,5. Skilled trades occupations,84,94,-10
E01001511,"6. Caring, leisure and other service occupations",86,92,-6
E01001511,7. Sales and customer service occupations,62,41,21
E01001511,"8. Process, plant and machine operatives",50,52,-2
E01001511,9. Elementary occupations,91,67,24
E01001512,"1. Managers, directors and senior officials",154,87,67
E01001512,2. Professional occupations,301,173,128
E01001512,3. Associate professional and technical occupations,171,65,106
E01001512,4. Administrative and secretarial occupations,129,147,-18
E01001512,5. Skilled trades occupations,99,83,16
E01001512,"6. Caring, leisure and other service occupations",105,70,35
E01001512,7. Sales and customer service occupations,72,70,2
E01001512,"8. Process, plant and machine operatives",38,50,-12
E01001512,9. Elementary occupations,95,65,30
E01001513,"1. Managers, directors and senior officials",80,59,21
E01001513,2. Professional occupations,122,102,20
E01001513,3. Associate professional and technical occupations,94,33,61
E01001513,4. Administrative and secretarial occupations,63,84,-21
E01001513,5. Skilled trades occupations,88,69,19
E01001513,"6. Caring, leisure and other service occupations",104,89,15
E01001513,7. Sales and customer service occupations,75,70,5
E01001513,"8. Process, plant and machine operatives",68,65,3
E01001513,9. Elementary occupations,114,75,39
E01001514,"1. Managers, directors and senior officials",100,84,16
E01001514,2. Professional occupations,211,194,17
E01001514,3. Associate professional and technical occupations,115,55,60
E01001514,4. Administrative and secretarial occupations,74,118,-44
E01001514,5. Skilled trades occupations,105,84,21
E01001514,"6. Caring, leisure and other service occupations",71,107,-36
E01001514,7. Sales and customer service occupations,51,65,-14
E01001514,"8. Process, plant and machine operatives",33,30,3
E01001514,9. Elementary occupations,79,82,-3
E01001515,"1. Managers, directors and senior officials",76,50,26
E01001515,2. Professional occupations,139,115,24
E01001515,3. Associate professional and technical occupations,76,45,31
E01001515,4. Administrative and secretarial occupations,68,99,-31
E01001515,5. Skilled trades occupations,100,73,27
E01001515,"6. Caring, leisure and other service occupations",103,83,20
E01001515,7. Sales and customer service occupations,64,73,-9
E01001515,"8. Process, plant and machine operatives",75,58,17
E01001515,9. Elementary occupations,103,96,7
E01001516,"1. Managers, directors and senior officials",109,82,27
E01001516,2. Professional occupations,151,89,62
E01001516,3. Associate professional and technical occupations,124,50,74
E01001516,4. Administrative and secretarial occupations,99,100,-1
E01001516,5. Skilled trades occupations,113,90,23
E01001516,"6. Caring, leisure and other service occupations",80,80,0
E01001516,7. Sales and customer service occupations,76,66,10
E01001516,"8. Process, plant and machine operatives",44,61,-17
E01001516,9. Elementary occupations,104,93,11
E01001517,"1. Managers, directors and senior officials",43,43,0
E01001517,2. Professional occupations,83,66,17
E01001517,3. Associate professional and technical occupations,51,19,32
E01001517,4. Administrative and secretarial occupations,45,72,-27
E01001517,5. Skilled trades occupations,71,72,-1
E01001517,"6. Caring, leisure and other service occupations",104,76,28
E01001517,7. Sales and customer service occupations,76,78,-2
E01001517,"8. Process, plant and machine operatives",62,53,9
E01001517,9. Elementary occupations,108,120,-12
E01001518,"1. Managers, directors and senior officials",77,82,-5
E01001518,2. Professional occupations,191,202,-11
E01001518,3. Associate professional and technical occupations,118,58,60
E01001518,4. Administrative and secretarial occupations,86,128,-42
E01001518,5. Skilled trades occupations,85,75,10
E01001518,"6. Caring, leisure and other service occupations",87,89,-2
E01001518,7. Sales and customer service occupations,57,62,-5
E01001518,"8. Process, plant and machine operatives",49,46,3
E01001518,9. Elementary occupations,70,71,-1
E01001520,"1. Managers, directors and senior officials",149,112,37
E01001520,2. Professional occupations,191,202,-11
E01001520,3. Associate professional and technical occupations,122,48,74
E01001520,4. Administrative and secretarial occupations,72,109,-37
E01001520,5. Skilled trades occupations,71,63,8
E01001520,"6. Caring, leisure and other service occupations",55,67,-12
E01001520,7. Sales and customer service occupations,36,43,-7
E01001520,"8. Process, plant and machine operatives",37,16,21
E01001520,9. Elementary occupations,66,39,27
E01001521,"1. Managers, directors and senior officials",152,147,5
E01001521,2. Professional occupations,296,255,41
E01001521,3. Associate professional and technical occupations,124,49,75
E01001521,4. Administrative and secretarial occupations,80,112,-32
E01001521,5. Skilled trades occupations,79,68,11
E01001521,"6. Caring, leisure and other service occupations",58,51,7
E01001521,7. Sales and customer service occupations,39,40,-1
E01001521,"8. Process, plant and machine operatives",21,20,1
E01001521,9. Elementary occupations,53,50,3
E01001522,"1. Managers, directors and senior officials",116,130,-14
E01001522,2. Professional occupations,257,226,31
E01001522,3. Associate professional and technical occupations,128,54,74
E01001522,4. Administrative and secretarial occupations,89,114,-25
E01001522,5. Skilled trades occupations,57,57,0
E01001522,"6. Caring, leisure and other service occupations",72,58,14
E01001522,7. Sales and customer service occupations,45,49,-4
E01001522,"8. Process, plant and machine operatives",30,33,-3
E01001522,9. Elementary occupations,57,49,8
E01001523,"1. Managers, directors and senior officials",139,109,30
E01001523,2. Professional occupations,210,209,1
E01001523,3. Associate professional and technical occupations,130,53,77
E01001523,4. Administrative and secretarial occupations,107,114,-7
E01001523,5. Skilled trades occupations,66,61,5
E01001523,"6. Caring, leisure and other service occupations",53,59,-6
E01001523,7. Sales and customer service occupations,26,48,-22
E01001523,"8. Process, plant and machine operatives",34,38,-4
E01001523,9. Elementary occupations,43,51,-8
E01001524,"1. Managers, directors and senior officials",103,85,18
E01001524,2. Professional occupations,209,156,53
E01001524,3. Associate professional and technical occupations,100,28,72
E01001524,4. Administrative and secretarial occupations,88,84,4
E01001524,5. Skilled trades occupations,68,53,15
E01001524,"6. Caring, leisure and other service occupations",52,66,-14
E01001524,7. Sales and customer service occupations,45,45,0
E01001524,"8. Process, plant and machine operatives",27,28,-1
E01001524,9. Elementary occupations,59,45,14
E01001525,"1. Managers, directors and senior officials",129,103,26
E01001525,2. Professional occupations,237,215,22
E01001525,3. Associate professional and technical occupations,147,65,82
E01001525,4. Administrative and secretarial occupations,79,102,-23
E01001525,5. Skilled trades occupations,99,76,23
E01001525,"6. Caring, leisure and other service occupations",76,73,3
E01001525,7. Sales and customer service occupations,31,56,-25
E01001525,"8. Process, plant and machine operatives",35,44,-9
E01001525,9. Elementary occupations,62,62,0
E01001526,"1. Managers, directors and senior officials",148,126,22
E01001526,2. Professional occupations,195,169,26
E01001526,3. Associate professional and technical occupations,112,40,72
E01001526,4. Administrative and secretarial occupations,75,107,-32
E01001526,5. Skilled trades occupations,75,57,18
E01001526,"6. Caring, leisure and other service occupations",45,63,-18
E01001526,7. Sales and customer service occupations,39,45,-6
E01001526,"8. Process, plant and machine operatives",38,29,9
E01001526,9. Elementary occupations,47,28,19
E01001527,"1. Managers, directors and senior officials",169,95,74
E01001527,2. Professional occupations,282,202,80
E01001527,3. Associate professional and technical occupations,130,44,86
E01001527,4. Administrative and secretarial occupations,87,93,-6
E01001527,5. Skilled trades occupations,79,74,5
E01001527,"6. Caring, leisure and other service occupations",85,67,18
E01001527,7. Sales and customer service occupations,61,43,18
E01001527,"8. Process, plant and machine operatives",41,38,3
E01001527,9. Elementary occupations,75,53,22
E01001528,"1. Managers, directors and senior officials",80,49,31
E01001528,2. Professional occupations,160,86,74
E01001528,3. Associate professional and technical occupations,106,27,79
E01001528,4. Administrative and secretarial occupations,69,56,13
E01001528,5. Skilled trades occupations,72,55,17
E01001528,"6. Caring, leisure and other service occupations",74,69,5
E01001528,7. Sales and customer service occupations,76,79,-3
E01001528,"8. Process, plant and machine operatives",41,40,1
E01001528,9. Elementary occupations,100,108,-8
E01001529,"1. Managers, directors and senior officials",93,76,17
E01001529,2. Professional occupations,134,113,21
E01001529,3. Associate professional and technical occupations,121,29,92
E01001529,4. Administrative and secretarial occupations,90,59,31
E01001529,5. Skilled trades occupations,93,96,-3
E01001529,"6. Caring, leisure and other service occupations",87,76,11
E01001529,7. Sales and customer service occupations,68,70,-2
E01001529,"8. Process, plant and machine operatives",73,32,41
E01001529,9. Elementary occupations,189,110,79
E01001530,"1. Managers, directors and senior officials",103,77,26
E01001530,2. Professional occupations,209,132,77
E01001530,3. Associate professional and technical occupations,104,34,70
E01001530,4. Administrative and secretarial occupations,74,66,8
E01001530,5. Skilled trades occupations,82,61,21
E01001530,"6. Caring, leisure and other service occupations",69,51,18
E01001530,7. Sales and customer service occupations,49,45,4
E01001530,"8. Process, plant and machine operatives",41,27,14
E01001530,9. Elementary occupations,62,56,6
E01001531,"1. Managers, directors and senior officials",175,140,35
E01001531,2. Professional occupations,228,237,-9
E01001531,3. Associate professional and technical occupations,119,47,72
E01001531,4. Administrative and secretarial occupations,62,87,-25
E01001531,5. Skilled trades occupations,41,50,-9
E01001531,"6. Caring, leisure and other service occupations",32,39,-7
E01001531,7. Sales and customer service occupations,32,35,-3
E01001531,"8. Process, plant and machine operatives",13,15,-2
E01001531,9. Elementary occupations,34,37,-3
E01001532,"1. Managers, directors and senior officials",160,150,10
E01001532,2. Professional occupations,296,307,-11
E01001532,3. Associate professional and technical occupations,139,53,86
E01001532,4. Administrative and secretarial occupations,81,116,-35
E01001532,5. Skilled trades occupations,49,49,0
E01001532,"6. Caring, leisure and other service occupations",47,38,9
E01001532,7. Sales and customer service occupations,38,33,5
E01001532,"8. Process, plant and machine operatives",23,23,0
E01001532,9. Elementary occupations,38,34,4
E01001533,"1. Managers, directors and senior officials",150,135,15
E01001533,2. Professional occupations,243,196,47
E01001533,3. Associate professional and technical occupations,98,32,66
E01001533,4. Administrative and secretarial occupations,66,117,-51
E01001533,5. Skilled trades occupations,51,43,8
E01001533,"6. Caring, leisure and other service occupations",52,47,5
E01001533,7. Sales and customer service occupations,25,33,-8
E01001533,"8. Process, plant and machine operatives",11,25,-14
E01001533,9. Elementary occupations,19,28,-9
E01001534,"1. Managers, directors and senior officials",125,112,13
E01001534,2. Professional occupations,196,175,21
E01001534,3. Associate professional and technical occupations,126,58,68
E01001534,4. Administrative and secretarial occupations,103,95,8
E01001534,5. Skilled trades occupations,81,65,16
E01001534,"6. Caring, leisure and other service occupations",43,65,-22
E01001534,7. Sales and customer service occupations,42,68,-26
E01001534,"8. Process, plant and machine operatives",45,22,23
E01001534,9. Elementary occupations,72,70,2
E01001535,"1. Managers, directors and senior officials",138,112,26
E01001535,2. Professional occupations,171,166,5
E01001535,3. Associate professional and technical occupations,91,39,52
E01001535,4. Administrative and secretarial occupations,54,98,-44
E01001535,5. Skilled trades occupations,57,44,13
E01001535,"6. Caring, leisure and other service occupations",49,50,-1
E01001535,7. Sales and customer service occupations,32,57,-25
E01001535,"8. Process, plant and machine operatives",21,36,-15
E01001535,9. Elementary occupations,38,46,-8
E01001536,"1. Managers, directors and senior officials",128,118,10
E01001536,2. Professional occupations,264,229,35
E01001536,3. Associate professional and technical occupations,156,68,88
E01001536,4. Administrative and secretarial occupations,97,125,-28
E01001536,5. Skilled trades occupations,78,64,14
E01001536,"6. Caring, leisure and other service occupations",59,54,5
E01001536,7. Sales and customer service occupations,46,57,-11
E01001536,"8. Process, plant and machine operatives",44,24,20
E01001536,9. Elementary occupations,79,44,35
E01001537,"1. Managers, directors and senior officials",109,105,4
E01001537,2. Professional occupations,186,166,20
E01001537,3. Associate professional and technical occupations,124,65,59
E01001537,4. Administrative and secretarial occupations,100,125,-25
E01001537,5. Skilled trades occupations,89,100,-11
E01001537,"6. Caring, leisure and other service occupations",63,76,-13
E01001537,7. Sales and customer service occupations,44,61,-17
E01001537,"8. Process, plant and machine operatives",57,36,21
E01001537,9. Elementary occupations,77,65,12
E01001538,"1. Managers, directors and senior officials",96,93,3
E01001538,2. Professional occupations,204,135,69
E01001538,3. Associate professional and technical occupations,106,62,44
E01001538,4. Administrative and secretarial occupations,102,155,-53
E01001538,5. Skilled trades occupations,82,86,-4
E01001538,"6. Caring, leisure and other service occupations",74,86,-12
E01001538,7. Sales and customer service occupations,66,50,16
E01001538,"8. Process, plant and machine operatives",34,53,-19
E01001538,9. Elementary occupations,64,51,13
E01001539,"1. Managers, directors and senior officials",122,70,52
E01001539,2. Professional occupations,177,183,-6
E01001539,3. Associate professional and technical occupations,132,63,69
E01001539,4. Administrative and secretarial occupations,97,169,-72
E01001539,5. Skilled trades occupations,79,101,-22
E01001539,"6. Caring, leisure and other service occupations",75,77,-2
E01001539,7. Sales and customer service occupations,41,47,-6
E01001539,"8. Process, plant and machine operatives",40,43,-3
E01001539,9. Elementary occupations,49,43,6
E01001540,"1. Managers, directors and senior officials",130,128,2
E01001540,2. Professional occupations,254,239,15
E01001540,3. Associate professional and technical occupations,130,65,65
E01001540,4. Administrative and secretarial occupations,94,153,-59
E01001540,5. Skilled trades occupations,81,75,6
E01001540,"6. Caring, leisure and other service occupations",69,67,2
E01001540,7. Sales and customer service occupations,57,49,8
E01001540,"8. Process, plant and machine operatives",36,34,2
E01001540,9. Elementary occupations,65,57,8
E01001541,"1. Managers, directors and senior officials",145,106,39
E01001541,2. Professional occupations,257,218,39
E01001541,3. Associate professional and technical occupations,126,87,39
E01001541,4. Administrative and secretarial occupations,83,121,-38
E01001541,5. Skilled trades occupations,45,66,-21
E01001541,"6. Caring, leisure and other service occupations",41,44,-3
E01001541,7. Sales and customer service occupations,31,42,-11
E01001541,"8. Process, plant and machine operatives",22,33,-11
E01001541,9. Elementary occupations,32,42,-10
E01001542,"1. Managers, directors and senior officials",86,80,6
E01001542,2. Professional occupations,187,126,61
E01001542,3. Associate professional and technical occupations,100,55,45
E01001542,4. Administrative and secretarial occupations,59,103,-44
E01001542,5. Skilled trades occupations,71,65,6
E01001542,"6. Caring, leisure and other service occupations",65,69,-4
E01001542,7. Sales and customer service occupations,49,54,-5
E01001542,"8. Process, plant and machine operatives",36,33,3
E01001542,9. Elementary occupations,75,61,14
E01001543,"1. Managers, directors and senior officials",104,91,13
E01001543,2. Professional occupations,198,150,48
E01001543,3. Associate professional and technical occupations,111,50,61
E01001543,4. Administrative and secretarial occupations,107,140,-33
E01001543,5. Skilled trades occupations,73,97,-24
E01001543,"6. Caring, leisure and other service occupations",60,59,1
E01001543,7. Sales and customer service occupations,45,52,-7
E01001543,"8. Process, plant and machine operatives",38,38,0
E01001543,9. Elementary occupations,44,58,-14
E01001544,"1. Managers, directors and senior officials",117,89,28
E01001544,2. Professional occupations,212,159,53
E01001544,3. Associate professional and technical occupations,131,50,81
E01001544,4. Administrative and secretarial occupations,91,122,-31
E01001544,5. Skilled trades occupations,71,87,-16
E01001544,"6. Caring, leisure and other service occupations",58,58,0
E01001544,7. Sales and customer service occupations,35,48,-13
E01001544,"8. Process, plant and machine operatives",38,39,-1
E01001544,9. Elementary occupations,53,36,17
E01001545,"1. Managers, directors and senior officials",63,50,13
E01001545,2. Professional occupations,90,57,33
E01001545,3. Associate professional and technical occupations,60,33,27
E01001545,4. Administrative and secretarial occupations,58,73,-15
E01001545,5. Skilled trades occupations,77,68,9
E01001545,"6. Caring, leisure and other service occupations",120,92,28
E01001545,7. Sales and customer service occupations,68,50,18
E01001545,"8. Process, plant and machine operatives",60,73,-13
E01001545,9. Elementary occupations,95,110,-15
E01001546,"1. Managers, directors and senior officials",70,57,13
E01001546,2. Professional occupations,111,88,23
E01001546,3. Associate professional and technical occupations,84,48,36
E01001546,4. Administrative and secretarial occupations,72,108,-36
E01001546,5. Skilled trades occupations,89,101,-12
E01001546,"6. Caring, leisure and other service occupations",93,73,20
E01001546,7. Sales and customer service occupations,74,86,-12
E01001546,"8. Process, plant and machine operatives",55,63,-8
E01001546,9. Elementary occupations,96,95,1
E01001547,"1. Managers, directors and senior officials",91,69,22
E01001547,2. Professional occupations,128,106,22
E01001547,3. Associate professional and technical occupations,100,41,59
E01001547,4. Administrative and secretarial occupations,77,92,-15
E01001547,5. Skilled trades occupations,107,88,19
E01001547,"6. Caring, leisure and other service occupations",85,79,6
E01001547,7. Sales and customer service occupations,84,80,4
E01001547,"8. Process, plant and machine operatives",59,59,0
E01001547,9. Elementary occupations,109,74,35
E01001548,"1. Managers, directors and senior officials",66,56,10
E01001548,2. Professional occupations,107,101,6
E01001548,3. Associate professional and technical occupations,77,29,48
E01001548,4. Administrative and secretarial occupations,67,99,-32
E01001548,5. Skilled trades occupations,87,89,-2
E01001548,"6. Caring, leisure and other service occupations",105,68,37
E01001548,7. Sales and customer service occupations,75,79,-4
E01001548,"8. Process, plant and machine operatives",60,61,-1
E01001548,9. Elementary occupations,81,92,-11
E01001549,"1. Managers, directors and senior officials",68,50,18
E01001549,2. Professional occupations,86,69,17
E01001549,3. Associate professional and technical occupations,57,33,24
E01001549,4. Administrative and secretarial occupations,70,77,-7
E01001549,5. Skilled trades occupations,57,77,-20
E01001549,"6. Caring, leisure and other service occupations",115,79,36
E01001549,7. Sales and customer service occupations,83,83,0
E01001549,"8. Process, plant and machine operatives",70,67,3
E01001549,9. Elementary occupations,120,109,11
E01001550,"1. Managers, directors and senior officials",75,63,12
E01001550,2. Professional occupations,107,65,42
E01001550,3. Associate professional and technical occupations,75,30,45
E01001550,4. Administrative and secretarial occupations,71,81,-10
E01001550,5. Skilled trades occupations,78,76,2
E01001550,"6. Caring, leisure and other service occupations",97,69,28
E01001550,7. Sales and customer service occupations,87,59,28
E01001550,"8. Process, plant and machine operatives",45,51,-6
E01001550,9. Elementary occupations,101,84,17
E01001551,"1. Managers, directors and senior officials",73,57,16
E01001551,2. Professional occupations,91,61,30
E01001551,3. Associate professional and technical occupations,79,38,41
E01001551,4. Administrative and secretarial occupations,73,65,8
E01001551,5. Skilled trades occupations,68,82,-14
E01001551,"6. Caring, leisure and other service occupations",90,76,14
E01001551,7. Sales and customer service occupations,69,66,3
E01001551,"8. Process, plant and machine operatives",70,62,8
E01001551,9. Elementary occupations,83,83,0
E01001552,"1. Managers, directors and senior officials",100,65,35
E01001552,2. Professional occupations,106,103,3
E01001552,3. Associate professional and technical occupations,79,59,20
E01001552,4. Administrative and secretarial occupations,87,124,-37
E01001552,5. Skilled trades occupations,83,93,-10
E01001552,"6. Caring, leisure and other service occupations",88,77,11
E01001552,7. Sales and customer service occupations,82,72,10
E01001552,"8. Process, plant and machine operatives",97,75,22
E01001552,9. Elementary occupations,105,102,3
E01001553,"1. Managers, directors and senior officials",55,34,21
E01001553,2. Professional occupations,62,61,1
E01001553,3. Associate professional and technical occupations,64,25,39
E01001553,4. Administrative and secretarial occupations,46,66,-20
E01001553,5. Skilled trades occupations,78,69,9
E01001553,"6. Caring, leisure and other service occupations",86,74,12
E01001553,7. Sales and customer service occupations,52,61,-9
E01001553,"8. Process, plant and machine operatives",92,54,38
E01001553,9. Elementary occupations,107,96,11
E01001554,"1. Managers, directors and senior officials",53,48,5
E01001554,2. Professional occupations,88,82,6
E01001554,3. Associate professional and technical occupations,48,34,14
E01001554,4. Administrative and secretarial occupations,48,48,0
E01001554,5. Skilled trades occupations,56,67,-11
E01001554,"6. Caring, leisure and other service occupations",84,72,12
E01001554,7. Sales and customer service occupations,65,83,-18
E01001554,"8. Process, plant and machine operatives",71,49,22
E01001554,9. Elementary occupations,103,116,-13
E01001555,"1. Managers, directors and senior officials",80,35,45
E01001555,2. Professional occupations,150,78,72
E01001555,3. Associate professional and technical occupations,74,40,34
E01001555,4. Administrative and secretarial occupations,107,86,21
E01001555,5. Skilled trades occupations,133,74,59
E01001555,"6. Caring, leisure and other service occupations",97,76,21
E01001555,7. Sales and customer service occupations,88,133,-45
E01001555,"8. Process, plant and machine operatives",79,61,18
E01001555,9. Elementary occupations,166,122,44
E01001556,"1. Managers, directors and senior officials",84,61,23
E01001556,2. Professional occupations,135,113,22
E01001556,3. Associate professional and technical occupations,88,35,53
E01001556,4. Administrative and secretarial occupations,66,102,-36
E01001556,5. Skilled trades occupations,98,99,-1
E01001556,"6. Caring, leisure and other service occupations",73,83,-10
E01001556,7. Sales and customer service occupations,65,73,-8
E01001556,"8. Process, plant and machine operatives",46,39,7
E01001556,9. Elementary occupations,92,78,14
E01001557,"1. Managers, directors and senior officials",58,54,4
E01001557,2. Professional occupations,90,99,-9
E01001557,3. Associate professional and technical occupations,55,28,27
E01001557,4. Administrative and secretarial occupations,74,63,11
E01001557,5. Skilled trades occupations,72,57,15
E01001557,"6. Caring, leisure and other service occupations",95,65,30
E01001557,7. Sales and customer service occupations,53,69,-16
E01001557,"8. Process, plant and machine operatives",73,78,-5
E01001557,9. Elementary occupations,115,91,24
E01001558,"1. Managers, directors and senior officials",58,46,12
E01001558,2. Professional occupations,93,70,23
E01001558,3. Associate professional and technical occupations,60,27,33
E01001558,4. Administrative and secretarial occupations,40,48,-8
E01001558,5. Skilled trades occupations,91,40,51
E01001558,"6. Caring, leisure and other service occupations",88,75,13
E01001558,7. Sales and customer service occupations,92,65,27
E01001558,"8. Process, plant and machine operatives",104,45,59
E01001558,9. Elementary occupations,140,109,31
E01001559,"1. Managers, directors and senior officials",65,40,25
E01001559,2. Professional occupations,126,107,19
E01001559,3. Associate professional and technical occupations,89,45,44
E01001559,4. Administrative and secretarial occupations,73,94,-21
E01001559,5. Skilled trades occupations,83,87,-4
E01001559,"6. Caring, leisure and other service occupations",86,89,-3
E01001559,7. Sales and customer service occupations,79,74,5
E01001559,"8. Process, plant and machine operatives",77,63,14
E01001559,9. Elementary occupations,149,146,3
E01001560,"1. Managers, directors and senior officials",58,67,-9
E01001560,2. Professional occupations,97,100,-3
E01001560,3. Associate professional and technical occupations,80,24,56
E01001560,4. Administrative and secretarial occupations,81,89,-8
E01001560,5. Skilled trades occupations,72,75,-3
E01001560,"6. Caring, leisure and other service occupations",65,73,-8
E01001560,7. Sales and customer service occupations,83,83,0
E01001560,"8. Process, plant and machine operatives",54,56,-2
E01001560,9. Elementary occupations,112,75,37
E01001562,"1. Managers, directors and senior officials",46,32,14
E01001562,2. Professional occupations,207,136,71
E01001562,3. Associate professional and technical occupations,63,17,46
E01001562,4. Administrative and secretarial occupations,84,55,29
E01001562,5. Skilled trades occupations,90,54,36
E01001562,"6. Caring, leisure and other service occupations",98,89,9
E01001562,7. Sales and customer service occupations,85,74,11
E01001562,"8. Process, plant and machine operatives",64,46,18
E01001562,9. Elementary occupations,93,93,0
E01001563,"1. Managers, directors and senior officials",170,129,41
E01001563,2. Professional occupations,215,230,-15
E01001563,3. Associate professional and technical occupations,144,53,91
E01001563,4. Administrative and secretarial occupations,72,94,-22
E01001563,5. Skilled trades occupations,82,79,3
E01001563,"6. Caring, leisure and other service occupations",55,68,-13
E01001563,7. Sales and customer service occupations,44,41,3
E01001563,"8. Process, plant and machine operatives",49,28,21
E01001563,9. Elementary occupations,94,50,44
E01001564,"1. Managers, directors and senior officials",189,146,43
E01001564,2. Professional occupations,242,256,-14
E01001564,3. Associate professional and technical occupations,131,53,78
E01001564,4. Administrative and secretarial occupations,89,119,-30
E01001564,5. Skilled trades occupations,56,49,7
E01001564,"6. Caring, leisure and other service occupations",26,24,2
E01001564,7. Sales and customer service occupations,38,51,-13
E01001564,"8. Process, plant and machine operatives",21,27,-6
E01001564,9. Elementary occupations,29,28,1
E01001565,"1. Managers, directors and senior officials",155,125,30
E01001565,2. Professional occupations,229,223,6
E01001565,3. Associate professional and technical occupations,121,55,66
E01001565,4. Administrative and secretarial occupations,92,112,-20
E01001565,5. Skilled trades occupations,64,71,-7
E01001565,"6. Caring, leisure and other service occupations",47,50,-3
E01001565,7. Sales and customer service occupations,55,34,21
E01001565,"8. Process, plant and machine operatives",33,28,5
E01001565,9. Elementary occupations,74,40,34
E01001566,"1. Managers, directors and senior officials",176,133,43
E01001566,2. Professional occupations,289,281,8
E01001566,3. Associate professional and technical occupations,144,45,99
E01001566,4. Administrative and secretarial occupations,65,115,-50
E01001566,5. Skilled trades occupations,62,68,-6
E01001566,"6. Caring, leisure and other service occupations",42,51,-9
E01001566,7. Sales and customer service occupations,49,46,3
E01001566,"8. Process, plant and machine operatives",26,33,-7
E01001566,9. Elementary occupations,55,51,4
E01001567,"1. Managers, directors and senior officials",176,147,29
E01001567,2. Professional occupations,237,188,49
E01001567,3. Associate professional and technical occupations,119,50,69
E01001567,4. Administrative and secretarial occupations,78,104,-26
E01001567,5. Skilled trades occupations,44,50,-6
E01001567,"6. Caring, leisure and other service occupations",34,41,-7
E01001567,7. Sales and customer service occupations,33,36,-3
E01001567,"8. Process, plant and machine operatives",17,26,-9
E01001567,9. Elementary occupations,20,33,-13
E01001568,"1. Managers, directors and senior officials",298,166,132
E01001568,2. Professional occupations,256,167,89
E01001568,3. Associate professional and technical occupations,158,34,124
E01001568,4. Administrative and secretarial occupations,109,128,-19
E01001568,5. Skilled trades occupations,39,56,-17
E01001568,"6. Caring, leisure and other service occupations",42,41,1
E01001568,7. Sales and customer service occupations,44,37,7
E01001568,"8. Process, plant and machine operatives",17,17,0
E01001568,9. Elementary occupations,23,35,-12
E01001569,"1. Managers, directors and senior officials",143,144,-1
E01001569,2. Professional occupations,219,277,-58
E01001569,3. Associate professional and technical occupations,138,65,73
E01001569,4. Administrative and secretarial occupations,86,106,-20
E01001569,5. Skilled trades occupations,93,60,33
E01001569,"6. Caring, leisure and other service occupations",67,54,13
E01001569,7. Sales and customer service occupations,48,33,15
E01001569,"8. Process, plant and machine operatives",31,34,-3
E01001569,9. Elementary occupations,52,65,-13
E01001570,"1. Managers, directors and senior officials",150,122,28
E01001570,2. Professional occupations,235,193,42
E01001570,3. Associate professional and technical occupations,137,56,81
E01001570,4. Administrative and secretarial occupations,82,101,-19
E01001570,5. Skilled trades occupations,87,90,-3
E01001570,"6. Caring, leisure and other service occupations",66,74,-8
E01001570,7. Sales and customer service occupations,59,60,-1
E01001570,"8. Process, plant and machine operatives",37,52,-15
E01001570,9. Elementary occupations,61,76,-15
E01001571,"1. Managers, directors and senior officials",83,64,19
E01001571,2. Professional occupations,169,126,43
E01001571,3. Associate professional and technical occupations,115,34,81
E01001571,4. Administrative and secretarial occupations,70,97,-27
E01001571,5. Skilled trades occupations,105,94,11
E01001571,"6. Caring, leisure and other service occupations",111,95,16
E01001571,7. Sales and customer service occupations,66,74,-8
E01001571,"8. Process, plant and machine operatives",71,54,17
E01001571,9. Elementary occupations,155,101,54
E01001572,"1. Managers, directors and senior officials",78,63,15
E01001572,2. Professional occupations,175,130,45
E01001572,3. Associate professional and technical occupations,113,52,61
E01001572,4. Administrative and secretarial occupations,94,115,-21
E01001572,5. Skilled trades occupations,97,87,10
E01001572,"6. Caring, leisure and other service occupations",68,88,-20
E01001572,7. Sales and customer service occupations,62,72,-10
E01001572,"8. Process, plant and machine operatives",50,51,-1
E01001572,9. Elementary occupations,126,100,26
E01001573,"1. Managers, directors and senior officials",72,50,22
E01001573,2. Professional occupations,139,86,53
E01001573,3. Associate professional and technical occupations,81,39,42
E01001573,4. Administrative and secretarial occupations,75,102,-27
E01001573,5. Skilled trades occupations,68,75,-7
E01001573,"6. Caring, leisure and other service occupations",90,83,7
E01001573,7. Sales and customer service occupations,53,76,-23
E01001573,"8. Process, plant and machine operatives",72,52,20
E01001573,9. Elementary occupations,98,102,-4
E01001574,"1. Managers, directors and senior officials",41,33,8
E01001574,2. Professional occupations,128,80,48
E01001574,3. Associate professional and technical occupations,68,31,37
E01001574,4. Administrative and secretarial occupations,61,72,-11
E01001574,5. Skilled trades occupations,67,67,0
E01001574,"6. Caring, leisure and other service occupations",113,92,21
E01001574,7. Sales and customer service occupations,69,70,-1
E01001574,"8. Process, plant and machine operatives",63,57,6
E01001574,9. Elementary occupations,116,102,14
E01001575,"1. Managers, directors and senior officials",55,36,19
E01001575,2. Professional occupations,132,79,53
E01001575,3. Associate professional and technical occupations,57,20,37
E01001575,4. Administrative and secretarial occupations,44,59,-15
E01001575,5. Skilled trades occupations,56,53,3
E01001575,"6. Caring, leisure and other service occupations",108,98,10
E01001575,7. Sales and customer service occupations,75,69,6
E01001575,"8. Process, plant and machine operatives",64,47,17
E01001575,9. Elementary occupations,92,130,-38
E01001576,"1. Managers, directors and senior officials",59,33,26
E01001576,2. Professional occupations,121,75,46
E01001576,3. Associate professional and technical occupations,75,24,51
E01001576,4. Administrative and secretarial occupations,57,67,-10
E01001576,5. Skilled trades occupations,89,46,43
E01001576,"6. Caring, leisure and other service occupations",103,94,9
E01001576,7. Sales and customer service occupations,72,60,12
E01001576,"8. Process, plant and machine operatives",76,56,20
E01001576,9. Elementary occupations,130,93,37
E01001577,"1. Managers, directors and senior officials",65,38,27
E01001577,2. Professional occupations,131,94,37
E01001577,3. Associate professional and technical occupations,66,32,34
E01001577,4. Administrative and secretarial occupations,60,66,-6
E01001577,5. Skilled trades occupations,94,60,34
E01001577,"6. Caring, leisure and other service occupations",120,108,12
E01001577,7. Sales and customer service occupations,80,75,5
E01001577,"8. Process, plant and machine operatives",80,65,15
E01001577,9. Elementary occupations,119,118,1
E01001578,"1. Managers, directors and senior officials",111,69,42
E01001578,2. Professional occupations,191,135,56
E01001578,3. Associate professional and technical occupations,123,51,72
E01001578,4. Administrative and secretarial occupations,92,108,-16
E01001578,5. Skilled trades occupations,128,75,53
E01001578,"6. Caring, leisure and other service occupations",155,139,16
E01001578,7. Sales and customer service occupations,81,79,2
E01001578,"8. Process, plant and machine operatives",73,79,-6
E01001578,9. Elementary occupations,195,130,65
E01001579,"1. Managers, directors and senior officials",72,31,41
E01001579,2. Professional occupations,108,73,35
E01001579,3. Associate professional and technical occupations,78,36,42
E01001579,4. Administrative and secretarial occupations,63,87,-24
E01001579,5. Skilled trades occupations,71,68,3
E01001579,"6. Caring, leisure and other service occupations",115,103,12
E01001579,7. Sales and customer service occupations,62,65,-3
E01001579,"8. Process, plant and machine operatives",67,67,0
E01001579,9. Elementary occupations,105,103,2
E01001580,"1. Managers, directors and senior officials",224,160,64
E01001580,2. Professional occupations,330,368,-38
E01001580,3. Associate professional and technical occupations,186,78,108
E01001580,4. Administrative and secretarial occupations,76,111,-35
E01001580,5. Skilled trades occupations,36,39,-3
E01001580,"6. Caring, leisure and other service occupations",34,35,-1
E01001580,7. Sales and customer service occupations,33,43,-10
E01001580,"8. Process, plant and machine operatives",5,8,-3
E01001580,9. Elementary occupations,37,33,4
E01001581,"1. Managers, directors and senior officials",159,132,27
E01001581,2. Professional occupations,280,268,12
E01001581,3. Associate professional and technical occupations,148,55,93
E01001581,4. Administrative and secretarial occupations,68,94,-26
E01001581,5. Skilled trades occupations,55,40,15
E01001581,"6. Caring, leisure and other service occupations",73,47,26
E01001581,7. Sales and customer service occupations,21,38,-17
E01001581,"8. Process, plant and machine operatives",18,21,-3
E01001581,9. Elementary occupations,59,46,13
E01001582,"1. Managers, directors and senior officials",112,78,34
E01001582,2. Professional occupations,193,192,1
E01001582,3. Associate professional and technical occupations,95,46,49
E01001582,4. Administrative and secretarial occupations,55,69,-14
E01001582,5. Skilled trades occupations,39,31,8
E01001582,"6. Caring, leisure and other service occupations",62,54,8
E01001582,7. Sales and customer service occupations,30,25,5
E01001582,"8. Process, plant and machine operatives",19,19,0
E01001582,9. Elementary occupations,72,31,41
E01001583,"1. Managers, directors and senior officials",174,160,14
E01001583,2. Professional occupations,297,309,-12
E01001583,3. Associate professional and technical occupations,201,69,132
E01001583,4. Administrative and secretarial occupations,59,105,-46
E01001583,5. Skilled trades occupations,45,30,15
E01001583,"6. Caring, leisure and other service occupations",32,33,-1
E01001583,7. Sales and customer service occupations,50,38,12
E01001583,"8. Process, plant and machine operatives",6,17,-11
E01001583,9. Elementary occupations,40,31,9
E01001584,"1. Managers, directors and senior officials",165,146,19
E01001584,2. Professional occupations,324,325,-1
E01001584,3. Associate professional and technical occupations,160,51,109
E01001584,4. Administrative and secretarial occupations,55,79,-24
E01001584,5. Skilled trades occupations,17,22,-5
E01001584,"6. Caring, leisure and other service occupations",24,26,-2
E01001584,7. Sales and customer service occupations,21,17,4
E01001584,"8. Process, plant and machine operatives",7,4,3
E01001584,9. Elementary occupations,12,25,-13
E01001585,"1. Managers, directors and senior officials",151,105,46
E01001585,2. Professional occupations,305,276,29
E01001585,3. Associate professional and technical occupations,144,50,94
E01001585,4. Administrative and secretarial occupations,40,76,-36
E01001585,5. Skilled trades occupations,40,31,9
E01001585,"6. Caring, leisure and other service occupations",37,35,2
E01001585,7. Sales and customer service occupations,34,29,5
E01001585,"8. Process, plant and machine operatives",18,11,7
E01001585,9. Elementary occupations,33,43,-10
E01001586,"1. Managers, directors and senior officials",110,87,23
E01001586,2. Professional occupations,204,205,-1
E01001586,3. Associate professional and technical occupations,140,33,107
E01001586,4. Administrative and secretarial occupations,45,72,-27
E01001586,5. Skilled trades occupations,27,15,12
E01001586,"6. Caring, leisure and other service occupations",46,43,3
E01001586,7. Sales and customer service occupations,34,32,2
E01001586,"8. Process, plant and machine operatives",17,23,-6
E01001586,9. Elementary occupations,42,39,3
E01001587,"1. Managers, directors and senior officials",232,171,61
E01001587,2. Professional occupations,425,370,55
E01001587,3. Associate professional and technical occupations,236,66,170
E01001587,4. Administrative and secretarial occupations,72,104,-32
E01001587,5. Skilled trades occupations,27,32,-5
E01001587,"6. Caring, leisure and other service occupations",43,54,-11
E01001587,7. Sales and customer service occupations,33,39,-6
E01001587,"8. Process, plant and machine operatives",20,16,4
E01001587,9. Elementary occupations,48,42,6
E01001588,"1. Managers, directors and senior officials",83,67,16
E01001588,2. Professional occupations,156,105,51
E01001588,3. Associate professional and technical occupations,98,41,57
E01001588,4. Administrative and secretarial occupations,58,100,-42
E01001588,5. Skilled trades occupations,63,53,10
E01001588,"6. Caring, leisure and other service occupations",70,70,0
E01001588,7. Sales and customer service occupations,58,72,-14
E01001588,"8. Process, plant and machine operatives",32,36,-4
E01001588,9. Elementary occupations,116,99,17
E01001589,"1. Managers, directors and senior officials",107,68,39
E01001589,2. Professional occupations,186,120,66
E01001589,3. Associate professional and technical occupations,130,35,95
E01001589,4. Administrative and secretarial occupations,87,71,16
E01001589,5. Skilled trades occupations,78,76,2
E01001589,"6. Caring, leisure and other service occupations",76,76,0
E01001589,7. Sales and customer service occupations,73,62,11
E01001589,"8. Process, plant and machine operatives",53,53,0
E01001589,9. Elementary occupations,110,110,0
E01001590,"1. Managers, directors and senior officials",156,85,71
E01001590,2. Professional occupations,266,248,18
E01001590,3. Associate professional and technical occupations,156,54,102
E01001590,4. Administrative and secretarial occupations,75,96,-21
E01001590,5. Skilled trades occupations,64,61,3
E01001590,"6. Caring, leisure and other service occupations",66,57,9
E01001590,7. Sales and customer service occupations,65,72,-7
E01001590,"8. Process, plant and machine operatives",37,42,-5
E01001590,9. Elementary occupations,98,88,10
E01001591,"1. Managers, directors and senior officials",88,81,7
E01001591,2. Professional occupations,183,144,39
E01001591,3. Associate professional and technical occupations,131,54,77
E01001591,4. Administrative and secretarial occupations,56,89,-33
E01001591,5. Skilled trades occupations,97,62,35
E01001591,"6. Caring, leisure and other service occupations",105,96,9
E01001591,7. Sales and customer service occupations,67,72,-5
E01001591,"8. Process, plant and machine operatives",54,45,9
E01001591,9. Elementary occupations,132,110,22
E01001592,"1. Managers, directors and senior officials",212,116,96
E01001592,2. Professional occupations,348,257,91
E01001592,3. Associate professional and technical occupations,204,73,131
E01001592,4. Administrative and secretarial occupations,89,97,-8
E01001592,5. Skilled trades occupations,74,58,16
E01001592,"6. Caring, leisure and other service occupations",70,66,4
E01001592,7. Sales and customer service occupations,55,58,-3
E01001592,"8. Process, plant and machine operatives",33,28,5
E01001592,9. Elementary occupations,72,77,-5
E01001593,"1. Managers, directors and senior officials",186,111,75
E01001593,2. Professional occupations,309,289,20
E01001593,3. Associate professional and technical occupations,188,66,122
E01001593,4. Administrative and secretarial occupations,86,118,-32
E01001593,5. Skilled trades occupations,47,42,5
E01001593,"6. Caring, leisure and other service occupations",43,52,-9
E01001593,7. Sales and customer service occupations,41,37,4
E01001593,"8. Process, plant and machine operatives",33,17,16
E01001593,9. Elementary occupations,27,47,-20
E01001594,"1. Managers, directors and senior officials",120,54,66
E01001594,2. Professional occupations,311,157,154
E01001594,3. Associate professional and technical occupations,202,38,164
E01001594,4. Administrative and secretarial occupations,92,80,12
E01001594,5. Skilled trades occupations,98,74,24
E01001594,"6. Caring, leisure and other service occupations",132,79,53
E01001594,7. Sales and customer service occupations,84,72,12
E01001594,"8. Process, plant and machine operatives",71,50,21
E01001594,9. Elementary occupations,142,116,26
E01001595,"1. Managers, directors and senior officials",84,53,31
E01001595,2. Professional occupations,224,133,91
E01001595,3. Associate professional and technical occupations,97,37,60
E01001595,4. Administrative and secretarial occupations,77,93,-16
E01001595,5. Skilled trades occupations,71,74,-3
E01001595,"6. Caring, leisure and other service occupations",111,82,29
E01001595,7. Sales and customer service occupations,95,71,24
E01001595,"8. Process, plant and machine operatives",64,51,13
E01001595,9. Elementary occupations,121,121,0
E01001596,"1. Managers, directors and senior officials",135,84,51
E01001596,2. Professional occupations,185,127,58
E01001596,3. Associate professional and technical occupations,117,52,65
E01001596,4. Administrative and secretarial occupations,115,135,-20
E01001596,5. Skilled trades occupations,77,105,-28
E01001596,"6. Caring, leisure and other service occupations",63,61,2
E01001596,7. Sales and customer service occupations,43,57,-14
E01001596,"8. Process, plant and machine operatives",36,40,-4
E01001596,9. Elementary occupations,45,61,-16
E01001597,"1. Managers, directors and senior officials",113,73,40
E01001597,2. Professional occupations,204,164,40
E01001597,3. Associate professional and technical occupations,89,46,43
E01001597,4. Administrative and secretarial occupations,85,115,-30
E01001597,5. Skilled trades occupations,82,81,1
E01001597,"6. Caring, leisure and other service occupations",51,53,-2
E01001597,7. Sales and customer service occupations,56,49,7
E01001597,"8. Process, plant and machine operatives",34,42,-8
E01001597,9. Elementary occupations,57,56,1
E01001598,"1. Managers, directors and senior officials",143,99,44
E01001598,2. Professional occupations,204,131,73
E01001598,3. Associate professional and technical occupations,100,47,53
E01001598,4. Administrative and secretarial occupations,79,128,-49
E01001598,5. Skilled trades occupations,69,89,-20
E01001598,"6. Caring, leisure and other service occupations",49,57,-8
E01001598,7. Sales and customer service occupations,49,80,-31
E01001598,"8. Process, plant and machine operatives",39,42,-3
E01001598,9. Elementary occupations,60,51,9
E01001599,"1. Managers, directors and senior officials",111,74,37
E01001599,2. Professional occupations,157,105,52
E01001599,3. Associate professional and technical occupations,87,42,45
E01001599,4. Administrative and secretarial occupations,90,134,-44
E01001599,5. Skilled trades occupations,84,118,-34
E01001599,"6. Caring, leisure and other service occupations",108,73,35
E01001599,7. Sales and customer service occupations,44,72,-28
E01001599,"8. Process, plant and machine operatives",38,50,-12
E01001599,9. Elementary occupations,64,88,-24
E01001600,"1. Managers, directors and senior officials",104,76,28
E01001600,2. Professional occupations,175,123,52
E01001600,3. Associate professional and technical occupations,127,51,76
E01001600,4. Administrative and secretarial occupations,86,139,-53
E01001600,5. Skilled trades occupations,83,89,-6
E01001600,"6. Caring, leisure and other service occupations",63,83,-20
E01001600,7. Sales and customer service occupations,41,62,-21
E01001600,"8. Process, plant and machine operatives",43,39,4
E01001600,9. Elementary occupations,52,52,0
E01001601,"1. Managers, directors and senior officials",119,81,38
E01001601,2. Professional occupations,181,130,51
E01001601,3. Associate professional and technical occupations,113,41,72
E01001601,4. Administrative and secretarial occupations,108,145,-37
E01001601,5. Skilled trades occupations,68,79,-11
E01001601,"6. Caring, leisure and other service occupations",46,67,-21
E01001601,7. Sales and customer service occupations,29,65,-36
E01001601,"8. Process, plant and machine operatives",29,48,-19
E01001601,9. Elementary occupations,28,48,-20
E01001602,"1. Managers, directors and senior officials",104,72,32
E01001602,2. Professional occupations,150,85,65
E01001602,3. Associate professional and technical occupations,102,33,69
E01001602,4. Administrative and secretarial occupations,93,108,-15
E01001602,5. Skilled trades occupations,122,105,17
E01001602,"6. Caring, leisure and other service occupations",94,105,-11
E01001602,7. Sales and customer service occupations,51,63,-12
E01001602,"8. Process, plant and machine operatives",70,68,2
E01001602,9. Elementary occupations,109,88,21
E01001603,"1. Managers, directors and senior officials",83,42,41
E01001603,2. Professional occupations,123,79,44
E01001603,3. Associate professional and technical occupations,88,34,54
E01001603,4. Administrative and secretarial occupations,91,86,5
E01001603,5. Skilled trades occupations,91,118,-27
E01001603,"6. Caring, leisure and other service occupations",87,66,21
E01001603,7. Sales and customer service occupations,59,60,-1
E01001603,"8. Process, plant and machine operatives",43,39,4
E01001603,9. Elementary occupations,90,89,1
E01001604,"1. Managers, directors and senior officials",120,101,19
E01001604,2. Professional occupations,219,194,25
E01001604,3. Associate professional and technical occupations,122,48,74
E01001604,4. Administrative and secretarial occupations,74,97,-23
E01001604,5. Skilled trades occupations,49,56,-7
E01001604,"6. Caring, leisure and other service occupations",53,57,-4
E01001604,7. Sales and customer service occupations,38,44,-6
E01001604,"8. Process, plant and machine operatives",27,33,-6
E01001604,9. Elementary occupations,48,54,-6
E01001605,"1. Managers, directors and senior officials",138,91,47
E01001605,2. Professional occupations,183,148,35
E01001605,3. Associate professional and technical occupations,111,48,63
E01001605,4. Administrative and secretarial occupations,89,146,-57
E01001605,5. Skilled trades occupations,64,75,-11
E01001605,"6. Caring, leisure and other service occupations",54,66,-12
E01001605,7. Sales and customer service occupations,39,59,-20
E01001605,"8. Process, plant and machine operatives",39,51,-12
E01001605,9. Elementary occupations,33,54,-21
E01001606,"1. Managers, directors and senior officials",144,109,35
E01001606,2. Professional occupations,217,166,51
E01001606,3. Associate professional and technical occupations,128,56,72
E01001606,4. Administrative and secretarial occupations,121,174,-53
E01001606,5. Skilled trades occupations,74,73,1
E01001606,"6. Caring, leisure and other service occupations",51,81,-30
E01001606,7. Sales and customer service occupations,42,59,-17
E01001606,"8. Process, plant and machine operatives",38,53,-15
E01001606,9. Elementary occupations,47,59,-12
E01001607,"1. Managers, directors and senior officials",118,76,42
E01001607,2. Professional occupations,201,158,43
E01001607,3. Associate professional and technical occupations,122,42,80
E01001607,4. Administrative and secretarial occupations,81,105,-24
E01001607,5. Skilled trades occupations,59,75,-16
E01001607,"6. Caring, leisure and other service occupations",69,74,-5
E01001607,7. Sales and customer service occupations,44,51,-7
E01001607,"8. Process, plant and machine operatives",43,35,8
E01001607,9. Elementary occupations,40,42,-2
E01001608,"1. Managers, directors and senior officials",146,104,42
E01001608,2. Professional occupations,184,179,5
E01001608,3. Associate professional and technical occupations,109,44,65
E01001608,4. Administrative and secretarial occupations,66,107,-41
E01001608,5. Skilled trades occupations,37,34,3
E01001608,"6. Caring, leisure and other service occupations",40,43,-3
E01001608,7. Sales and customer service occupations,29,37,-8
E01001608,"8. Process, plant and machine operatives",28,39,-11
E01001608,9. Elementary occupations,30,31,-1
E01001609,"1. Managers, directors and senior officials",111,87,24
E01001609,2. Professional occupations,196,184,12
E01001609,3. Associate professional and technical occupations,142,49,93
E01001609,4. Administrative and secretarial occupations,76,94,-18
E01001609,5. Skilled trades occupations,86,67,19
E01001609,"6. Caring, leisure and other service occupations",54,53,1
E01001609,7. Sales and customer service occupations,37,60,-23
E01001609,"8. Process, plant and machine operatives",38,37,1
E01001609,9. Elementary occupations,45,43,2
E01001610,"1. Managers, directors and senior officials",146,72,74
E01001610,2. Professional occupations,232,160,72
E01001610,3. Associate professional and technical occupations,139,53,86
E01001610,4. Administrative and secretarial occupations,95,135,-40
E01001610,5. Skilled trades occupations,60,90,-30
E01001610,"6. Caring, leisure and other service occupations",52,80,-28
E01001610,7. Sales and customer service occupations,44,66,-22
E01001610,"8. Process, plant and machine operatives",47,46,1
E01001610,9. Elementary occupations,52,69,-17
E01001611,"1. Managers, directors and senior officials",113,72,41
E01001611,2. Professional occupations,187,134,53
E01001611,3. Associate professional and technical occupations,110,53,57
E01001611,4. Administrative and secretarial occupations,100,111,-11
E01001611,5. Skilled trades occupations,71,86,-15
E01001611,"6. Caring, leisure and other service occupations",67,76,-9
E01001611,7. Sales and customer service occupations,51,50,1
E01001611,"8. Process, plant and machine operatives",47,56,-9
E01001611,9. Elementary occupations,71,60,11
E01001613,"1. Managers, directors and senior officials",101,82,19
E01001613,2. Professional occupations,177,127,50
E01001613,3. Associate professional and technical occupations,120,52,68
E01001613,4. Administrative and secretarial occupations,89,110,-21
E01001613,5. Skilled trades occupations,86,68,18
E01001613,"6. Caring, leisure and other service occupations",72,59,13
E01001613,7. Sales and customer service occupations,41,70,-29
E01001613,"8. Process, plant and machine operatives",32,42,-10
E01001613,9. Elementary occupations,77,82,-5
E01001614,"1. Managers, directors and senior officials",160,119,41
E01001614,2. Professional occupations,158,106,52
E01001614,3. Associate professional and technical occupations,106,33,73
E01001614,4. Administrative and secretarial occupations,106,125,-19
E01001614,5. Skilled trades occupations,60,69,-9
E01001614,"6. Caring, leisure and other service occupations",45,56,-11
E01001614,7. Sales and customer service occupations,27,46,-19
E01001614,"8. Process, plant and machine operatives",18,32,-14
E01001614,9. Elementary occupations,35,37,-2
E01001615,"1. Managers, directors and senior officials",159,92,67
E01001615,2. Professional occupations,263,168,95
E01001615,3. Associate professional and technical occupations,142,50,92
E01001615,4. Administrative and secretarial occupations,99,108,-9
E01001615,5. Skilled trades occupations,82,78,4
E01001615,"6. Caring, leisure and other service occupations",73,60,13
E01001615,7. Sales and customer service occupations,72,54,18
E01001615,"8. Process, plant and machine operatives",53,41,12
E01001615,9. Elementary occupations,109,81,28
E01001617,"1. Managers, directors and senior officials",114,77,37
E01001617,2. Professional occupations,206,133,73
E01001617,3. Associate professional and technical occupations,136,39,97
E01001617,4. Administrative and secretarial occupations,94,114,-20
E01001617,5. Skilled trades occupations,63,74,-11
E01001617,"6. Caring, leisure and other service occupations",59,67,-8
E01001617,7. Sales and customer service occupations,34,52,-18
E01001617,"8. Process, plant and machine operatives",38,47,-9
E01001617,9. Elementary occupations,46,58,-12
E01001618,"1. Managers, directors and senior officials",145,68,77
E01001618,2. Professional occupations,211,87,124
E01001618,3. Associate professional and technical occupations,114,40,74
E01001618,4. Administrative and secretarial occupations,104,108,-4
E01001618,5. Skilled trades occupations,92,75,17
E01001618,"6. Caring, leisure and other service occupations",76,66,10
E01001618,7. Sales and customer service occupations,56,46,10
E01001618,"8. Process, plant and machine operatives",48,50,-2
E01001618,9. Elementary occupations,76,75,1
E01001619,"1. Managers, directors and senior officials",140,102,38
E01001619,2. Professional occupations,271,177,94
E01001619,3. Associate professional and technical occupations,199,72,127
E01001619,4. Administrative and secretarial occupations,131,174,-43
E01001619,5. Skilled trades occupations,114,109,5
E01001619,"6. Caring, leisure and other service occupations",78,90,-12
E01001619,7. Sales and customer service occupations,50,59,-9
E01001619,"8. Process, plant and machine operatives",44,43,1
E01001619,9. Elementary occupations,90,74,16
E01001620,"1. Managers, directors and senior officials",76,34,42
E01001620,2. Professional occupations,90,70,20
E01001620,3. Associate professional and technical occupations,75,29,46
E01001620,4. Administrative and secretarial occupations,54,64,-10
E01001620,5. Skilled trades occupations,108,96,12
E01001620,"6. Caring, leisure and other service occupations",80,55,25
E01001620,7. Sales and customer service occupations,62,97,-35
E01001620,"8. Process, plant and machine operatives",58,39,19
E01001620,9. Elementary occupations,101,99,2
E01001621,"1. Managers, directors and senior officials",92,61,31
E01001621,2. Professional occupations,122,111,11
E01001621,3. Associate professional and technical occupations,112,38,74
E01001621,4. Administrative and secretarial occupations,86,91,-5
E01001621,5. Skilled trades occupations,90,81,9
E01001621,"6. Caring, leisure and other service occupations",75,83,-8
E01001621,7. Sales and customer service occupations,45,42,3
E01001621,"8. Process, plant and machine operatives",42,46,-4
E01001621,9. Elementary occupations,90,79,11
E01001623,"1. Managers, directors and senior officials",119,77,42
E01001623,2. Professional occupations,185,151,34
E01001623,3. Associate professional and technical occupations,107,51,56
E01001623,4. Administrative and secretarial occupations,78,102,-24
E01001623,5. Skilled trades occupations,82,79,3
E01001623,"6. Caring, leisure and other service occupations",77,98,-21
E01001623,7. Sales and customer service occupations,58,66,-8
E01001623,"8. Process, plant and machine operatives",61,40,21
E01001623,9. Elementary occupations,94,80,14
E01001624,"1. Managers, directors and senior officials",79,66,13
E01001624,2. Professional occupations,163,106,57
E01001624,3. Associate professional and technical occupations,107,43,64
E01001624,4. Administrative and secretarial occupations,87,110,-23
E01001624,5. Skilled trades occupations,84,80,4
E01001624,"6. Caring, leisure and other service occupations",81,105,-24
E01001624,7. Sales and customer service occupations,55,53,2
E01001624,"8. Process, plant and machine operatives",56,45,11
E01001624,9. Elementary occupations,79,70,9
E01001625,"1. Managers, directors and senior officials",65,40,25
E01001625,2. Professional occupations,114,47,67
E01001625,3. Associate professional and technical occupations,79,26,53
E01001625,4. Administrative and secretarial occupations,62,79,-17
E01001625,5. Skilled trades occupations,95,82,13
E01001625,"6. Caring, leisure and other service occupations",88,91,-3
E01001625,7. Sales and customer service occupations,52,75,-23
E01001625,"8. Process, plant and machine operatives",56,63,-7
E01001625,9. Elementary occupations,125,101,24
E01001629,"1. Managers, directors and senior officials",95,62,33
E01001629,2. Professional occupations,162,114,48
E01001629,3. Associate professional and technical occupations,100,30,70
E01001629,4. Administrative and secretarial occupations,69,96,-27
E01001629,5. Skilled trades occupations,78,91,-13
E01001629,"6. Caring, leisure and other service occupations",151,134,17
E01001629,7. Sales and customer service occupations,79,83,-4
E01001629,"8. Process, plant and machine operatives",67,68,-1
E01001629,9. Elementary occupations,151,192,-41
E01001631,"1. Managers, directors and senior officials",61,63,-2
E01001631,2. Professional occupations,137,100,37
E01001631,3. Associate professional and technical occupations,85,38,47
E01001631,4. Administrative and secretarial occupations,72,109,-37
E01001631,5. Skilled trades occupations,73,55,18
E01001631,"6. Caring, leisure and other service occupations",140,93,47
E01001631,7. Sales and customer service occupations,102,81,21
E01001631,"8. Process, plant and machine operatives",63,68,-5
E01001631,9. Elementary occupations,164,176,-12
E01001632,"1. Managers, directors and senior officials",101,80,21
E01001632,2. Professional occupations,126,123,3
E01001632,3. Associate professional and technical occupations,97,36,61
E01001632,4. Administrative and secretarial occupations,74,111,-37
E01001632,5. Skilled trades occupations,79,90,-11
E01001632,"6. Caring, leisure and other service occupations",103,150,-47
E01001632,7. Sales and customer service occupations,97,149,-52
E01001632,"8. Process, plant and machine operatives",82,87,-5
E01001632,9. Elementary occupations,179,248,-69
E01001633,"1. Managers, directors and senior officials",83,43,40
E01001633,2. Professional occupations,119,85,34
E01001633,3. Associate professional and technical occupations,110,36,74
E01001633,4. Administrative and secretarial occupations,57,72,-15
E01001633,5. Skilled trades occupations,74,74,0
E01001633,"6. Caring, leisure and other service occupations",119,105,14
E01001633,7. Sales and customer service occupations,62,70,-8
E01001633,"8. Process, plant and machine operatives",76,46,30
E01001633,9. Elementary occupations,207,114,93
E01001634,"1. Managers, directors and senior officials",36,27,9
E01001634,2. Professional occupations,87,64,23
E01001634,3. Associate professional and technical occupations,85,31,54
E01001634,4. Administrative and secretarial occupations,72,88,-16
E01001634,5. Skilled trades occupations,64,59,5
E01001634,"6. Caring, leisure and other service occupations",129,101,28
E01001634,7. Sales and customer service occupations,63,66,-3
E01001634,"8. Process, plant and machine operatives",56,64,-8
E01001634,9. Elementary occupations,123,114,9
E01001635,"1. Managers, directors and senior officials",91,61,30
E01001635,2. Professional occupations,166,124,42
E01001635,3. Associate professional and technical occupations,162,55,107
E01001635,4. Administrative and secretarial occupations,62,92,-30
E01001635,5. Skilled trades occupations,73,62,11
E01001635,"6. Caring, leisure and other service occupations",82,72,10
E01001635,7. Sales and customer service occupations,49,70,-21
E01001635,"8. Process, plant and machine operatives",44,31,13
E01001635,9. Elementary occupations,124,132,-8
E01001636,"1. Managers, directors and senior officials",58,51,7
E01001636,2. Professional occupations,145,107,38
E01001636,3. Associate professional and technical occupations,105,45,60
E01001636,4. Administrative and secretarial occupations,52,67,-15
E01001636,5. Skilled trades occupations,109,65,44
E01001636,"6. Caring, leisure and other service occupations",83,93,-10
E01001636,7. Sales and customer service occupations,67,78,-11
E01001636,"8. Process, plant and machine operatives",39,49,-10
E01001636,9. Elementary occupations,120,149,-29
E01001637,"1. Managers, directors and senior officials",68,58,10
E01001637,2. Professional occupations,137,122,15
E01001637,3. Associate professional and technical occupations,139,43,96
E01001637,4. Administrative and secretarial occupations,53,85,-32
E01001637,5. Skilled trades occupations,84,57,27
E01001637,"6. Caring, leisure and other service occupations",131,121,10
E01001637,7. Sales and customer service occupations,65,71,-6
E01001637,"8. Process, plant and machine operatives",67,48,19
E01001637,9. Elementary occupations,138,128,10
E01001638,"1. Managers, directors and senior officials",63,80,-17
E01001638,2. Professional occupations,144,176,-32
E01001638,3. Associate professional and technical occupations,85,46,39
E01001638,4. Administrative and secretarial occupations,74,75,-1
E01001638,5. Skilled trades occupations,55,70,-15
E01001638,"6. Caring, leisure and other service occupations",145,96,49
E01001638,7. Sales and customer service occupations,60,84,-24
E01001638,"8. Process, plant and machine operatives",69,46,23
E01001638,9. Elementary occupations,122,128,-6
E01001641,"1. Managers, directors and senior officials",213,139,74
E01001641,2. Professional occupations,383,313,70
E01001641,3. Associate professional and technical occupations,184,49,135
E01001641,4. Administrative and secretarial occupations,70,85,-15
E01001641,5. Skilled trades occupations,46,40,6
E01001641,"6. Caring, leisure and other service occupations",50,44,6
E01001641,7. Sales and customer service occupations,49,38,11
E01001641,"8. Process, plant and machine operatives",23,20,3
E01001641,9. Elementary occupations,51,58,-7
E01001642,"1. Managers, directors and senior officials",224,193,31
E01001642,2. Professional occupations,363,373,-10
E01001642,3. Associate professional and technical occupations,176,59,117
E01001642,4. Administrative and secretarial occupations,46,67,-21
E01001642,5. Skilled trades occupations,22,23,-1
E01001642,"6. Caring, leisure and other service occupations",43,26,17
E01001642,7. Sales and customer service occupations,32,21,11
E01001642,"8. Process, plant and machine operatives",14,16,-2
E01001642,9. Elementary occupations,24,30,-6
E01001644,"1. Managers, directors and senior officials",289,178,111
E01001644,2. Professional occupations,562,463,99
E01001644,3. Associate professional and technical occupations,321,112,209
E01001644,4. Administrative and secretarial occupations,98,122,-24
E01001644,5. Skilled trades occupations,61,63,-2
E01001644,"6. Caring, leisure and other service occupations",101,64,37
E01001644,7. Sales and customer service occupations,68,63,5
E01001644,"8. Process, plant and machine operatives",28,26,2
E01001644,9. Elementary occupations,96,75,21
E01001645,"1. Managers, directors and senior officials",106,53,53
E01001645,2. Professional occupations,187,108,79
E01001645,3. Associate professional and technical occupations,118,40,78
E01001645,4. Administrative and secretarial occupations,69,75,-6
E01001645,5. Skilled trades occupations,77,67,10
E01001645,"6. Caring, leisure and other service occupations",97,84,13
E01001645,7. Sales and customer service occupations,65,53,12
E01001645,"8. Process, plant and machine operatives",33,36,-3
E01001645,9. Elementary occupations,94,69,25
E01001646,"1. Managers, directors and senior officials",152,132,20
E01001646,2. Professional occupations,360,343,17
E01001646,3. Associate professional and technical occupations,182,99,83
E01001646,4. Administrative and secretarial occupations,122,153,-31
E01001646,5. Skilled trades occupations,106,92,14
E01001646,"6. Caring, leisure and other service occupations",163,120,43
E01001646,7. Sales and customer service occupations,109,101,8
E01001646,"8. Process, plant and machine operatives",69,73,-4
E01001646,9. Elementary occupations,126,122,4
E01001647,"1. Managers, directors and senior officials",101,75,26
E01001647,2. Professional occupations,209,144,65
E01001647,3. Associate professional and technical occupations,89,26,63
E01001647,4. Administrative and secretarial occupations,78,79,-1
E01001647,5. Skilled trades occupations,43,62,-19
E01001647,"6. Caring, leisure and other service occupations",50,62,-12
E01001647,7. Sales and customer service occupations,43,39,4
E01001647,"8. Process, plant and machine operatives",25,38,-13
E01001647,9. Elementary occupations,57,55,2
E01001648,"1. Managers, directors and senior officials",150,118,32
E01001648,2. Professional occupations,293,245,48
E01001648,3. Associate professional and technical occupations,126,69,57
E01001648,4. Administrative and secretarial occupations,68,121,-53
E01001648,5. Skilled trades occupations,71,82,-11
E01001648,"6. Caring, leisure and other service occupations",71,73,-2
E01001648,7. Sales and customer service occupations,42,68,-26
E01001648,"8. Process, plant and machine operatives",42,53,-11
E01001648,9. Elementary occupations,60,90,-30
E01001649,"1. Managers, directors and senior officials",97,61,36
E01001649,2. Professional occupations,152,88,64
E01001649,3. Associate professional and technical occupations,93,42,51
E01001649,4. Administrative and secretarial occupations,61,95,-34
E01001649,5. Skilled trades occupations,53,75,-22
E01001649,"6. Caring, leisure and other service occupations",78,84,-6
E01001649,7. Sales and customer service occupations,44,75,-31
E01001649,"8. Process, plant and machine operatives",43,47,-4
E01001649,9. Elementary occupations,97,106,-9
E01001650,"1. Managers, directors and senior officials",75,47,28
E01001650,2. Professional occupations,149,115,34
E01001650,3. Associate professional and technical occupations,102,35,67
E01001650,4. Administrative and secretarial occupations,75,87,-12
E01001650,5. Skilled trades occupations,104,98,6
E01001650,"6. Caring, leisure and other service occupations",91,87,4
E01001650,7. Sales and customer service occupations,62,71,-9
E01001650,"8. Process, plant and machine operatives",46,59,-13
E01001650,9. Elementary occupations,100,116,-16
E01001651,"1. Managers, directors and senior officials",74,71,3
E01001651,2. Professional occupations,147,100,47
E01001651,3. Associate professional and technical occupations,97,40,57
E01001651,4. Administrative and secretarial occupations,64,75,-11
E01001651,5. Skilled trades occupations,72,80,-8
E01001651,"6. Caring, leisure and other service occupations",99,80,19
E01001651,7. Sales and customer service occupations,68,60,8
E01001651,"8. Process, plant and machine operatives",56,46,10
E01001651,9. Elementary occupations,108,119,-11
E01001652,"1. Managers, directors and senior officials",156,127,29
E01001652,2. Professional occupations,252,206,46
E01001652,3. Associate professional and technical occupations,153,47,106
E01001652,4. Administrative and secretarial occupations,71,100,-29
E01001652,5. Skilled trades occupations,58,49,9
E01001652,"6. Caring, leisure and other service occupations",56,54,2
E01001652,7. Sales and customer service occupations,33,49,-16
E01001652,"8. Process, plant and machine operatives",45,30,15
E01001652,9. Elementary occupations,64,52,12
E01001653,"1. Managers, directors and senior officials",75,50,25
E01001653,2. Professional occupations,94,67,27
E01001653,3. Associate professional and technical occupations,71,25,46
E01001653,4. Administrative and secretarial occupations,65,76,-11
E01001653,5. Skilled trades occupations,91,82,9
E01001653,"6. Caring, leisure and other service occupations",88,78,10
E01001653,7. Sales and customer service occupations,44,72,-28
E01001653,"8. Process, plant and machine operatives",61,57,4
E01001653,9. Elementary occupations,82,101,-19
E01001654,"1. Managers, directors and senior officials",70,58,12
E01001654,2. Professional occupations,122,61,61
E01001654,3. Associate professional and technical occupations,68,32,36
E01001654,4. Administrative and secretarial occupations,71,73,-2
E01001654,5. Skilled trades occupations,69,71,-2
E01001654,"6. Caring, leisure and other service occupations",79,64,15
E01001654,7. Sales and customer service occupations,54,52,2
E01001654,"8. Process, plant and machine operatives",56,58,-2
E01001654,9. Elementary occupations,84,80,4
E01001655,"1. Managers, directors and senior officials",70,32,38
E01001655,2. Professional occupations,91,66,25
E01001655,3. Associate professional and technical occupations,77,28,49
E01001655,4. Administrative and secretarial occupations,66,69,-3
E01001655,5. Skilled trades occupations,84,74,10
E01001655,"6. Caring, leisure and other service occupations",112,81,31
E01001655,7. Sales and customer service occupations,59,72,-13
E01001655,"8. Process, plant and machine operatives",49,62,-13
E01001655,9. Elementary occupations,98,93,5
E01001656,"1. Managers, directors and senior officials",107,69,38
E01001656,2. Professional occupations,221,162,59
E01001656,3. Associate professional and technical occupations,94,44,50
E01001656,4. Administrative and secretarial occupations,45,71,-26
E01001656,5. Skilled trades occupations,26,24,2
E01001656,"6. Caring, leisure and other service occupations",34,34,0
E01001656,7. Sales and customer service occupations,30,36,-6
E01001656,"8. Process, plant and machine operatives",17,25,-8
E01001656,9. Elementary occupations,28,36,-8
E01001657,"1. Managers, directors and senior officials",163,123,40
E01001657,2. Professional occupations,280,220,60
E01001657,3. Associate professional and technical occupations,160,53,107
E01001657,4. Administrative and secretarial occupations,56,75,-19
E01001657,5. Skilled trades occupations,41,34,7
E01001657,"6. Caring, leisure and other service occupations",49,46,3
E01001657,7. Sales and customer service occupations,25,27,-2
E01001657,"8. Process, plant and machine operatives",22,21,1
E01001657,9. Elementary occupations,28,26,2
E01001658,"1. Managers, directors and senior officials",116,74,42
E01001658,2. Professional occupations,224,178,46
E01001658,3. Associate professional and technical occupations,118,52,66
E01001658,4. Administrative and secretarial occupations,66,109,-43
E01001658,5. Skilled trades occupations,68,62,6
E01001658,"6. Caring, leisure and other service occupations",48,50,-2
E01001658,7. Sales and customer service occupations,45,29,16
E01001658,"8. Process, plant and machine operatives",37,35,2
E01001658,9. Elementary occupations,79,68,11
E01001659,"1. Managers, directors and senior officials",104,82,22
E01001659,2. Professional occupations,212,129,83
E01001659,3. Associate professional and technical occupations,122,36,86
E01001659,4. Administrative and secretarial occupations,44,92,-48
E01001659,5. Skilled trades occupations,51,49,2
E01001659,"6. Caring, leisure and other service occupations",75,48,27
E01001659,7. Sales and customer service occupations,32,71,-39
E01001659,"8. Process, plant and machine operatives",27,49,-22
E01001659,9. Elementary occupations,61,43,18
E01001660,"1. Managers, directors and senior officials",87,51,36
E01001660,2. Professional occupations,126,79,47
E01001660,3. Associate professional and technical occupations,79,25,54
E01001660,4. Administrative and secretarial occupations,61,84,-23
E01001660,5. Skilled trades occupations,53,89,-36
E01001660,"6. Caring, leisure and other service occupations",80,79,1
E01001660,7. Sales and customer service occupations,60,66,-6
E01001660,"8. Process, plant and machine operatives",50,45,5
E01001660,9. Elementary occupations,76,85,-9
E01001661,"1. Managers, directors and senior officials",79,56,23
E01001661,2. Professional occupations,130,89,41
E01001661,3. Associate professional and technical occupations,80,35,45
E01001661,4. Administrative and secretarial occupations,74,84,-10
E01001661,5. Skilled trades occupations,78,74,4
E01001661,"6. Caring, leisure and other service occupations",91,64,27
E01001661,7. Sales and customer service occupations,52,46,6
E01001661,"8. Process, plant and machine operatives",50,54,-4
E01001661,9. Elementary occupations,76,75,1
E01001664,"1. Managers, directors and senior officials",207,156,51
E01001664,2. Professional occupations,420,329,91
E01001664,3. Associate professional and technical occupations,275,73,202
E01001664,4. Administrative and secretarial occupations,67,95,-28
E01001664,5. Skilled trades occupations,65,47,18
E01001664,"6. Caring, leisure and other service occupations",83,50,33
E01001664,7. Sales and customer service occupations,84,44,40
E01001664,"8. Process, plant and machine operatives",28,19,9
E01001664,9. Elementary occupations,45,67,-22
E01001665,"1. Managers, directors and senior officials",180,124,56
E01001665,2. Professional occupations,392,338,54
E01001665,3. Associate professional and technical occupations,198,65,133
E01001665,4. Administrative and secretarial occupations,66,101,-35
E01001665,5. Skilled trades occupations,73,60,13
E01001665,"6. Caring, leisure and other service occupations",58,49,9
E01001665,7. Sales and customer service occupations,61,46,15
E01001665,"8. Process, plant and machine operatives",31,28,3
E01001665,9. Elementary occupations,60,95,-35
E01001666,"1. Managers, directors and senior officials",139,87,52
E01001666,2. Professional occupations,255,190,65
E01001666,3. Associate professional and technical occupations,154,41,113
E01001666,4. Administrative and secretarial occupations,87,102,-15
E01001666,5. Skilled trades occupations,86,69,17
E01001666,"6. Caring, leisure and other service occupations",98,74,24
E01001666,7. Sales and customer service occupations,79,89,-10
E01001666,"8. Process, plant and machine operatives",38,58,-20
E01001666,9. Elementary occupations,98,128,-30
E01001669,"1. Managers, directors and senior officials",84,53,31
E01001669,2. Professional occupations,208,111,97
E01001669,3. Associate professional and technical occupations,136,49,87
E01001669,4. Administrative and secretarial occupations,85,106,-21
E01001669,5. Skilled trades occupations,101,102,-1
E01001669,"6. Caring, leisure and other service occupations",127,101,26
E01001669,7. Sales and customer service occupations,82,69,13
E01001669,"8. Process, plant and machine operatives",81,68,13
E01001669,9. Elementary occupations,170,136,34
E01001671,"1. Managers, directors and senior officials",79,61,18
E01001671,2. Professional occupations,176,122,54
E01001671,3. Associate professional and technical occupations,121,50,71
E01001671,4. Administrative and secretarial occupations,75,103,-28
E01001671,5. Skilled trades occupations,76,70,6
E01001671,"6. Caring, leisure and other service occupations",59,83,-24
E01001671,7. Sales and customer service occupations,50,58,-8
E01001671,"8. Process, plant and machine operatives",44,44,0
E01001671,9. Elementary occupations,108,97,11
E01001672,"1. Managers, directors and senior officials",71,49,22
E01001672,2. Professional occupations,124,100,24
E01001672,3. Associate professional and technical occupations,84,41,43
E01001672,4. Administrative and secretarial occupations,64,81,-17
E01001672,5. Skilled trades occupations,93,87,6
E01001672,"6. Caring, leisure and other service occupations",139,98,41
E01001672,7. Sales and customer service occupations,82,96,-14
E01001672,"8. Process, plant and machine operatives",69,52,17
E01001672,9. Elementary occupations,197,259,-62
E01001673,"1. Managers, directors and senior officials",58,34,24
E01001673,2. Professional occupations,143,61,82
E01001673,3. Associate professional and technical occupations,86,26,60
E01001673,4. Administrative and secretarial occupations,69,64,5
E01001673,5. Skilled trades occupations,102,50,52
E01001673,"6. Caring, leisure and other service occupations",96,85,11
E01001673,7. Sales and customer service occupations,110,100,10
E01001673,"8. Process, plant and machine operatives",101,70,31
E01001673,9. Elementary occupations,204,219,-15
E01001674,"1. Managers, directors and senior officials",91,63,28
E01001674,2. Professional occupations,154,125,29
E01001674,3. Associate professional and technical occupations,91,31,60
E01001674,4. Administrative and secretarial occupations,72,87,-15
E01001674,5. Skilled trades occupations,101,91,10
E01001674,"6. Caring, leisure and other service occupations",121,88,33
E01001674,7. Sales and customer service occupations,67,87,-20
E01001674,"8. Process, plant and machine operatives",74,53,21
E01001674,9. Elementary occupations,199,159,40
E01001675,"1. Managers, directors and senior officials",106,67,39
E01001675,2. Professional occupations,102,91,11
E01001675,3. Associate professional and technical occupations,107,51,56
E01001675,4. Administrative and secretarial occupations,78,74,4
E01001675,5. Skilled trades occupations,138,72,66
E01001675,"6. Caring, leisure and other service occupations",148,97,51
E01001675,7. Sales and customer service occupations,147,136,11
E01001675,"8. Process, plant and machine operatives",66,53,13
E01001675,9. Elementary occupations,310,237,73
E01001676,"1. Managers, directors and senior officials",78,44,34
E01001676,2. Professional occupations,114,84,30
E01001676,3. Associate professional and technical occupations,96,35,61
E01001676,4. Administrative and secretarial occupations,70,79,-9
E01001676,5. Skilled trades occupations,77,59,18
E01001676,"6. Caring, leisure and other service occupations",97,91,6
E01001676,7. Sales and customer service occupations,68,78,-10
E01001676,"8. Process, plant and machine operatives",73,50,23
E01001676,9. Elementary occupations,141,146,-5
E01001677,"1. Managers, directors and senior officials",67,55,12
E01001677,2. Professional occupations,153,133,20
E01001677,3. Associate professional and technical occupations,80,48,32
E01001677,4. Administrative and secretarial occupations,81,101,-20
E01001677,5. Skilled trades occupations,89,77,12
E01001677,"6. Caring, leisure and other service occupations",116,136,-20
E01001677,7. Sales and customer service occupations,81,94,-13
E01001677,"8. Process, plant and machine operatives",53,53,0
E01001677,9. Elementary occupations,183,169,14
E01001678,"1. Managers, directors and senior officials",96,70,26
E01001678,2. Professional occupations,152,126,26
E01001678,3. Associate professional and technical occupations,135,50,85
E01001678,4. Administrative and secretarial occupations,77,125,-48
E01001678,5. Skilled trades occupations,89,83,6
E01001678,"6. Caring, leisure and other service occupations",80,93,-13
E01001678,7. Sales and customer service occupations,66,67,-1
E01001678,"8. Process, plant and machine operatives",39,54,-15
E01001678,9. Elementary occupations,103,67,36
E01001679,"1. Managers, directors and senior officials",97,67,30
E01001679,2. Professional occupations,185,152,33
E01001679,3. Associate professional and technical occupations,124,62,62
E01001679,4. Administrative and secretarial occupations,64,108,-44
E01001679,5. Skilled trades occupations,43,63,-20
E01001679,"6. Caring, leisure and other service occupations",52,67,-15
E01001679,7. Sales and customer service occupations,27,36,-9
E01001679,"8. Process, plant and machine operatives",42,35,7
E01001679,9. Elementary occupations,57,56,1
E01001680,"1. Managers, directors and senior officials",141,77,64
E01001680,2. Professional occupations,223,204,19
E01001680,3. Associate professional and technical occupations,130,54,76
E01001680,4. Administrative and secretarial occupations,80,105,-25
E01001680,5. Skilled trades occupations,52,58,-6
E01001680,"6. Caring, leisure and other service occupations",42,60,-18
E01001680,7. Sales and customer service occupations,28,39,-11
E01001680,"8. Process, plant and machine operatives",31,45,-14
E01001680,9. Elementary occupations,43,48,-5
E01001681,"1. Managers, directors and senior officials",88,42,46
E01001681,2. Professional occupations,155,116,39
E01001681,3. Associate professional and technical occupations,108,48,60
E01001681,4. Administrative and secretarial occupations,56,44,12
E01001681,5. Skilled trades occupations,63,49,14
E01001681,"6. Caring, leisure and other service occupations",62,42,20
E01001681,7. Sales and customer service occupations,31,37,-6
E01001681,"8. Process, plant and machine operatives",38,24,14
E01001681,9. Elementary occupations,75,37,38
E01001682,"1. Managers, directors and senior officials",84,79,5
E01001682,2. Professional occupations,161,147,14
E01001682,3. Associate professional and technical occupations,89,60,29
E01001682,4. Administrative and secretarial occupations,61,88,-27
E01001682,5. Skilled trades occupations,68,60,8
E01001682,"6. Caring, leisure and other service occupations",52,54,-2
E01001682,7. Sales and customer service occupations,45,33,12
E01001682,"8. Process, plant and machine operatives",37,32,5
E01001682,9. Elementary occupations,41,34,7
E01001683,"1. Managers, directors and senior officials",86,61,25
E01001683,2. Professional occupations,157,149,8
E01001683,3. Associate professional and technical occupations,107,62,45
E01001683,4. Administrative and secretarial occupations,64,109,-45
E01001683,5. Skilled trades occupations,58,70,-12
E01001683,"6. Caring, leisure and other service occupations",57,102,-45
E01001683,7. Sales and customer service occupations,46,64,-18
E01001683,"8. Process, plant and machine operatives",55,51,4
E01001683,9. Elementary occupations,81,83,-2
E01001684,"1. Managers, directors and senior officials",76,59,17
E01001684,2. Professional occupations,118,89,29
E01001684,3. Associate professional and technical occupations,81,26,55
E01001684,4. Administrative and secretarial occupations,67,86,-19
E01001684,5. Skilled trades occupations,70,73,-3
E01001684,"6. Caring, leisure and other service occupations",89,93,-4
E01001684,7. Sales and customer service occupations,58,46,12
E01001684,"8. Process, plant and machine operatives",40,61,-21
E01001684,9. Elementary occupations,71,85,-14
E01001685,"1. Managers, directors and senior officials",83,39,44
E01001685,2. Professional occupations,150,113,37
E01001685,3. Associate professional and technical occupations,103,42,61
E01001685,4. Administrative and secretarial occupations,70,109,-39
E01001685,5. Skilled trades occupations,84,84,0
E01001685,"6. Caring, leisure and other service occupations",69,88,-19
E01001685,7. Sales and customer service occupations,49,61,-12
E01001685,"8. Process, plant and machine operatives",44,45,-1
E01001685,9. Elementary occupations,93,86,7
E01001686,"1. Managers, directors and senior officials",123,77,46
E01001686,2. Professional occupations,211,182,29
E01001686,3. Associate professional and technical occupations,137,65,72
E01001686,4. Administrative and secretarial occupations,77,83,-6
E01001686,5. Skilled trades occupations,74,73,1
E01001686,"6. Caring, leisure and other service occupations",87,58,29
E01001686,7. Sales and customer service occupations,65,60,5
E01001686,"8. Process, plant and machine operatives",53,38,15
E01001686,9. Elementary occupations,83,105,-22
E01001687,"1. Managers, directors and senior officials",42,28,14
E01001687,2. Professional occupations,103,79,24
E01001687,3. Associate professional and technical occupations,75,28,47
E01001687,4. Administrative and secretarial occupations,51,67,-16
E01001687,5. Skilled trades occupations,51,50,1
E01001687,"6. Caring, leisure and other service occupations",80,63,17
E01001687,7. Sales and customer service occupations,43,46,-3
E01001687,"8. Process, plant and machine operatives",53,50,3
E01001687,9. Elementary occupations,120,78,42
E01001688,"1. Managers, directors and senior officials",105,101,4
E01001688,2. Professional occupations,209,172,37
E01001688,3. Associate professional and technical occupations,120,63,57
E01001688,4. Administrative and secretarial occupations,105,151,-46
E01001688,5. Skilled trades occupations,100,79,21
E01001688,"6. Caring, leisure and other service occupations",158,134,24
E01001688,7. Sales and customer service occupations,86,100,-14
E01001688,"8. Process, plant and machine operatives",72,98,-26
E01001688,9. Elementary occupations,166,151,15
E01001690,"1. Managers, directors and senior officials",62,52,10
E01001690,2. Professional occupations,101,126,-25
E01001690,3. Associate professional and technical occupations,75,52,23
E01001690,4. Administrative and secretarial occupations,48,114,-66
E01001690,5. Skilled trades occupations,63,81,-18
E01001690,"6. Caring, leisure and other service occupations",108,97,11
E01001690,7. Sales and customer service occupations,66,75,-9
E01001690,"8. Process, plant and machine operatives",112,74,38
E01001690,9. Elementary occupations,159,160,-1
E01001692,"1. Managers, directors and senior officials",34,26,8
E01001692,2. Professional occupations,81,79,2
E01001692,3. Associate professional and technical occupations,46,26,20
E01001692,4. Administrative and secretarial occupations,40,50,-10
E01001692,5. Skilled trades occupations,55,41,14
E01001692,"6. Caring, leisure and other service occupations",98,83,15
E01001692,7. Sales and customer service occupations,68,48,20
E01001692,"8. Process, plant and machine operatives",55,51,4
E01001692,9. Elementary occupations,112,116,-4
E01001693,"1. Managers, directors and senior officials",39,25,14
E01001693,2. Professional occupations,73,65,8
E01001693,3. Associate professional and technical occupations,73,35,38
E01001693,4. Administrative and secretarial occupations,60,59,1
E01001693,5. Skilled trades occupations,32,48,-16
E01001693,"6. Caring, leisure and other service occupations",130,97,33
E01001693,7. Sales and customer service occupations,50,67,-17
E01001693,"8. Process, plant and machine operatives",48,64,-16
E01001693,9. Elementary occupations,105,134,-29
E01001694,"1. Managers, directors and senior officials",54,40,14
E01001694,2. Professional occupations,140,114,26
E01001694,3. Associate professional and technical occupations,82,36,46
E01001694,4. Administrative and secretarial occupations,72,82,-10
E01001694,5. Skilled trades occupations,91,70,21
E01001694,"6. Caring, leisure and other service occupations",101,94,7
E01001694,7. Sales and customer service occupations,61,57,4
E01001694,"8. Process, plant and machine operatives",80,65,15
E01001694,9. Elementary occupations,126,137,-11
E01001695,"1. Managers, directors and senior officials",56,35,21
E01001695,2. Professional occupations,98,62,36
E01001695,3. Associate professional and technical occupations,81,46,35
E01001695,4. Administrative and secretarial occupations,49,44,5
E01001695,5. Skilled trades occupations,84,67,17
E01001695,"6. Caring, leisure and other service occupations",134,75,59
E01001695,7. Sales and customer service occupations,73,70,3
E01001695,"8. Process, plant and machine operatives",49,68,-19
E01001695,9. Elementary occupations,146,163,-17
E01001696,"1. Managers, directors and senior officials",162,35,127
E01001696,2. Professional occupations,419,48,371
E01001696,3. Associate professional and technical occupations,231,20,211
E01001696,4. Administrative and secretarial occupations,93,32,61
E01001696,5. Skilled trades occupations,79,40,39
E01001696,"6. Caring, leisure and other service occupations",110,76,34
E01001696,7. Sales and customer service occupations,83,52,31
E01001696,"8. Process, plant and machine operatives",68,40,28
E01001696,9. Elementary occupations,161,123,38
E01001697,"1. Managers, directors and senior officials",114,48,66
E01001697,2. Professional occupations,283,120,163
E01001697,3. Associate professional and technical occupations,133,50,83
E01001697,4. Administrative and secretarial occupations,84,98,-14
E01001697,5. Skilled trades occupations,133,72,61
E01001697,"6. Caring, leisure and other service occupations",166,110,56
E01001697,7. Sales and customer service occupations,114,104,10
E01001697,"8. Process, plant and machine operatives",97,58,39
E01001697,9. Elementary occupations,172,194,-22
E01001698,"1. Managers, directors and senior officials",70,54,16
E01001698,2. Professional occupations,159,103,56
E01001698,3. Associate professional and technical occupations,105,40,65
E01001698,4. Administrative and secretarial occupations,51,59,-8
E01001698,5. Skilled trades occupations,73,60,13
E01001698,"6. Caring, leisure and other service occupations",120,109,11
E01001698,7. Sales and customer service occupations,62,69,-7
E01001698,"8. Process, plant and machine operatives",54,32,22
E01001698,9. Elementary occupations,111,125,-14
E01001699,"1. Managers, directors and senior officials",76,64,12
E01001699,2. Professional occupations,135,65,70
E01001699,3. Associate professional and technical occupations,229,382,-153
E01001699,4. Administrative and secretarial occupations,73,55,18
E01001699,5. Skilled trades occupations,32,71,-39
E01001699,"6. Caring, leisure and other service occupations",62,87,-25
E01001699,7. Sales and customer service occupations,46,56,-10
E01001699,"8. Process, plant and machine operatives",28,40,-12
E01001699,9. Elementary occupations,75,99,-24
E01001700,"1. Managers, directors and senior officials",77,55,22
E01001700,2. Professional occupations,200,122,78
E01001700,3. Associate professional and technical occupations,138,55,83
E01001700,4. Administrative and secretarial occupations,52,83,-31
E01001700,5. Skilled trades occupations,94,93,1
E01001700,"6. Caring, leisure and other service occupations",115,96,19
E01001700,7. Sales and customer service occupations,95,88,7
E01001700,"8. Process, plant and machine operatives",69,54,15
E01001700,9. Elementary occupations,226,179,47
E01001701,"1. Managers, directors and senior officials",108,65,43
E01001701,2. Professional occupations,247,95,152
E01001701,3. Associate professional and technical occupations,202,141,61
E01001701,4. Administrative and secretarial occupations,62,41,21
E01001701,5. Skilled trades occupations,60,36,24
E01001701,"6. Caring, leisure and other service occupations",76,71,5
E01001701,7. Sales and customer service occupations,46,39,7
E01001701,"8. Process, plant and machine operatives",31,20,11
E01001701,9. Elementary occupations,65,57,8
E01001702,"1. Managers, directors and senior officials",39,26,13
E01001702,2. Professional occupations,83,51,32
E01001702,3. Associate professional and technical occupations,76,26,50
E01001702,4. Administrative and secretarial occupations,44,54,-10
E01001702,5. Skilled trades occupations,59,57,2
E01001702,"6. Caring, leisure and other service occupations",92,94,-2
E01001702,7. Sales and customer service occupations,57,57,0
E01001702,"8. Process, plant and machine operatives",40,42,-2
E01001702,9. Elementary occupations,99,104,-5
E01001703,"1. Managers, directors and senior officials",41,41,0
E01001703,2. Professional occupations,114,75,39
E01001703,3. Associate professional and technical occupations,71,33,38
E01001703,4. Administrative and secretarial occupations,52,75,-23
E01001703,5. Skilled trades occupations,62,50,12
E01001703,"6. Caring, leisure and other service occupations",142,116,26
E01001703,7. Sales and customer service occupations,85,69,16
E01001703,"8. Process, plant and machine operatives",67,54,13
E01001703,9. Elementary occupations,184,151,33
E01001704,"1. Managers, directors and senior officials",111,67,44
E01001704,2. Professional occupations,173,166,7
E01001704,3. Associate professional and technical occupations,130,42,88
E01001704,4. Administrative and secretarial occupations,53,83,-30
E01001704,5. Skilled trades occupations,56,76,-20
E01001704,"6. Caring, leisure and other service occupations",81,83,-2
E01001704,7. Sales and customer service occupations,49,63,-14
E01001704,"8. Process, plant and machine operatives",37,45,-8
E01001704,9. Elementary occupations,94,90,4
E01001705,"1. Managers, directors and senior officials",89,39,50
E01001705,2. Professional occupations,168,95,73
E01001705,3. Associate professional and technical occupations,134,31,103
E01001705,4. Administrative and secretarial occupations,65,80,-15
E01001705,5. Skilled trades occupations,86,71,15
E01001705,"6. Caring, leisure and other service occupations",123,104,19
E01001705,7. Sales and customer service occupations,90,85,5
E01001705,"8. Process, plant and machine operatives",77,58,19
E01001705,9. Elementary occupations,150,131,19
E01001708,"1. Managers, directors and senior officials",91,74,17
E01001708,2. Professional occupations,220,206,14
E01001708,3. Associate professional and technical occupations,152,59,93
E01001708,4. Administrative and secretarial occupations,61,87,-26
E01001708,5. Skilled trades occupations,64,45,19
E01001708,"6. Caring, leisure and other service occupations",82,67,15
E01001708,7. Sales and customer service occupations,59,42,17
E01001708,"8. Process, plant and machine operatives",26,33,-7
E01001708,9. Elementary occupations,89,99,-10
E01001710,"1. Managers, directors and senior officials",51,29,22
E01001710,2. Professional occupations,96,60,36
E01001710,3. Associate professional and technical occupations,69,36,33
E01001710,4. Administrative and secretarial occupations,37,39,-2
E01001710,5. Skilled trades occupations,56,60,-4
E01001710,"6. Caring, leisure and other service occupations",140,93,47
E01001710,7. Sales and customer service occupations,72,64,8
E01001710,"8. Process, plant and machine operatives",72,45,27
E01001710,9. Elementary occupations,116,116,0
E01001712,"1. Managers, directors and senior officials",79,71,8
E01001712,2. Professional occupations,208,154,54
E01001712,3. Associate professional and technical occupations,113,46,67
E01001712,4. Administrative and secretarial occupations,74,101,-27
E01001712,5. Skilled trades occupations,77,80,-3
E01001712,"6. Caring, leisure and other service occupations",126,112,14
E01001712,7. Sales and customer service occupations,93,88,5
E01001712,"8. Process, plant and machine operatives",66,40,26
E01001712,9. Elementary occupations,137,114,23
E01001714,"1. Managers, directors and senior officials",111,60,51
E01001714,2. Professional occupations,370,109,261
E01001714,3. Associate professional and technical occupations,202,39,163
E01001714,4. Administrative and secretarial occupations,67,52,15
E01001714,5. Skilled trades occupations,64,76,-12
E01001714,"6. Caring, leisure and other service occupations",84,77,7
E01001714,7. Sales and customer service occupations,82,62,20
E01001714,"8. Process, plant and machine operatives",29,30,-1
E01001714,9. Elementary occupations,112,79,33
E01001715,"1. Managers, directors and senior officials",120,112,8
E01001715,2. Professional occupations,369,328,41
E01001715,3. Associate professional and technical occupations,199,58,141
E01001715,4. Administrative and secretarial occupations,37,81,-44
E01001715,5. Skilled trades occupations,36,55,-19
E01001715,"6. Caring, leisure and other service occupations",30,43,-13
E01001715,7. Sales and customer service occupations,44,60,-16
E01001715,"8. Process, plant and machine operatives",22,18,4
E01001715,9. Elementary occupations,27,44,-17
E01001716,"1. Managers, directors and senior officials",113,77,36
E01001716,2. Professional occupations,296,190,106
E01001716,3. Associate professional and technical occupations,141,51,90
E01001716,4. Administrative and secretarial occupations,52,75,-23
E01001716,5. Skilled trades occupations,55,48,7
E01001716,"6. Caring, leisure and other service occupations",61,44,17
E01001716,7. Sales and customer service occupations,61,42,19
E01001716,"8. Process, plant and machine operatives",26,18,8
E01001716,9. Elementary occupations,79,92,-13
E01001717,"1. Managers, directors and senior officials",78,57,21
E01001717,2. Professional occupations,192,176,16
E01001717,3. Associate professional and technical occupations,123,45,78
E01001717,4. Administrative and secretarial occupations,47,81,-34
E01001717,5. Skilled trades occupations,41,23,18
E01001717,"6. Caring, leisure and other service occupations",31,44,-13
E01001717,7. Sales and customer service occupations,35,28,7
E01001717,"8. Process, plant and machine operatives",12,21,-9
E01001717,9. Elementary occupations,49,27,22
E01001718,"1. Managers, directors and senior officials",172,149,23
E01001718,2. Professional occupations,447,440,7
E01001718,3. Associate professional and technical occupations,281,73,208
E01001718,4. Administrative and secretarial occupations,58,92,-34
E01001718,5. Skilled trades occupations,48,56,-8
E01001718,"6. Caring, leisure and other service occupations",51,57,-6
E01001718,7. Sales and customer service occupations,41,52,-11
E01001718,"8. Process, plant and machine operatives",33,8,25
E01001718,9. Elementary occupations,49,104,-55
E01001719,"1. Managers, directors and senior officials",126,38,88
E01001719,2. Professional occupations,316,160,156
E01001719,3. Associate professional and technical occupations,155,41,114
E01001719,4. Administrative and secretarial occupations,61,48,13
E01001719,5. Skilled trades occupations,37,21,16
E01001719,"6. Caring, leisure and other service occupations",62,54,8
E01001719,7. Sales and customer service occupations,47,37,10
E01001719,"8. Process, plant and machine operatives",20,17,3
E01001719,9. Elementary occupations,52,73,-21
E01001720,"1. Managers, directors and senior officials",208,137,71
E01001720,2. Professional occupations,428,398,30
E01001720,3. Associate professional and technical occupations,261,97,164
E01001720,4. Administrative and secretarial occupations,39,115,-76
E01001720,5. Skilled trades occupations,43,60,-17
E01001720,"6. Caring, leisure and other service occupations",35,45,-10
E01001720,7. Sales and customer service occupations,39,53,-14
E01001720,"8. Process, plant and machine operatives",17,30,-13
E01001720,9. Elementary occupations,41,55,-14
E01001722,"1. Managers, directors and senior officials",107,64,43
E01001722,2. Professional occupations,266,179,87
E01001722,3. Associate professional and technical occupations,159,64,95
E01001722,4. Administrative and secretarial occupations,108,107,1
E01001722,5. Skilled trades occupations,50,73,-23
E01001722,"6. Caring, leisure and other service occupations",99,80,19
E01001722,7. Sales and customer service occupations,58,92,-34
E01001722,"8. Process, plant and machine operatives",54,41,13
E01001722,9. Elementary occupations,98,95,3
E01001723,"1. Managers, directors and senior officials",141,107,34
E01001723,2. Professional occupations,310,261,49
E01001723,3. Associate professional and technical occupations,208,84,124
E01001723,4. Administrative and secretarial occupations,104,93,11
E01001723,5. Skilled trades occupations,48,61,-13
E01001723,"6. Caring, leisure and other service occupations",65,69,-4
E01001723,7. Sales and customer service occupations,47,46,1
E01001723,"8. Process, plant and machine operatives",43,26,17
E01001723,9. Elementary occupations,43,80,-37
E01001724,"1. Managers, directors and senior officials",186,123,63
E01001724,2. Professional occupations,576,340,236
E01001724,3. Associate professional and technical occupations,317,114,203
E01001724,4. Administrative and secretarial occupations,130,120,10
E01001724,5. Skilled trades occupations,97,85,12
E01001724,"6. Caring, leisure and other service occupations",132,84,48
E01001724,7. Sales and customer service occupations,80,79,1
E01001724,"8. Process, plant and machine operatives",49,36,13
E01001724,9. Elementary occupations,155,131,24
E01001725,"1. Managers, directors and senior officials",94,59,35
E01001725,2. Professional occupations,166,159,7
E01001725,3. Associate professional and technical occupations,81,27,54
E01001725,4. Administrative and secretarial occupations,126,87,39
E01001725,5. Skilled trades occupations,25,39,-14
E01001725,"6. Caring, leisure and other service occupations",60,65,-5
E01001725,7. Sales and customer service occupations,45,52,-7
E01001725,"8. Process, plant and machine operatives",31,21,10
E01001725,9. Elementary occupations,67,68,-1
E01001726,"1. Managers, directors and senior officials",49,32,17
E01001726,2. Professional occupations,117,95,22
E01001726,3. Associate professional and technical occupations,62,24,38
E01001726,4. Administrative and secretarial occupations,49,51,-2
E01001726,5. Skilled trades occupations,38,34,4
E01001726,"6. Caring, leisure and other service occupations",67,78,-11
E01001726,7. Sales and customer service occupations,38,50,-12
E01001726,"8. Process, plant and machine operatives",38,26,12
E01001726,9. Elementary occupations,73,99,-26
E01001727,"1. Managers, directors and senior officials",114,90,24
E01001727,2. Professional occupations,216,185,31
E01001727,3. Associate professional and technical occupations,91,71,20
E01001727,4. Administrative and secretarial occupations,106,96,10
E01001727,5. Skilled trades occupations,32,60,-28
E01001727,"6. Caring, leisure and other service occupations",70,57,13
E01001727,7. Sales and customer service occupations,76,50,26
E01001727,"8. Process, plant and machine operatives",32,27,5
E01001727,9. Elementary occupations,47,59,-12
E01001728,"1. Managers, directors and senior officials",80,61,19
E01001728,2. Professional occupations,164,151,13
E01001728,3. Associate professional and technical occupations,73,24,49
E01001728,4. Administrative and secretarial occupations,152,106,46
E01001728,5. Skilled trades occupations,30,38,-8
E01001728,"6. Caring, leisure and other service occupations",87,79,8
E01001728,7. Sales and customer service occupations,44,40,4
E01001728,"8. Process, plant and machine operatives",23,25,-2
E01001728,9. Elementary occupations,58,69,-11
E01001729,"1. Managers, directors and senior officials",90,55,35
E01001729,2. Professional occupations,164,126,38
E01001729,3. Associate professional and technical occupations,180,40,140
E01001729,4. Administrative and secretarial occupations,58,89,-31
E01001729,5. Skilled trades occupations,46,79,-33
E01001729,"6. Caring, leisure and other service occupations",96,95,1
E01001729,7. Sales and customer service occupations,79,79,0
E01001729,"8. Process, plant and machine operatives",45,38,7
E01001729,9. Elementary occupations,109,135,-26
E01001730,"1. Managers, directors and senior officials",113,38,75
E01001730,2. Professional occupations,271,95,176
E01001730,3. Associate professional and technical occupations,206,53,153
E01001730,4. Administrative and secretarial occupations,96,77,19
E01001730,5. Skilled trades occupations,67,54,13
E01001730,"6. Caring, leisure and other service occupations",140,87,53
E01001730,7. Sales and customer service occupations,77,64,13
E01001730,"8. Process, plant and machine operatives",42,34,8
E01001730,9. Elementary occupations,202,126,76
E01001731,"1. Managers, directors and senior officials",180,95,85
E01001731,2. Professional occupations,444,255,189
E01001731,3. Associate professional and technical occupations,314,101,213
E01001731,4. Administrative and secretarial occupations,95,92,3
E01001731,5. Skilled trades occupations,86,76,10
E01001731,"6. Caring, leisure and other service occupations",114,86,28
E01001731,7. Sales and customer service occupations,88,103,-15
E01001731,"8. Process, plant and machine operatives",34,39,-5
E01001731,9. Elementary occupations,150,128,22
E01001732,"1. Managers, directors and senior officials",80,47,33
E01001732,2. Professional occupations,176,88,88
E01001732,3. Associate professional and technical occupations,143,40,103
E01001732,4. Administrative and secretarial occupations,71,59,12
E01001732,5. Skilled trades occupations,55,42,13
E01001732,"6. Caring, leisure and other service occupations",100,70,30
E01001732,7. Sales and customer service occupations,63,58,5
E01001732,"8. Process, plant and machine operatives",36,46,-10
E01001732,9. Elementary occupations,109,131,-22
E01001733,"1. Managers, directors and senior officials",175,86,89
E01001733,2. Professional occupations,303,207,96
E01001733,3. Associate professional and technical occupations,309,102,207
E01001733,4. Administrative and secretarial occupations,51,74,-23
E01001733,5. Skilled trades occupations,46,58,-12
E01001733,"6. Caring, leisure and other service occupations",37,51,-14
E01001733,7. Sales and customer service occupations,58,81,-23
E01001733,"8. Process, plant and machine operatives",22,32,-10
E01001733,9. Elementary occupations,86,106,-20
E01001734,"1. Managers, directors and senior officials",122,74,48
E01001734,2. Professional occupations,366,213,153
E01001734,3. Associate professional and technical occupations,235,105,130
E01001734,4. Administrative and secretarial occupations,53,76,-23
E01001734,5. Skilled trades occupations,61,68,-7
E01001734,"6. Caring, leisure and other service occupations",75,79,-4
E01001734,7. Sales and customer service occupations,59,77,-18
E01001734,"8. Process, plant and machine operatives",35,22,13
E01001734,9. Elementary occupations,107,125,-18
E01001735,"1. Managers, directors and senior officials",111,73,38
E01001735,2. Professional occupations,269,192,77
E01001735,3. Associate professional and technical occupations,152,51,101
E01001735,4. Administrative and secretarial occupations,42,69,-27
E01001735,5. Skilled trades occupations,33,46,-13
E01001735,"6. Caring, leisure and other service occupations",56,65,-9
E01001735,7. Sales and customer service occupations,52,60,-8
E01001735,"8. Process, plant and machine operatives",18,29,-11
E01001735,9. Elementary occupations,63,86,-23
E01001736,"1. Managers, directors and senior officials",159,89,70
E01001736,2. Professional occupations,319,269,50
E01001736,3. Associate professional and technical occupations,219,76,143
E01001736,4. Administrative and secretarial occupations,62,88,-26
E01001736,5. Skilled trades occupations,38,50,-12
E01001736,"6. Caring, leisure and other service occupations",51,44,7
E01001736,7. Sales and customer service occupations,47,40,7
E01001736,"8. Process, plant and machine operatives",17,23,-6
E01001736,9. Elementary occupations,36,58,-22
E01001737,"1. Managers, directors and senior officials",185,121,64
E01001737,2. Professional occupations,373,328,45
E01001737,3. Associate professional and technical occupations,253,99,154
E01001737,4. Administrative and secretarial occupations,53,84,-31
E01001737,5. Skilled trades occupations,46,36,10
E01001737,"6. Caring, leisure and other service occupations",35,55,-20
E01001737,7. Sales and customer service occupations,34,35,-1
E01001737,"8. Process, plant and machine operatives",17,23,-6
E01001737,9. Elementary occupations,38,54,-16
E01001738,"1. Managers, directors and senior officials",161,109,52
E01001738,2. Professional occupations,354,303,51
E01001738,3. Associate professional and technical occupations,268,102,166
E01001738,4. Administrative and secretarial occupations,66,81,-15
E01001738,5. Skilled trades occupations,42,50,-8
E01001738,"6. Caring, leisure and other service occupations",62,40,22
E01001738,7. Sales and customer service occupations,41,51,-10
E01001738,"8. Process, plant and machine operatives",15,29,-14
E01001738,9. Elementary occupations,54,66,-12
E01001739,"1. Managers, directors and senior officials",206,157,49
E01001739,2. Professional occupations,469,341,128
E01001739,3. Associate professional and technical occupations,295,120,175
E01001739,4. Administrative and secretarial occupations,51,111,-60
E01001739,5. Skilled trades occupations,49,59,-10
E01001739,"6. Caring, leisure and other service occupations",39,46,-7
E01001739,7. Sales and customer service occupations,60,53,7
E01001739,"8. Process, plant and machine operatives",9,30,-21
E01001739,9. Elementary occupations,57,66,-9
E01001740,"1. Managers, directors and senior officials",59,41,18
E01001740,2. Professional occupations,183,147,36
E01001740,3. Associate professional and technical occupations,128,42,86
E01001740,4. Administrative and secretarial occupations,49,52,-3
E01001740,5. Skilled trades occupations,66,58,8
E01001740,"6. Caring, leisure and other service occupations",75,44,31
E01001740,7. Sales and customer service occupations,53,56,-3
E01001740,"8. Process, plant and machine operatives",42,28,14
E01001740,9. Elementary occupations,82,87,-5
E01001741,"1. Managers, directors and senior officials",182,140,42
E01001741,2. Professional occupations,284,257,27
E01001741,3. Associate professional and technical occupations,204,77,127
E01001741,4. Administrative and secretarial occupations,35,73,-38
E01001741,5. Skilled trades occupations,34,33,1
E01001741,"6. Caring, leisure and other service occupations",34,32,2
E01001741,7. Sales and customer service occupations,19,50,-31
E01001741,"8. Process, plant and machine operatives",14,11,3
E01001741,9. Elementary occupations,40,36,4
E01001742,"1. Managers, directors and senior officials",168,117,51
E01001742,2. Professional occupations,302,264,38
E01001742,3. Associate professional and technical occupations,233,63,170
E01001742,4. Administrative and secretarial occupations,50,98,-48
E01001742,5. Skilled trades occupations,54,45,9
E01001742,"6. Caring, leisure and other service occupations",52,56,-4
E01001742,7. Sales and customer service occupations,42,55,-13
E01001742,"8. Process, plant and machine operatives",27,32,-5
E01001742,9. Elementary occupations,44,57,-13
E01001744,"1. Managers, directors and senior officials",151,102,49
E01001744,2. Professional occupations,361,218,143
E01001744,3. Associate professional and technical occupations,212,61,151
E01001744,4. Administrative and secretarial occupations,72,74,-2
E01001744,5. Skilled trades occupations,39,45,-6
E01001744,"6. Caring, leisure and other service occupations",73,83,-10
E01001744,7. Sales and customer service occupations,43,73,-30
E01001744,"8. Process, plant and machine operatives",42,56,-14
E01001744,9. Elementary occupations,63,92,-29
E01001745,"1. Managers, directors and senior officials",138,92,46
E01001745,2. Professional occupations,265,207,58
E01001745,3. Associate professional and technical occupations,198,71,127
E01001745,4. Administrative and secretarial occupations,58,88,-30
E01001745,5. Skilled trades occupations,54,71,-17
E01001745,"6. Caring, leisure and other service occupations",102,82,20
E01001745,7. Sales and customer service occupations,100,98,2
E01001745,"8. Process, plant and machine operatives",50,41,9
E01001745,9. Elementary occupations,105,146,-41
E01001746,"1. Managers, directors and senior officials",58,36,22
E01001746,2. Professional occupations,111,84,27
E01001746,3. Associate professional and technical occupations,78,44,34
E01001746,4. Administrative and secretarial occupations,65,42,23
E01001746,5. Skilled trades occupations,38,44,-6
E01001746,"6. Caring, leisure and other service occupations",93,100,-7
E01001746,7. Sales and customer service occupations,63,60,3
E01001746,"8. Process, plant and machine operatives",43,45,-2
E01001746,9. Elementary occupations,127,89,38
E01001747,"1. Managers, directors and senior officials",212,130,82
E01001747,2. Professional occupations,482,305,177
E01001747,3. Associate professional and technical occupations,358,84,274
E01001747,4. Administrative and secretarial occupations,62,89,-27
E01001747,5. Skilled trades occupations,55,87,-32
E01001747,"6. Caring, leisure and other service occupations",75,65,10
E01001747,7. Sales and customer service occupations,76,65,11
E01001747,"8. Process, plant and machine operatives",20,32,-12
E01001747,9. Elementary occupations,86,118,-32
E01001749,"1. Managers, directors and senior officials",181,124,57
E01001749,2. Professional occupations,268,308,-40
E01001749,3. Associate professional and technical occupations,226,97,129
E01001749,4. Administrative and secretarial occupations,54,70,-16
E01001749,5. Skilled trades occupations,26,37,-11
E01001749,"6. Caring, leisure and other service occupations",20,40,-20
E01001749,7. Sales and customer service occupations,38,46,-8
E01001749,"8. Process, plant and machine operatives",15,14,1
E01001749,9. Elementary occupations,36,56,-20
E01001750,"1. Managers, directors and senior officials",204,129,75
E01001750,2. Professional occupations,407,241,166
E01001750,3. Associate professional and technical occupations,270,81,189
E01001750,4. Administrative and secretarial occupations,65,79,-14
E01001750,5. Skilled trades occupations,45,36,9
E01001750,"6. Caring, leisure and other service occupations",75,61,14
E01001750,7. Sales and customer service occupations,60,74,-14
E01001750,"8. Process, plant and machine operatives",30,33,-3
E01001750,9. Elementary occupations,68,83,-15
E01001751,"1. Managers, directors and senior officials",197,164,33
E01001751,2. Professional occupations,342,361,-19
E01001751,3. Associate professional and technical occupations,244,76,168
E01001751,4. Administrative and secretarial occupations,40,65,-25
E01001751,5. Skilled trades occupations,34,36,-2
E01001751,"6. Caring, leisure and other service occupations",22,18,4
E01001751,7. Sales and customer service occupations,16,33,-17
E01001751,"8. Process, plant and machine operatives",20,10,10
E01001751,9. Elementary occupations,22,36,-14
E01001753,"1. Managers, directors and senior officials",72,39,33
E01001753,2. Professional occupations,137,112,25
E01001753,3. Associate professional and technical occupations,99,34,65
E01001753,4. Administrative and secretarial occupations,49,72,-23
E01001753,5. Skilled trades occupations,54,49,5
E01001753,"6. Caring, leisure and other service occupations",77,72,5
E01001753,7. Sales and customer service occupations,58,58,0
E01001753,"8. Process, plant and machine operatives",26,28,-2
E01001753,9. Elementary occupations,85,96,-11
E01001755,"1. Managers, directors and senior officials",106,56,50
E01001755,2. Professional occupations,232,155,77
E01001755,3. Associate professional and technical occupations,156,62,94
E01001755,4. Administrative and secretarial occupations,50,57,-7
E01001755,5. Skilled trades occupations,44,58,-14
E01001755,"6. Caring, leisure and other service occupations",70,69,1
E01001755,7. Sales and customer service occupations,58,76,-18
E01001755,"8. Process, plant and machine operatives",37,35,2
E01001755,9. Elementary occupations,81,101,-20
E01001756,"1. Managers, directors and senior officials",207,166,41
E01001756,2. Professional occupations,466,406,60
E01001756,3. Associate professional and technical occupations,326,127,199
E01001756,4. Administrative and secretarial occupations,64,102,-38
E01001756,5. Skilled trades occupations,71,54,17
E01001756,"6. Caring, leisure and other service occupations",48,63,-15
E01001756,7. Sales and customer service occupations,51,85,-34
E01001756,"8. Process, plant and machine operatives",26,17,9
E01001756,9. Elementary occupations,62,74,-12
E01001757,"1. Managers, directors and senior officials",53,34,19
E01001757,2. Professional occupations,113,137,-24
E01001757,3. Associate professional and technical occupations,90,36,54
E01001757,4. Administrative and secretarial occupations,50,77,-27
E01001757,5. Skilled trades occupations,30,51,-21
E01001757,"6. Caring, leisure and other service occupations",89,88,1
E01001757,7. Sales and customer service occupations,75,60,15
E01001757,"8. Process, plant and machine operatives",59,42,17
E01001757,9. Elementary occupations,124,143,-19
E01001758,"1. Managers, directors and senior officials",143,58,85
E01001758,2. Professional occupations,383,217,166
E01001758,3. Associate professional and technical occupations,228,74,154
E01001758,4. Administrative and secretarial occupations,60,81,-21
E01001758,5. Skilled trades occupations,61,65,-4
E01001758,"6. Caring, leisure and other service occupations",98,97,1
E01001758,7. Sales and customer service occupations,109,79,30
E01001758,"8. Process, plant and machine operatives",41,40,1
E01001758,9. Elementary occupations,130,108,22
E01001759,"1. Managers, directors and senior officials",112,89,23
E01001759,2. Professional occupations,311,196,115
E01001759,3. Associate professional and technical occupations,200,81,119
E01001759,4. Administrative and secretarial occupations,50,91,-41
E01001759,5. Skilled trades occupations,49,44,5
E01001759,"6. Caring, leisure and other service occupations",34,72,-38
E01001759,7. Sales and customer service occupations,48,74,-26
E01001759,"8. Process, plant and machine operatives",48,19,29
E01001759,9. Elementary occupations,61,82,-21
E01001760,"1. Managers, directors and senior officials",147,89,58
E01001760,2. Professional occupations,323,169,154
E01001760,3. Associate professional and technical occupations,242,91,151
E01001760,4. Administrative and secretarial occupations,83,95,-12
E01001760,5. Skilled trades occupations,58,58,0
E01001760,"6. Caring, leisure and other service occupations",70,66,4
E01001760,7. Sales and customer service occupations,55,77,-22
E01001760,"8. Process, plant and machine operatives",30,29,1
E01001760,9. Elementary occupations,104,125,-21
E01001761,"1. Managers, directors and senior officials",125,85,40
E01001761,2. Professional occupations,239,193,46
E01001761,3. Associate professional and technical occupations,205,69,136
E01001761,4. Administrative and secretarial occupations,48,76,-28
E01001761,5. Skilled trades occupations,35,69,-34
E01001761,"6. Caring, leisure and other service occupations",65,83,-18
E01001761,7. Sales and customer service occupations,54,62,-8
E01001761,"8. Process, plant and machine operatives",53,27,26
E01001761,9. Elementary occupations,76,94,-18
E01001762,"1. Managers, directors and senior officials",165,98,67
E01001762,2. Professional occupations,352,256,96
E01001762,3. Associate professional and technical occupations,280,114,166
E01001762,4. Administrative and secretarial occupations,57,99,-42
E01001762,5. Skilled trades occupations,41,52,-11
E01001762,"6. Caring, leisure and other service occupations",62,60,2
E01001762,7. Sales and customer service occupations,33,73,-40
E01001762,"8. Process, plant and machine operatives",33,15,18
E01001762,9. Elementary occupations,58,77,-19
E01001763,"1. Managers, directors and senior officials",129,101,28
E01001763,2. Professional occupations,304,198,106
E01001763,3. Associate professional and technical occupations,214,76,138
E01001763,4. Administrative and secretarial occupations,55,66,-11
E01001763,5. Skilled trades occupations,43,49,-6
E01001763,"6. Caring, leisure and other service occupations",71,54,17
E01001763,7. Sales and customer service occupations,47,65,-18
E01001763,"8. Process, plant and machine operatives",27,26,1
E01001763,9. Elementary occupations,70,58,12
E01001764,"1. Managers, directors and senior officials",101,84,17
E01001764,2. Professional occupations,219,203,16
E01001764,3. Associate professional and technical occupations,176,76,100
E01001764,4. Administrative and secretarial occupations,68,74,-6
E01001764,5. Skilled trades occupations,63,60,3
E01001764,"6. Caring, leisure and other service occupations",97,48,49
E01001764,7. Sales and customer service occupations,57,43,14
E01001764,"8. Process, plant and machine operatives",40,41,-1
E01001764,9. Elementary occupations,84,80,4
E01001765,"1. Managers, directors and senior officials",68,47,21
E01001765,2. Professional occupations,147,77,70
E01001765,3. Associate professional and technical occupations,131,29,102
E01001765,4. Administrative and secretarial occupations,61,54,7
E01001765,5. Skilled trades occupations,46,50,-4
E01001765,"6. Caring, leisure and other service occupations",91,79,12
E01001765,7. Sales and customer service occupations,63,66,-3
E01001765,"8. Process, plant and machine operatives",64,45,19
E01001765,9. Elementary occupations,80,93,-13
E01001767,"1. Managers, directors and senior officials",110,76,34
E01001767,2. Professional occupations,251,180,71
E01001767,3. Associate professional and technical occupations,226,68,158
E01001767,4. Administrative and secretarial occupations,40,67,-27
E01001767,5. Skilled trades occupations,47,48,-1
E01001767,"6. Caring, leisure and other service occupations",44,72,-28
E01001767,7. Sales and customer service occupations,34,36,-2
E01001767,"8. Process, plant and machine operatives",20,17,3
E01001767,9. Elementary occupations,75,88,-13
E01001768,"1. Managers, directors and senior officials",161,94,67
E01001768,2. Professional occupations,340,277,63
E01001768,3. Associate professional and technical occupations,278,85,193
E01001768,4. Administrative and secretarial occupations,65,94,-29
E01001768,5. Skilled trades occupations,53,65,-12
E01001768,"6. Caring, leisure and other service occupations",36,67,-31
E01001768,7. Sales and customer service occupations,42,54,-12
E01001768,"8. Process, plant and machine operatives",36,26,10
E01001768,9. Elementary occupations,62,69,-7
E01001769,"1. Managers, directors and senior officials",127,90,37
E01001769,2. Professional occupations,232,238,-6
E01001769,3. Associate professional and technical occupations,220,97,123
E01001769,4. Administrative and secretarial occupations,64,78,-14
E01001769,5. Skilled trades occupations,49,60,-11
E01001769,"6. Caring, leisure and other service occupations",58,52,6
E01001769,7. Sales and customer service occupations,39,51,-12
E01001769,"8. Process, plant and machine operatives",27,21,6
E01001769,9. Elementary occupations,53,70,-17
E01001770,"1. Managers, directors and senior officials",85,55,30
E01001770,2. Professional occupations,177,142,35
E01001770,3. Associate professional and technical occupations,192,62,130
E01001770,4. Administrative and secretarial occupations,63,65,-2
E01001770,5. Skilled trades occupations,60,52,8
E01001770,"6. Caring, leisure and other service occupations",84,62,22
E01001770,7. Sales and customer service occupations,52,66,-14
E01001770,"8. Process, plant and machine operatives",30,30,0
E01001770,9. Elementary occupations,80,104,-24
E01001772,"1. Managers, directors and senior officials",124,24,100
E01001772,2. Professional occupations,247,63,184
E01001772,3. Associate professional and technical occupations,169,18,151
E01001772,4. Administrative and secretarial occupations,61,47,14
E01001772,5. Skilled trades occupations,42,28,14
E01001772,"6. Caring, leisure and other service occupations",71,62,9
E01001772,7. Sales and customer service occupations,51,50,1
E01001772,"8. Process, plant and machine operatives",46,20,26
E01001772,9. Elementary occupations,68,54,14
E01001773,"1. Managers, directors and senior officials",207,90,117
E01001773,2. Professional occupations,526,240,286
E01001773,3. Associate professional and technical occupations,330,79,251
E01001773,4. Administrative and secretarial occupations,80,78,2
E01001773,5. Skilled trades occupations,51,44,7
E01001773,"6. Caring, leisure and other service occupations",78,69,9
E01001773,7. Sales and customer service occupations,67,88,-21
E01001773,"8. Process, plant and machine operatives",30,24,6
E01001773,9. Elementary occupations,87,74,13
E01001774,"1. Managers, directors and senior officials",142,99,43
E01001774,2. Professional occupations,404,275,129
E01001774,3. Associate professional and technical occupations,241,89,152
E01001774,4. Administrative and secretarial occupations,60,94,-34
E01001774,5. Skilled trades occupations,44,41,3
E01001774,"6. Caring, leisure and other service occupations",72,77,-5
E01001774,7. Sales and customer service occupations,64,79,-15
E01001774,"8. Process, plant and machine operatives",39,36,3
E01001774,9. Elementary occupations,78,112,-34
E01001775,"1. Managers, directors and senior officials",81,79,2
E01001775,2. Professional occupations,198,125,73
E01001775,3. Associate professional and technical occupations,150,52,98
E01001775,4. Administrative and secretarial occupations,55,75,-20
E01001775,5. Skilled trades occupations,35,57,-22
E01001775,"6. Caring, leisure and other service occupations",69,74,-5
E01001775,7. Sales and customer service occupations,46,54,-8
E01001775,"8. Process, plant and machine operatives",38,35,3
E01001775,9. Elementary occupations,106,80,26
E01001776,"1. Managers, directors and senior officials",97,42,55
E01001776,2. Professional occupations,266,99,167
E01001776,3. Associate professional and technical occupations,187,42,145
E01001776,4. Administrative and secretarial occupations,57,58,-1
E01001776,5. Skilled trades occupations,44,34,10
E01001776,"6. Caring, leisure and other service occupations",66,53,13
E01001776,7. Sales and customer service occupations,70,74,-4
E01001776,"8. Process, plant and machine operatives",42,22,20
E01001776,9. Elementary occupations,85,83,2
E01001777,"1. Managers, directors and senior officials",223,126,97
E01001777,2. Professional occupations,535,278,257
E01001777,3. Associate professional and technical occupations,306,76,230
E01001777,4. Administrative and secretarial occupations,66,109,-43
E01001777,5. Skilled trades occupations,57,61,-4
E01001777,"6. Caring, leisure and other service occupations",102,83,19
E01001777,7. Sales and customer service occupations,91,76,15
E01001777,"8. Process, plant and machine operatives",49,32,17
E01001777,9. Elementary occupations,161,150,11
E01001780,"1. Managers, directors and senior officials",128,105,23
E01001780,2. Professional occupations,257,185,72
E01001780,3. Associate professional and technical occupations,157,67,90
E01001780,4. Administrative and secretarial occupations,82,93,-11
E01001780,5. Skilled trades occupations,73,51,22
E01001780,"6. Caring, leisure and other service occupations",58,61,-3
E01001780,7. Sales and customer service occupations,86,47,39
E01001780,"8. Process, plant and machine operatives",46,34,12
E01001780,9. Elementary occupations,92,93,-1
E01001781,"1. Managers, directors and senior officials",63,39,24
E01001781,2. Professional occupations,176,120,56
E01001781,3. Associate professional and technical occupations,128,54,74
E01001781,4. Administrative and secretarial occupations,47,61,-14
E01001781,5. Skilled trades occupations,42,62,-20
E01001781,"6. Caring, leisure and other service occupations",91,63,28
E01001781,7. Sales and customer service occupations,53,63,-10
E01001781,"8. Process, plant and machine operatives",32,31,1
E01001781,9. Elementary occupations,111,94,17
E01001783,"1. Managers, directors and senior officials",67,56,11
E01001783,2. Professional occupations,140,119,21
E01001783,3. Associate professional and technical occupations,106,39,67
E01001783,4. Administrative and secretarial occupations,55,86,-31
E01001783,5. Skilled trades occupations,50,56,-6
E01001783,"6. Caring, leisure and other service occupations",84,64,20
E01001783,7. Sales and customer service occupations,57,84,-27
E01001783,"8. Process, plant and machine operatives",42,35,7
E01001783,9. Elementary occupations,111,113,-2
E01001784,"1. Managers, directors and senior officials",118,84,34
E01001784,2. Professional occupations,237,191,46
E01001784,3. Associate professional and technical occupations,147,73,74
E01001784,4. Administrative and secretarial occupations,54,85,-31
E01001784,5. Skilled trades occupations,55,39,16
E01001784,"6. Caring, leisure and other service occupations",70,61,9
E01001784,7. Sales and customer service occupations,52,96,-44
E01001784,"8. Process, plant and machine operatives",35,45,-10
E01001784,9. Elementary occupations,111,146,-35
E01001785,"1. Managers, directors and senior officials",97,66,31
E01001785,2. Professional occupations,226,144,82
E01001785,3. Associate professional and technical occupations,175,70,105
E01001785,4. Administrative and secretarial occupations,55,75,-20
E01001785,5. Skilled trades occupations,47,48,-1
E01001785,"6. Caring, leisure and other service occupations",60,52,8
E01001785,7. Sales and customer service occupations,41,44,-3
E01001785,"8. Process, plant and machine operatives",31,18,13
E01001785,9. Elementary occupations,50,68,-18
E01001786,"1. Managers, directors and senior officials",124,40,84
E01001786,2. Professional occupations,250,105,145
E01001786,3. Associate professional and technical occupations,143,28,115
E01001786,4. Administrative and secretarial occupations,89,63,26
E01001786,5. Skilled trades occupations,63,60,3
E01001786,"6. Caring, leisure and other service occupations",90,81,9
E01001786,7. Sales and customer service occupations,57,53,4
E01001786,"8. Process, plant and machine operatives",59,51,8
E01001786,9. Elementary occupations,129,138,-9
E01001787,"1. Managers, directors and senior officials",63,32,31
E01001787,2. Professional occupations,126,58,68
E01001787,3. Associate professional and technical occupations,103,22,81
E01001787,4. Administrative and secretarial occupations,54,65,-11
E01001787,5. Skilled trades occupations,57,41,16
E01001787,"6. Caring, leisure and other service occupations",94,62,32
E01001787,7. Sales and customer service occupations,37,34,3
E01001787,"8. Process, plant and machine operatives",45,25,20
E01001787,9. Elementary occupations,107,90,17
E01001788,"1. Managers, directors and senior officials",46,43,3
E01001788,2. Professional occupations,113,79,34
E01001788,3. Associate professional and technical occupations,112,38,74
E01001788,4. Administrative and secretarial occupations,44,38,6
E01001788,5. Skilled trades occupations,34,32,2
E01001788,"6. Caring, leisure and other service occupations",84,72,12
E01001788,7. Sales and customer service occupations,48,46,2
E01001788,"8. Process, plant and machine operatives",38,39,-1
E01001788,9. Elementary occupations,73,68,5
E01001789,"1. Managers, directors and senior officials",124,59,65
E01001789,2. Professional occupations,235,198,37
E01001789,3. Associate professional and technical occupations,223,73,150
E01001789,4. Administrative and secretarial occupations,48,66,-18
E01001789,5. Skilled trades occupations,45,59,-14
E01001789,"6. Caring, leisure and other service occupations",59,75,-16
E01001789,7. Sales and customer service occupations,51,77,-26
E01001789,"8. Process, plant and machine operatives",16,22,-6
E01001789,9. Elementary occupations,59,96,-37
E01001790,"1. Managers, directors and senior officials",37,18,19
E01001790,2. Professional occupations,113,75,38
E01001790,3. Associate professional and technical occupations,83,23,60
E01001790,4. Administrative and secretarial occupations,35,43,-8
E01001790,5. Skilled trades occupations,40,29,11
E01001790,"6. Caring, leisure and other service occupations",94,69,25
E01001790,7. Sales and customer service occupations,48,44,4
E01001790,"8. Process, plant and machine operatives",31,27,4
E01001790,9. Elementary occupations,124,120,4
E01001791,"1. Managers, directors and senior officials",97,32,65
E01001791,2. Professional occupations,159,125,34
E01001791,3. Associate professional and technical occupations,126,36,90
E01001791,4. Administrative and secretarial occupations,38,66,-28
E01001791,5. Skilled trades occupations,23,44,-21
E01001791,"6. Caring, leisure and other service occupations",65,71,-6
E01001791,7. Sales and customer service occupations,47,55,-8
E01001791,"8. Process, plant and machine operatives",40,30,10
E01001791,9. Elementary occupations,58,82,-24
E01001792,"1. Managers, directors and senior officials",119,63,56
E01001792,2. Professional occupations,276,182,94
E01001792,3. Associate professional and technical occupations,193,62,131
E01001792,4. Administrative and secretarial occupations,58,93,-35
E01001792,5. Skilled trades occupations,41,63,-22
E01001792,"6. Caring, leisure and other service occupations",72,60,12
E01001792,7. Sales and customer service occupations,47,55,-8
E01001792,"8. Process, plant and machine operatives",29,34,-5
E01001792,9. Elementary occupations,80,90,-10
E01001793,"1. Managers, directors and senior officials",116,86,30
E01001793,2. Professional occupations,258,211,47
E01001793,3. Associate professional and technical occupations,227,67,160
E01001793,4. Administrative and secretarial occupations,47,72,-25
E01001793,5. Skilled trades occupations,40,60,-20
E01001793,"6. Caring, leisure and other service occupations",60,72,-12
E01001793,7. Sales and customer service occupations,49,49,0
E01001793,"8. Process, plant and machine operatives",30,31,-1
E01001793,9. Elementary occupations,51,96,-45
E01001794,"1. Managers, directors and senior officials",153,76,77
E01001794,2. Professional occupations,286,231,55
E01001794,3. Associate professional and technical occupations,294,81,213
E01001794,4. Administrative and secretarial occupations,62,79,-17
E01001794,5. Skilled trades occupations,53,69,-16
E01001794,"6. Caring, leisure and other service occupations",56,70,-14
E01001794,7. Sales and customer service occupations,48,63,-15
E01001794,"8. Process, plant and machine operatives",40,29,11
E01001794,9. Elementary occupations,49,87,-38
E01001795,"1. Managers, directors and senior officials",132,74,58
E01001795,2. Professional occupations,208,205,3
E01001795,3. Associate professional and technical occupations,203,70,133
E01001795,4. Administrative and secretarial occupations,33,51,-18
E01001795,5. Skilled trades occupations,31,49,-18
E01001795,"6. Caring, leisure and other service occupations",28,40,-12
E01001795,7. Sales and customer service occupations,30,44,-14
E01001795,"8. Process, plant and machine operatives",16,12,4
E01001795,9. Elementary occupations,62,87,-25
E01001796,"1. Managers, directors and senior officials",136,80,56
E01001796,2. Professional occupations,252,165,87
E01001796,3. Associate professional and technical occupations,220,71,149
E01001796,4. Administrative and secretarial occupations,45,73,-28
E01001796,5. Skilled trades occupations,46,42,4
E01001796,"6. Caring, leisure and other service occupations",65,82,-17
E01001796,7. Sales and customer service occupations,43,68,-25
E01001796,"8. Process, plant and machine operatives",39,46,-7
E01001796,9. Elementary occupations,64,108,-44
E01001798,"1. Managers, directors and senior officials",75,53,22
E01001798,2. Professional occupations,244,95,149
E01001798,3. Associate professional and technical occupations,175,39,136
E01001798,4. Administrative and secretarial occupations,107,58,49
E01001798,5. Skilled trades occupations,45,41,4
E01001798,"6. Caring, leisure and other service occupations",97,66,31
E01001798,7. Sales and customer service occupations,59,69,-10
E01001798,"8. Process, plant and machine operatives",53,47,6
E01001798,9. Elementary occupations,111,128,-17
E01001799,"1. Managers, directors and senior officials",92,37,55
E01001799,2. Professional occupations,174,129,45
E01001799,3. Associate professional and technical occupations,72,24,48
E01001799,4. Administrative and secretarial occupations,95,66,29
E01001799,5. Skilled trades occupations,22,17,5
E01001799,"6. Caring, leisure and other service occupations",62,48,14
E01001799,7. Sales and customer service occupations,34,16,18
E01001799,"8. Process, plant and machine operatives",25,8,17
E01001799,9. Elementary occupations,38,34,4
E01001800,"1. Managers, directors and senior officials",56,50,6
E01001800,2. Professional occupations,163,149,14
E01001800,3. Associate professional and technical occupations,67,39,28
E01001800,4. Administrative and secretarial occupations,110,105,5
E01001800,5. Skilled trades occupations,33,48,-15
E01001800,"6. Caring, leisure and other service occupations",84,81,3
E01001800,7. Sales and customer service occupations,50,64,-14
E01001800,"8. Process, plant and machine operatives",22,26,-4
E01001800,9. Elementary occupations,78,87,-9
E01001801,"1. Managers, directors and senior officials",74,61,13
E01001801,2. Professional occupations,197,180,17
E01001801,3. Associate professional and technical occupations,90,31,59
E01001801,4. Administrative and secretarial occupations,70,59,11
E01001801,5. Skilled trades occupations,21,35,-14
E01001801,"6. Caring, leisure and other service occupations",55,48,7
E01001801,7. Sales and customer service occupations,25,37,-12
E01001801,"8. Process, plant and machine operatives",22,17,5
E01001801,9. Elementary occupations,42,49,-7
E01001802,"1. Managers, directors and senior officials",80,55,25
E01001802,2. Professional occupations,148,116,32
E01001802,3. Associate professional and technical occupations,89,25,64
E01001802,4. Administrative and secretarial occupations,54,57,-3
E01001802,5. Skilled trades occupations,27,34,-7
E01001802,"6. Caring, leisure and other service occupations",60,37,23
E01001802,7. Sales and customer service occupations,33,41,-8
E01001802,"8. Process, plant and machine operatives",37,17,20
E01001802,9. Elementary occupations,71,42,29
E01001803,"1. Managers, directors and senior officials",175,108,67
E01001803,2. Professional occupations,335,278,57
E01001803,3. Associate professional and technical occupations,234,86,148
E01001803,4. Administrative and secretarial occupations,67,95,-28
E01001803,5. Skilled trades occupations,78,33,45
E01001803,"6. Caring, leisure and other service occupations",60,54,6
E01001803,7. Sales and customer service occupations,32,42,-10
E01001803,"8. Process, plant and machine operatives",27,21,6
E01001803,9. Elementary occupations,69,63,6
E01001804,"1. Managers, directors and senior officials",83,58,25
E01001804,2. Professional occupations,185,149,36
E01001804,3. Associate professional and technical occupations,71,25,46
E01001804,4. Administrative and secretarial occupations,80,56,24
E01001804,5. Skilled trades occupations,28,39,-11
E01001804,"6. Caring, leisure and other service occupations",63,55,8
E01001804,7. Sales and customer service occupations,37,37,0
E01001804,"8. Process, plant and machine operatives",14,21,-7
E01001804,9. Elementary occupations,57,37,20
E01001805,"1. Managers, directors and senior officials",95,77,18
E01001805,2. Professional occupations,208,197,11
E01001805,3. Associate professional and technical occupations,147,74,73
E01001805,4. Administrative and secretarial occupations,55,56,-1
E01001805,5. Skilled trades occupations,31,37,-6
E01001805,"6. Caring, leisure and other service occupations",38,42,-4
E01001805,7. Sales and customer service occupations,31,48,-17
E01001805,"8. Process, plant and machine operatives",9,18,-9
E01001805,9. Elementary occupations,41,64,-23
E01001806,"1. Managers, directors and senior officials",113,95,18
E01001806,2. Professional occupations,243,210,33
E01001806,3. Associate professional and technical occupations,179,63,116
E01001806,4. Administrative and secretarial occupations,48,73,-25
E01001806,5. Skilled trades occupations,36,42,-6
E01001806,"6. Caring, leisure and other service occupations",57,49,8
E01001806,7. Sales and customer service occupations,37,44,-7
E01001806,"8. Process, plant and machine operatives",28,23,5
E01001806,9. Elementary occupations,36,52,-16
E01001807,"1. Managers, directors and senior officials",88,66,22
E01001807,2. Professional occupations,211,181,30
E01001807,3. Associate professional and technical occupations,119,61,58
E01001807,4. Administrative and secretarial occupations,95,73,22
E01001807,5. Skilled trades occupations,46,85,-39
E01001807,"6. Caring, leisure and other service occupations",88,80,8
E01001807,7. Sales and customer service occupations,25,46,-21
E01001807,"8. Process, plant and machine operatives",25,26,-1
E01001807,9. Elementary occupations,81,81,0
E01001808,"1. Managers, directors and senior officials",81,74,7
E01001808,2. Professional occupations,159,146,13
E01001808,3. Associate professional and technical occupations,60,17,43
E01001808,4. Administrative and secretarial occupations,127,101,26
E01001808,5. Skilled trades occupations,31,57,-26
E01001808,"6. Caring, leisure and other service occupations",70,65,5
E01001808,7. Sales and customer service occupations,34,30,4
E01001808,"8. Process, plant and machine operatives",9,30,-21
E01001808,9. Elementary occupations,72,84,-12
E01001809,"1. Managers, directors and senior officials",97,58,39
E01001809,2. Professional occupations,137,136,1
E01001809,3. Associate professional and technical occupations,78,27,51
E01001809,4. Administrative and secretarial occupations,161,110,51
E01001809,5. Skilled trades occupations,22,75,-53
E01001809,"6. Caring, leisure and other service occupations",69,65,4
E01001809,7. Sales and customer service occupations,56,43,13
E01001809,"8. Process, plant and machine operatives",26,21,5
E01001809,9. Elementary occupations,62,92,-30
E01001811,"1. Managers, directors and senior officials",73,41,32
E01001811,2. Professional occupations,209,54,155
E01001811,3. Associate professional and technical occupations,116,33,83
E01001811,4. Administrative and secretarial occupations,61,47,14
E01001811,5. Skilled trades occupations,33,69,-36
E01001811,"6. Caring, leisure and other service occupations",93,63,30
E01001811,7. Sales and customer service occupations,40,71,-31
E01001811,"8. Process, plant and machine operatives",53,31,22
E01001811,9. Elementary occupations,67,118,-51
E01001812,"1. Managers, directors and senior officials",92,45,47
E01001812,2. Professional occupations,170,176,-6
E01001812,3. Associate professional and technical occupations,89,38,51
E01001812,4. Administrative and secretarial occupations,80,101,-21
E01001812,5. Skilled trades occupations,22,38,-16
E01001812,"6. Caring, leisure and other service occupations",57,69,-12
E01001812,7. Sales and customer service occupations,25,38,-13
E01001812,"8. Process, plant and machine operatives",31,19,12
E01001812,9. Elementary occupations,53,46,7
E01001813,"1. Managers, directors and senior officials",69,45,24
E01001813,2. Professional occupations,114,53,61
E01001813,3. Associate professional and technical occupations,100,29,71
E01001813,4. Administrative and secretarial occupations,54,43,11
E01001813,5. Skilled trades occupations,58,59,-1
E01001813,"6. Caring, leisure and other service occupations",90,57,33
E01001813,7. Sales and customer service occupations,50,42,8
E01001813,"8. Process, plant and machine operatives",54,20,34
E01001813,9. Elementary occupations,102,118,-16
E01001814,"1. Managers, directors and senior officials",87,57,30
E01001814,2. Professional occupations,185,161,24
E01001814,3. Associate professional and technical occupations,59,42,17
E01001814,4. Administrative and secretarial occupations,121,93,28
E01001814,5. Skilled trades occupations,40,70,-30
E01001814,"6. Caring, leisure and other service occupations",53,66,-13
E01001814,7. Sales and customer service occupations,31,45,-14
E01001814,"8. Process, plant and machine operatives",42,35,7
E01001814,9. Elementary occupations,79,81,-2
E01001815,"1. Managers, directors and senior officials",94,68,26
E01001815,2. Professional occupations,192,140,52
E01001815,3. Associate professional and technical occupations,161,47,114
E01001815,4. Administrative and secretarial occupations,44,74,-30
E01001815,5. Skilled trades occupations,45,49,-4
E01001815,"6. Caring, leisure and other service occupations",60,63,-3
E01001815,7. Sales and customer service occupations,34,67,-33
E01001815,"8. Process, plant and machine operatives",45,36,9
E01001815,9. Elementary occupations,72,72,0
E01001816,"1. Managers, directors and senior officials",131,77,54
E01001816,2. Professional occupations,227,206,21
E01001816,3. Associate professional and technical occupations,184,62,122
E01001816,4. Administrative and secretarial occupations,34,69,-35
E01001816,5. Skilled trades occupations,34,43,-9
E01001816,"6. Caring, leisure and other service occupations",70,56,14
E01001816,7. Sales and customer service occupations,41,47,-6
E01001816,"8. Process, plant and machine operatives",20,22,-2
E01001816,9. Elementary occupations,53,59,-6
E01001819,"1. Managers, directors and senior officials",131,90,41
E01001819,2. Professional occupations,253,224,29
E01001819,3. Associate professional and technical occupations,161,84,77
E01001819,4. Administrative and secretarial occupations,43,80,-37
E01001819,5. Skilled trades occupations,42,43,-1
E01001819,"6. Caring, leisure and other service occupations",57,43,14
E01001819,7. Sales and customer service occupations,38,44,-6
E01001819,"8. Process, plant and machine operatives",19,24,-5
E01001819,9. Elementary occupations,56,43,13
E01001820,"1. Managers, directors and senior officials",68,53,15
E01001820,2. Professional occupations,170,108,62
E01001820,3. Associate professional and technical occupations,117,50,67
E01001820,4. Administrative and secretarial occupations,40,59,-19
E01001820,5. Skilled trades occupations,37,45,-8
E01001820,"6. Caring, leisure and other service occupations",56,68,-12
E01001820,7. Sales and customer service occupations,38,60,-22
E01001820,"8. Process, plant and machine operatives",34,24,10
E01001820,9. Elementary occupations,68,93,-25
E01001821,"1. Managers, directors and senior officials",56,49,7
E01001821,2. Professional occupations,134,101,33
E01001821,3. Associate professional and technical occupations,126,56,70
E01001821,4. Administrative and secretarial occupations,46,56,-10
E01001821,5. Skilled trades occupations,45,69,-24
E01001821,"6. Caring, leisure and other service occupations",68,53,15
E01001821,7. Sales and customer service occupations,55,54,1
E01001821,"8. Process, plant and machine operatives",23,29,-6
E01001821,9. Elementary occupations,69,81,-12
E01001822,"1. Managers, directors and senior officials",63,46,17
E01001822,2. Professional occupations,190,96,94
E01001822,3. Associate professional and technical occupations,119,35,84
E01001822,4. Administrative and secretarial occupations,101,56,45
E01001822,5. Skilled trades occupations,36,47,-11
E01001822,"6. Caring, leisure and other service occupations",83,77,6
E01001822,7. Sales and customer service occupations,49,56,-7
E01001822,"8. Process, plant and machine operatives",32,29,3
E01001822,9. Elementary occupations,101,130,-29
E01001823,"1. Managers, directors and senior officials",95,64,31
E01001823,2. Professional occupations,144,115,29
E01001823,3. Associate professional and technical occupations,84,33,51
E01001823,4. Administrative and secretarial occupations,106,101,5
E01001823,5. Skilled trades occupations,48,43,5
E01001823,"6. Caring, leisure and other service occupations",58,57,1
E01001823,7. Sales and customer service occupations,41,50,-9
E01001823,"8. Process, plant and machine operatives",37,26,11
E01001823,9. Elementary occupations,51,53,-2
E01001824,"1. Managers, directors and senior officials",69,40,29
E01001824,2. Professional occupations,129,77,52
E01001824,3. Associate professional and technical occupations,66,23,43
E01001824,4. Administrative and secretarial occupations,86,64,22
E01001824,5. Skilled trades occupations,26,36,-10
E01001824,"6. Caring, leisure and other service occupations",69,70,-1
E01001824,7. Sales and customer service occupations,39,23,16
E01001824,"8. Process, plant and machine operatives",26,34,-8
E01001824,9. Elementary occupations,31,64,-33
E01001825,"1. Managers, directors and senior officials",104,71,33
E01001825,2. Professional occupations,147,124,23
E01001825,3. Associate professional and technical occupations,36,11,25
E01001825,4. Administrative and secretarial occupations,122,82,40
E01001825,5. Skilled trades occupations,10,30,-20
E01001825,"6. Caring, leisure and other service occupations",34,37,-3
E01001825,7. Sales and customer service occupations,35,21,14
E01001825,"8. Process, plant and machine operatives",9,16,-7
E01001825,9. Elementary occupations,24,43,-19
E01001826,"1. Managers, directors and senior officials",60,55,5
E01001826,2. Professional occupations,142,122,20
E01001826,3. Associate professional and technical occupations,50,26,24
E01001826,4. Administrative and secretarial occupations,92,80,12
E01001826,5. Skilled trades occupations,33,49,-16
E01001826,"6. Caring, leisure and other service occupations",69,66,3
E01001826,7. Sales and customer service occupations,41,42,-1
E01001826,"8. Process, plant and machine operatives",17,32,-15
E01001826,9. Elementary occupations,52,81,-29
E01001827,"1. Managers, directors and senior officials",76,60,16
E01001827,2. Professional occupations,130,87,43
E01001827,3. Associate professional and technical occupations,82,43,39
E01001827,4. Administrative and secretarial occupations,91,84,7
E01001827,5. Skilled trades occupations,36,41,-5
E01001827,"6. Caring, leisure and other service occupations",63,57,6
E01001827,7. Sales and customer service occupations,50,54,-4
E01001827,"8. Process, plant and machine operatives",28,26,2
E01001827,9. Elementary occupations,74,96,-22
E01001828,"1. Managers, directors and senior officials",141,43,98
E01001828,2. Professional occupations,194,120,74
E01001828,3. Associate professional and technical occupations,148,64,84
E01001828,4. Administrative and secretarial occupations,100,78,22
E01001828,5. Skilled trades occupations,68,70,-2
E01001828,"6. Caring, leisure and other service occupations",76,74,2
E01001828,7. Sales and customer service occupations,76,82,-6
E01001828,"8. Process, plant and machine operatives",43,44,-1
E01001828,9. Elementary occupations,104,113,-9
E01001829,"1. Managers, directors and senior officials",189,161,28
E01001829,2. Professional occupations,392,332,60
E01001829,3. Associate professional and technical occupations,225,74,151
E01001829,4. Administrative and secretarial occupations,57,72,-15
E01001829,5. Skilled trades occupations,51,42,9
E01001829,"6. Caring, leisure and other service occupations",36,44,-8
E01001829,7. Sales and customer service occupations,39,43,-4
E01001829,"8. Process, plant and machine operatives",18,14,4
E01001829,9. Elementary occupations,21,41,-20
E01001830,"1. Managers, directors and senior officials",126,83,43
E01001830,2. Professional occupations,275,209,66
E01001830,3. Associate professional and technical occupations,216,100,116
E01001830,4. Administrative and secretarial occupations,67,105,-38
E01001830,5. Skilled trades occupations,48,56,-8
E01001830,"6. Caring, leisure and other service occupations",90,63,27
E01001830,7. Sales and customer service occupations,69,92,-23
E01001830,"8. Process, plant and machine operatives",29,49,-20
E01001830,9. Elementary occupations,104,116,-12
E01001831,"1. Managers, directors and senior officials",166,98,68
E01001831,2. Professional occupations,332,245,87
E01001831,3. Associate professional and technical occupations,260,91,169
E01001831,4. Administrative and secretarial occupations,64,96,-32
E01001831,5. Skilled trades occupations,51,63,-12
E01001831,"6. Caring, leisure and other service occupations",55,43,12
E01001831,7. Sales and customer service occupations,54,57,-3
E01001831,"8. Process, plant and machine operatives",26,21,5
E01001831,9. Elementary occupations,57,77,-20
E01001832,"1. Managers, directors and senior officials",101,103,-2
E01001832,2. Professional occupations,264,220,44
E01001832,3. Associate professional and technical occupations,219,85,134
E01001832,4. Administrative and secretarial occupations,59,86,-27
E01001832,5. Skilled trades occupations,66,61,5
E01001832,"6. Caring, leisure and other service occupations",57,54,3
E01001832,7. Sales and customer service occupations,48,66,-18
E01001832,"8. Process, plant and machine operatives",43,23,20
E01001832,9. Elementary occupations,61,71,-10
E01001833,"1. Managers, directors and senior officials",163,92,71
E01001833,2. Professional occupations,372,296,76
E01001833,3. Associate professional and technical occupations,257,96,161
E01001833,4. Administrative and secretarial occupations,63,82,-19
E01001833,5. Skilled trades occupations,67,59,8
E01001833,"6. Caring, leisure and other service occupations",74,82,-8
E01001833,7. Sales and customer service occupations,65,70,-5
E01001833,"8. Process, plant and machine operatives",45,28,17
E01001833,9. Elementary occupations,73,95,-22
E01001834,"1. Managers, directors and senior officials",178,117,61
E01001834,2. Professional occupations,355,325,30
E01001834,3. Associate professional and technical occupations,329,128,201
E01001834,4. Administrative and secretarial occupations,72,77,-5
E01001834,5. Skilled trades occupations,65,55,10
E01001834,"6. Caring, leisure and other service occupations",63,66,-3
E01001834,7. Sales and customer service occupations,38,74,-36
E01001834,"8. Process, plant and machine operatives",26,39,-13
E01001834,9. Elementary occupations,54,93,-39
E01001835,"1. Managers, directors and senior officials",128,85,43
E01001835,2. Professional occupations,279,202,77
E01001835,3. Associate professional and technical occupations,200,69,131
E01001835,4. Administrative and secretarial occupations,34,54,-20
E01001835,5. Skilled trades occupations,40,51,-11
E01001835,"6. Caring, leisure and other service occupations",35,39,-4
E01001835,7. Sales and customer service occupations,43,47,-4
E01001835,"8. Process, plant and machine operatives",9,13,-4
E01001835,9. Elementary occupations,23,57,-34
E01001836,"1. Managers, directors and senior officials",155,116,39
E01001836,2. Professional occupations,296,216,80
E01001836,3. Associate professional and technical occupations,261,78,183
E01001836,4. Administrative and secretarial occupations,74,90,-16
E01001836,5. Skilled trades occupations,36,58,-22
E01001836,"6. Caring, leisure and other service occupations",74,60,14
E01001836,7. Sales and customer service occupations,44,72,-28
E01001836,"8. Process, plant and machine operatives",36,36,0
E01001836,9. Elementary occupations,56,73,-17
E01001837,"1. Managers, directors and senior officials",151,116,35
E01001837,2. Professional occupations,320,284,36
E01001837,3. Associate professional and technical occupations,182,70,112
E01001837,4. Administrative and secretarial occupations,51,88,-37
E01001837,5. Skilled trades occupations,38,40,-2
E01001837,"6. Caring, leisure and other service occupations",32,49,-17
E01001837,7. Sales and customer service occupations,23,30,-7
E01001837,"8. Process, plant and machine operatives",20,28,-8
E01001837,9. Elementary occupations,40,51,-11
E01001838,"1. Managers, directors and senior officials",66,18,48
E01001838,2. Professional occupations,119,70,49
E01001838,3. Associate professional and technical occupations,90,34,56
E01001838,4. Administrative and secretarial occupations,70,56,14
E01001838,5. Skilled trades occupations,34,32,2
E01001838,"6. Caring, leisure and other service occupations",93,69,24
E01001838,7. Sales and customer service occupations,59,68,-9
E01001838,"8. Process, plant and machine operatives",31,26,5
E01001838,9. Elementary occupations,112,117,-5
E01001839,"1. Managers, directors and senior officials",237,126,111
E01001839,2. Professional occupations,497,312,185
E01001839,3. Associate professional and technical occupations,389,124,265
E01001839,4. Administrative and secretarial occupations,72,103,-31
E01001839,5. Skilled trades occupations,62,68,-6
E01001839,"6. Caring, leisure and other service occupations",73,73,0
E01001839,7. Sales and customer service occupations,57,78,-21
E01001839,"8. Process, plant and machine operatives",36,31,5
E01001839,9. Elementary occupations,102,111,-9
E01001840,"1. Managers, directors and senior officials",94,66,28
E01001840,2. Professional occupations,161,120,41
E01001840,3. Associate professional and technical occupations,128,45,83
E01001840,4. Administrative and secretarial occupations,46,48,-2
E01001840,5. Skilled trades occupations,40,41,-1
E01001840,"6. Caring, leisure and other service occupations",76,63,13
E01001840,7. Sales and customer service occupations,50,46,4
E01001840,"8. Process, plant and machine operatives",41,42,-1
E01001840,9. Elementary occupations,87,97,-10
E01001841,"1. Managers, directors and senior officials",105,84,21
E01001841,2. Professional occupations,164,160,4
E01001841,3. Associate professional and technical occupations,137,50,87
E01001841,4. Administrative and secretarial occupations,45,59,-14
E01001841,5. Skilled trades occupations,42,35,7
E01001841,"6. Caring, leisure and other service occupations",51,47,4
E01001841,7. Sales and customer service occupations,15,38,-23
E01001841,"8. Process, plant and machine operatives",24,28,-4
E01001841,9. Elementary occupations,35,66,-31
E01001842,"1. Managers, directors and senior officials",81,59,22
E01001842,2. Professional occupations,196,151,45
E01001842,3. Associate professional and technical occupations,189,41,148
E01001842,4. Administrative and secretarial occupations,58,72,-14
E01001842,5. Skilled trades occupations,22,43,-21
E01001842,"6. Caring, leisure and other service occupations",72,72,0
E01001842,7. Sales and customer service occupations,61,55,6
E01001842,"8. Process, plant and machine operatives",39,32,7
E01001842,9. Elementary occupations,76,80,-4
E01001843,"1. Managers, directors and senior officials",93,56,37
E01001843,2. Professional occupations,171,165,6
E01001843,3. Associate professional and technical occupations,134,49,85
E01001843,4. Administrative and secretarial occupations,46,54,-8
E01001843,5. Skilled trades occupations,23,33,-10
E01001843,"6. Caring, leisure and other service occupations",46,44,2
E01001843,7. Sales and customer service occupations,34,37,-3
E01001843,"8. Process, plant and machine operatives",20,24,-4
E01001843,9. Elementary occupations,39,28,11
E01001844,"1. Managers, directors and senior officials",159,119,40
E01001844,2. Professional occupations,295,245,50
E01001844,3. Associate professional and technical occupations,230,96,134
E01001844,4. Administrative and secretarial occupations,47,91,-44
E01001844,5. Skilled trades occupations,54,44,10
E01001844,"6. Caring, leisure and other service occupations",77,79,-2
E01001844,7. Sales and customer service occupations,53,59,-6
E01001844,"8. Process, plant and machine operatives",32,22,10
E01001844,9. Elementary occupations,56,67,-11
E01001845,"1. Managers, directors and senior officials",89,36,53
E01001845,2. Professional occupations,148,96,52
E01001845,3. Associate professional and technical occupations,114,49,65
E01001845,4. Administrative and secretarial occupations,41,69,-28
E01001845,5. Skilled trades occupations,40,45,-5
E01001845,"6. Caring, leisure and other service occupations",87,62,25
E01001845,7. Sales and customer service occupations,44,56,-12
E01001845,"8. Process, plant and machine operatives",30,27,3
E01001845,9. Elementary occupations,95,94,1
E01001846,"1. Managers, directors and senior officials",59,27,32
E01001846,2. Professional occupations,116,89,27
E01001846,3. Associate professional and technical occupations,89,26,63
E01001846,4. Administrative and secretarial occupations,49,73,-24
E01001846,5. Skilled trades occupations,32,45,-13
E01001846,"6. Caring, leisure and other service occupations",64,57,7
E01001846,7. Sales and customer service occupations,24,49,-25
E01001846,"8. Process, plant and machine operatives",30,29,1
E01001846,9. Elementary occupations,63,65,-2
E01001847,"1. Managers, directors and senior officials",74,37,37
E01001847,2. Professional occupations,176,74,102
E01001847,3. Associate professional and technical occupations,193,35,158
E01001847,4. Administrative and secretarial occupations,61,46,15
E01001847,5. Skilled trades occupations,37,35,2
E01001847,"6. Caring, leisure and other service occupations",58,55,3
E01001847,7. Sales and customer service occupations,34,36,-2
E01001847,"8. Process, plant and machine operatives",30,28,2
E01001847,9. Elementary occupations,70,74,-4
E01001848,"1. Managers, directors and senior officials",95,50,45
E01001848,2. Professional occupations,202,171,31
E01001848,3. Associate professional and technical occupations,190,59,131
E01001848,4. Administrative and secretarial occupations,51,73,-22
E01001848,5. Skilled trades occupations,60,41,19
E01001848,"6. Caring, leisure and other service occupations",62,52,10
E01001848,7. Sales and customer service occupations,48,43,5
E01001848,"8. Process, plant and machine operatives",52,26,26
E01001848,9. Elementary occupations,94,74,20
E01001849,"1. Managers, directors and senior officials",176,105,71
E01001849,2. Professional occupations,410,230,180
E01001849,3. Associate professional and technical occupations,356,105,251
E01001849,4. Administrative and secretarial occupations,83,116,-33
E01001849,5. Skilled trades occupations,79,60,19
E01001849,"6. Caring, leisure and other service occupations",103,79,24
E01001849,7. Sales and customer service occupations,71,92,-21
E01001849,"8. Process, plant and machine operatives",45,38,7
E01001849,9. Elementary occupations,94,115,-21
E01001850,"1. Managers, directors and senior officials",50,28,22
E01001850,2. Professional occupations,126,79,47
E01001850,3. Associate professional and technical occupations,106,31,75
E01001850,4. Administrative and secretarial occupations,59,71,-12
E01001850,5. Skilled trades occupations,47,42,5
E01001850,"6. Caring, leisure and other service occupations",120,98,22
E01001850,7. Sales and customer service occupations,57,57,0
E01001850,"8. Process, plant and machine operatives",46,48,-2
E01001850,9. Elementary occupations,113,107,6
E01001851,"1. Managers, directors and senior officials",218,210,8
E01001851,2. Professional occupations,285,258,27
E01001851,3. Associate professional and technical occupations,143,40,103
E01001851,4. Administrative and secretarial occupations,34,74,-40
E01001851,5. Skilled trades occupations,12,34,-22
E01001851,"6. Caring, leisure and other service occupations",30,54,-24
E01001851,7. Sales and customer service occupations,28,36,-8
E01001851,"8. Process, plant and machine operatives",9,17,-8
E01001851,9. Elementary occupations,25,35,-10
E01001852,"1. Managers, directors and senior officials",198,196,2
E01001852,2. Professional occupations,356,377,-21
E01001852,3. Associate professional and technical occupations,219,80,139
E01001852,4. Administrative and secretarial occupations,64,92,-28
E01001852,5. Skilled trades occupations,30,58,-28
E01001852,"6. Caring, leisure and other service occupations",62,46,16
E01001852,7. Sales and customer service occupations,72,68,4
E01001852,"8. Process, plant and machine operatives",18,25,-7
E01001852,9. Elementary occupations,34,40,-6
E01001853,"1. Managers, directors and senior officials",178,193,-15
E01001853,2. Professional occupations,302,293,9
E01001853,3. Associate professional and technical occupations,179,51,128
E01001853,4. Administrative and secretarial occupations,45,69,-24
E01001853,5. Skilled trades occupations,43,45,-2
E01001853,"6. Caring, leisure and other service occupations",41,49,-8
E01001853,7. Sales and customer service occupations,43,34,9
E01001853,"8. Process, plant and machine operatives",12,21,-9
E01001853,9. Elementary occupations,33,40,-7
E01001854,"1. Managers, directors and senior officials",184,144,40
E01001854,2. Professional occupations,331,315,16
E01001854,3. Associate professional and technical occupations,207,63,144
E01001854,4. Administrative and secretarial occupations,83,98,-15
E01001854,5. Skilled trades occupations,44,46,-2
E01001854,"6. Caring, leisure and other service occupations",86,59,27
E01001854,7. Sales and customer service occupations,65,59,6
E01001854,"8. Process, plant and machine operatives",15,18,-3
E01001854,9. Elementary occupations,49,59,-10
E01001855,"1. Managers, directors and senior officials",219,174,45
E01001855,2. Professional occupations,300,369,-69
E01001855,3. Associate professional and technical occupations,233,64,169
E01001855,4. Administrative and secretarial occupations,75,93,-18
E01001855,5. Skilled trades occupations,47,49,-2
E01001855,"6. Caring, leisure and other service occupations",48,37,11
E01001855,7. Sales and customer service occupations,48,35,13
E01001855,"8. Process, plant and machine operatives",18,13,5
E01001855,9. Elementary occupations,43,37,6
E01001856,"1. Managers, directors and senior officials",152,86,66
E01001856,2. Professional occupations,257,158,99
E01001856,3. Associate professional and technical occupations,166,37,129
E01001856,4. Administrative and secretarial occupations,69,69,0
E01001856,5. Skilled trades occupations,30,28,2
E01001856,"6. Caring, leisure and other service occupations",69,61,8
E01001856,7. Sales and customer service occupations,40,42,-2
E01001856,"8. Process, plant and machine operatives",24,18,6
E01001856,9. Elementary occupations,63,46,17
E01001857,"1. Managers, directors and senior officials",91,63,28
E01001857,2. Professional occupations,172,175,-3
E01001857,3. Associate professional and technical occupations,107,39,68
E01001857,4. Administrative and secretarial occupations,55,67,-12
E01001857,5. Skilled trades occupations,49,39,10
E01001857,"6. Caring, leisure and other service occupations",57,63,-6
E01001857,7. Sales and customer service occupations,68,59,9
E01001857,"8. Process, plant and machine operatives",40,24,16
E01001857,9. Elementary occupations,95,90,5
E01001858,"1. Managers, directors and senior officials",124,122,2
E01001858,2. Professional occupations,251,210,41
E01001858,3. Associate professional and technical occupations,179,71,108
E01001858,4. Administrative and secretarial occupations,76,74,2
E01001858,5. Skilled trades occupations,41,66,-25
E01001858,"6. Caring, leisure and other service occupations",79,88,-9
E01001858,7. Sales and customer service occupations,62,58,4
E01001858,"8. Process, plant and machine operatives",31,21,10
E01001858,9. Elementary occupations,54,79,-25
E01001859,"1. Managers, directors and senior officials",189,161,28
E01001859,2. Professional occupations,420,358,62
E01001859,3. Associate professional and technical occupations,273,86,187
E01001859,4. Administrative and secretarial occupations,116,154,-38
E01001859,5. Skilled trades occupations,90,63,27
E01001859,"6. Caring, leisure and other service occupations",110,89,21
E01001859,7. Sales and customer service occupations,88,81,7
E01001859,"8. Process, plant and machine operatives",57,39,18
E01001859,9. Elementary occupations,94,90,4
E01001860,"1. Managers, directors and senior officials",101,87,14
E01001860,2. Professional occupations,191,168,23
E01001860,3. Associate professional and technical occupations,176,65,111
E01001860,4. Administrative and secretarial occupations,75,59,16
E01001860,5. Skilled trades occupations,77,88,-11
E01001860,"6. Caring, leisure and other service occupations",106,64,42
E01001860,7. Sales and customer service occupations,60,84,-24
E01001860,"8. Process, plant and machine operatives",43,33,10
E01001860,9. Elementary occupations,81,117,-36
E01001861,"1. Managers, directors and senior officials",127,111,16
E01001861,2. Professional occupations,165,175,-10
E01001861,3. Associate professional and technical occupations,138,42,96
E01001861,4. Administrative and secretarial occupations,43,71,-28
E01001861,5. Skilled trades occupations,47,54,-7
E01001861,"6. Caring, leisure and other service occupations",76,62,14
E01001861,7. Sales and customer service occupations,43,51,-8
E01001861,"8. Process, plant and machine operatives",21,39,-18
E01001861,9. Elementary occupations,56,56,0
E01001862,"1. Managers, directors and senior officials",160,99,61
E01001862,2. Professional occupations,291,229,62
E01001862,3. Associate professional and technical occupations,166,63,103
E01001862,4. Administrative and secretarial occupations,66,89,-23
E01001862,5. Skilled trades occupations,47,72,-25
E01001862,"6. Caring, leisure and other service occupations",68,63,5
E01001862,7. Sales and customer service occupations,53,62,-9
E01001862,"8. Process, plant and machine operatives",48,45,3
E01001862,9. Elementary occupations,59,78,-19
E01001863,"1. Managers, directors and senior officials",167,122,45
E01001863,2. Professional occupations,233,227,6
E01001863,3. Associate professional and technical occupations,146,62,84
E01001863,4. Administrative and secretarial occupations,55,78,-23
E01001863,5. Skilled trades occupations,41,49,-8
E01001863,"6. Caring, leisure and other service occupations",72,65,7
E01001863,7. Sales and customer service occupations,37,61,-24
E01001863,"8. Process, plant and machine operatives",22,20,2
E01001863,9. Elementary occupations,47,63,-16
E01001864,"1. Managers, directors and senior officials",159,91,68
E01001864,2. Professional occupations,201,207,-6
E01001864,3. Associate professional and technical occupations,172,53,119
E01001864,4. Administrative and secretarial occupations,58,102,-44
E01001864,5. Skilled trades occupations,53,73,-20
E01001864,"6. Caring, leisure and other service occupations",60,50,10
E01001864,7. Sales and customer service occupations,39,42,-3
E01001864,"8. Process, plant and machine operatives",34,29,5
E01001864,9. Elementary occupations,63,87,-24
E01001865,"1. Managers, directors and senior officials",186,153,33
E01001865,2. Professional occupations,290,266,24
E01001865,3. Associate professional and technical occupations,178,67,111
E01001865,4. Administrative and secretarial occupations,54,92,-38
E01001865,5. Skilled trades occupations,39,83,-44
E01001865,"6. Caring, leisure and other service occupations",51,53,-2
E01001865,7. Sales and customer service occupations,28,61,-33
E01001865,"8. Process, plant and machine operatives",20,21,-1
E01001865,9. Elementary occupations,36,56,-20
E01001866,"1. Managers, directors and senior officials",131,142,-11
E01001866,2. Professional occupations,265,266,-1
E01001866,3. Associate professional and technical occupations,141,64,77
E01001866,4. Administrative and secretarial occupations,53,90,-37
E01001866,5. Skilled trades occupations,31,32,-1
E01001866,"6. Caring, leisure and other service occupations",61,47,14
E01001866,7. Sales and customer service occupations,39,43,-4
E01001866,"8. Process, plant and machine operatives",15,12,3
E01001866,9. Elementary occupations,44,43,1
E01001867,"1. Managers, directors and senior officials",91,88,3
E01001867,2. Professional occupations,199,194,5
E01001867,3. Associate professional and technical occupations,104,35,69
E01001867,4. Administrative and secretarial occupations,37,65,-28
E01001867,5. Skilled trades occupations,20,34,-14
E01001867,"6. Caring, leisure and other service occupations",40,33,7
E01001867,7. Sales and customer service occupations,20,45,-25
E01001867,"8. Process, plant and machine operatives",5,5,0
E01001867,9. Elementary occupations,23,25,-2
E01001868,"1. Managers, directors and senior officials",53,65,-12
E01001868,2. Professional occupations,108,102,6
E01001868,3. Associate professional and technical occupations,66,27,39
E01001868,4. Administrative and secretarial occupations,50,71,-21
E01001868,5. Skilled trades occupations,45,32,13
E01001868,"6. Caring, leisure and other service occupations",88,76,12
E01001868,7. Sales and customer service occupations,60,59,1
E01001868,"8. Process, plant and machine operatives",32,42,-10
E01001868,9. Elementary occupations,91,101,-10
E01001869,"1. Managers, directors and senior officials",186,185,1
E01001869,2. Professional occupations,225,305,-80
E01001869,3. Associate professional and technical occupations,137,40,97
E01001869,4. Administrative and secretarial occupations,35,74,-39
E01001869,5. Skilled trades occupations,10,37,-27
E01001869,"6. Caring, leisure and other service occupations",33,48,-15
E01001869,7. Sales and customer service occupations,18,28,-10
E01001869,"8. Process, plant and machine operatives",5,11,-6
E01001869,9. Elementary occupations,14,30,-16
E01001870,"1. Managers, directors and senior officials",153,183,-30
E01001870,2. Professional occupations,330,343,-13
E01001870,3. Associate professional and technical occupations,181,68,113
E01001870,4. Administrative and secretarial occupations,85,111,-26
E01001870,5. Skilled trades occupations,50,44,6
E01001870,"6. Caring, leisure and other service occupations",74,63,11
E01001870,7. Sales and customer service occupations,60,72,-12
E01001870,"8. Process, plant and machine operatives",18,17,1
E01001870,9. Elementary occupations,64,76,-12
E01001871,"1. Managers, directors and senior officials",165,136,29
E01001871,2. Professional occupations,278,278,0
E01001871,3. Associate professional and technical occupations,156,44,112
E01001871,4. Administrative and secretarial occupations,46,92,-46
E01001871,5. Skilled trades occupations,19,31,-12
E01001871,"6. Caring, leisure and other service occupations",38,33,5
E01001871,7. Sales and customer service occupations,29,32,-3
E01001871,"8. Process, plant and machine operatives",18,43,-25
E01001871,9. Elementary occupations,38,29,9
E01001872,"1. Managers, directors and senior officials",145,133,12
E01001872,2. Professional occupations,288,313,-25
E01001872,3. Associate professional and technical occupations,197,52,145
E01001872,4. Administrative and secretarial occupations,64,103,-39
E01001872,5. Skilled trades occupations,22,25,-3
E01001872,"6. Caring, leisure and other service occupations",24,62,-38
E01001872,7. Sales and customer service occupations,40,43,-3
E01001872,"8. Process, plant and machine operatives",16,11,5
E01001872,9. Elementary occupations,33,46,-13
E01001873,"1. Managers, directors and senior officials",132,104,28
E01001873,2. Professional occupations,230,210,20
E01001873,3. Associate professional and technical occupations,144,43,101
E01001873,4. Administrative and secretarial occupations,52,72,-20
E01001873,5. Skilled trades occupations,29,29,0
E01001873,"6. Caring, leisure and other service occupations",55,57,-2
E01001873,7. Sales and customer service occupations,52,47,5
E01001873,"8. Process, plant and machine operatives",29,21,8
E01001873,9. Elementary occupations,66,74,-8
E01001875,"1. Managers, directors and senior officials",72,54,18
E01001875,2. Professional occupations,148,88,60
E01001875,3. Associate professional and technical occupations,95,35,60
E01001875,4. Administrative and secretarial occupations,76,86,-10
E01001875,5. Skilled trades occupations,88,69,19
E01001875,"6. Caring, leisure and other service occupations",86,70,16
E01001875,7. Sales and customer service occupations,62,78,-16
E01001875,"8. Process, plant and machine operatives",50,44,6
E01001875,9. Elementary occupations,114,120,-6
E01001876,"1. Managers, directors and senior officials",85,50,35
E01001876,2. Professional occupations,407,338,69
E01001876,3. Associate professional and technical occupations,113,36,77
E01001876,4. Administrative and secretarial occupations,69,74,-5
E01001876,5. Skilled trades occupations,73,68,5
E01001876,"6. Caring, leisure and other service occupations",101,59,42
E01001876,7. Sales and customer service occupations,49,61,-12
E01001876,"8. Process, plant and machine operatives",33,42,-9
E01001876,9. Elementary occupations,111,116,-5
E01001877,"1. Managers, directors and senior officials",85,63,22
E01001877,2. Professional occupations,170,105,65
E01001877,3. Associate professional and technical occupations,106,37,69
E01001877,4. Administrative and secretarial occupations,63,62,1
E01001877,5. Skilled trades occupations,56,68,-12
E01001877,"6. Caring, leisure and other service occupations",62,84,-22
E01001877,7. Sales and customer service occupations,65,78,-13
E01001877,"8. Process, plant and machine operatives",37,43,-6
E01001877,9. Elementary occupations,78,90,-12
E01001878,"1. Managers, directors and senior officials",67,40,27
E01001878,2. Professional occupations,139,102,37
E01001878,3. Associate professional and technical occupations,83,37,46
E01001878,4. Administrative and secretarial occupations,62,73,-11
E01001878,5. Skilled trades occupations,78,68,10
E01001878,"6. Caring, leisure and other service occupations",69,86,-17
E01001878,7. Sales and customer service occupations,59,77,-18
E01001878,"8. Process, plant and machine operatives",54,43,11
E01001878,9. Elementary occupations,108,93,15
E01001879,"1. Managers, directors and senior officials",123,104,19
E01001879,2. Professional occupations,226,193,33
E01001879,3. Associate professional and technical occupations,154,44,110
E01001879,4. Administrative and secretarial occupations,41,67,-26
E01001879,5. Skilled trades occupations,45,52,-7
E01001879,"6. Caring, leisure and other service occupations",60,69,-9
E01001879,7. Sales and customer service occupations,45,44,1
E01001879,"8. Process, plant and machine operatives",32,21,11
E01001879,9. Elementary occupations,66,52,14
E01001880,"1. Managers, directors and senior officials",154,128,26
E01001880,2. Professional occupations,252,264,-12
E01001880,3. Associate professional and technical occupations,187,39,148
E01001880,4. Administrative and secretarial occupations,51,93,-42
E01001880,5. Skilled trades occupations,53,36,17
E01001880,"6. Caring, leisure and other service occupations",70,60,10
E01001880,7. Sales and customer service occupations,33,27,6
E01001880,"8. Process, plant and machine operatives",18,34,-16
E01001880,9. Elementary occupations,56,45,11
E01001881,"1. Managers, directors and senior officials",265,184,81
E01001881,2. Professional occupations,379,277,102
E01001881,3. Associate professional and technical occupations,243,56,187
E01001881,4. Administrative and secretarial occupations,72,100,-28
E01001881,5. Skilled trades occupations,34,53,-19
E01001881,"6. Caring, leisure and other service occupations",62,37,25
E01001881,7. Sales and customer service occupations,42,46,-4
E01001881,"8. Process, plant and machine operatives",18,11,7
E01001881,9. Elementary occupations,37,42,-5
E01001882,"1. Managers, directors and senior officials",215,172,43
E01001882,2. Professional occupations,344,297,47
E01001882,3. Associate professional and technical occupations,245,60,185
E01001882,4. Administrative and secretarial occupations,62,111,-49
E01001882,5. Skilled trades occupations,30,37,-7
E01001882,"6. Caring, leisure and other service occupations",45,48,-3
E01001882,7. Sales and customer service occupations,29,61,-32
E01001882,"8. Process, plant and machine operatives",16,23,-7
E01001882,9. Elementary occupations,34,58,-24
E01001883,"1. Managers, directors and senior officials",250,129,121
E01001883,2. Professional occupations,344,207,137
E01001883,3. Associate professional and technical occupations,193,44,149
E01001883,4. Administrative and secretarial occupations,64,82,-18
E01001883,5. Skilled trades occupations,30,41,-11
E01001883,"6. Caring, leisure and other service occupations",45,43,2
E01001883,7. Sales and customer service occupations,45,38,7
E01001883,"8. Process, plant and machine operatives",23,18,5
E01001883,9. Elementary occupations,37,56,-19
E01001884,"1. Managers, directors and senior officials",132,142,-10
E01001884,2. Professional occupations,300,262,38
E01001884,3. Associate professional and technical occupations,178,47,131
E01001884,4. Administrative and secretarial occupations,69,97,-28
E01001884,5. Skilled trades occupations,45,46,-1
E01001884,"6. Caring, leisure and other service occupations",77,74,3
E01001884,7. Sales and customer service occupations,58,56,2
E01001884,"8. Process, plant and machine operatives",41,34,7
E01001884,9. Elementary occupations,64,67,-3
E01001885,"1. Managers, directors and senior officials",41,29,12
E01001885,2. Professional occupations,101,55,46
E01001885,3. Associate professional and technical occupations,53,18,35
E01001885,4. Administrative and secretarial occupations,52,60,-8
E01001885,5. Skilled trades occupations,46,33,13
E01001885,"6. Caring, leisure and other service occupations",79,68,11
E01001885,7. Sales and customer service occupations,63,64,-1
E01001885,"8. Process, plant and machine operatives",45,39,6
E01001885,9. Elementary occupations,69,80,-11
E01001886,"1. Managers, directors and senior officials",120,95,25
E01001886,2. Professional occupations,190,167,23
E01001886,3. Associate professional and technical occupations,136,37,99
E01001886,4. Administrative and secretarial occupations,61,83,-22
E01001886,5. Skilled trades occupations,45,59,-14
E01001886,"6. Caring, leisure and other service occupations",86,76,10
E01001886,7. Sales and customer service occupations,46,43,3
E01001886,"8. Process, plant and machine operatives",35,24,11
E01001886,9. Elementary occupations,62,67,-5
E01001887,"1. Managers, directors and senior officials",106,85,21
E01001887,2. Professional occupations,209,191,18
E01001887,3. Associate professional and technical occupations,117,50,67
E01001887,4. Administrative and secretarial occupations,58,77,-19
E01001887,5. Skilled trades occupations,46,60,-14
E01001887,"6. Caring, leisure and other service occupations",64,74,-10
E01001887,7. Sales and customer service occupations,45,46,-1
E01001887,"8. Process, plant and machine operatives",23,21,2
E01001887,9. Elementary occupations,60,62,-2
E01001888,"1. Managers, directors and senior officials",177,134,43
E01001888,2. Professional occupations,300,260,40
E01001888,3. Associate professional and technical occupations,191,62,129
E01001888,4. Administrative and secretarial occupations,55,103,-48
E01001888,5. Skilled trades occupations,30,42,-12
E01001888,"6. Caring, leisure and other service occupations",45,54,-9
E01001888,7. Sales and customer service occupations,34,37,-3
E01001888,"8. Process, plant and machine operatives",4,12,-8
E01001888,9. Elementary occupations,28,41,-13
E01001889,"1. Managers, directors and senior officials",167,118,49
E01001889,2. Professional occupations,300,271,29
E01001889,3. Associate professional and technical occupations,167,43,124
E01001889,4. Administrative and secretarial occupations,57,96,-39
E01001889,5. Skilled trades occupations,23,30,-7
E01001889,"6. Caring, leisure and other service occupations",32,46,-14
E01001889,7. Sales and customer service occupations,28,20,8
E01001889,"8. Process, plant and machine operatives",23,13,10
E01001889,9. Elementary occupations,37,32,5
E01001890,"1. Managers, directors and senior officials",123,91,32
E01001890,2. Professional occupations,466,465,1
E01001890,3. Associate professional and technical occupations,159,56,103
E01001890,4. Administrative and secretarial occupations,60,100,-40
E01001890,5. Skilled trades occupations,41,75,-34
E01001890,"6. Caring, leisure and other service occupations",64,70,-6
E01001890,7. Sales and customer service occupations,48,41,7
E01001890,"8. Process, plant and machine operatives",17,19,-2
E01001890,9. Elementary occupations,67,85,-18
E01001891,"1. Managers, directors and senior officials",291,178,113
E01001891,2. Professional occupations,532,367,165
E01001891,3. Associate professional and technical occupations,297,82,215
E01001891,4. Administrative and secretarial occupations,87,134,-47
E01001891,5. Skilled trades occupations,65,72,-7
E01001891,"6. Caring, leisure and other service occupations",88,89,-1
E01001891,7. Sales and customer service occupations,66,52,14
E01001891,"8. Process, plant and machine operatives",21,15,6
E01001891,9. Elementary occupations,60,87,-27
E01001892,"1. Managers, directors and senior officials",111,84,27
E01001892,2. Professional occupations,154,165,-11
E01001892,3. Associate professional and technical occupations,125,29,96
E01001892,4. Administrative and secretarial occupations,57,80,-23
E01001892,5. Skilled trades occupations,29,37,-8
E01001892,"6. Caring, leisure and other service occupations",66,62,4
E01001892,7. Sales and customer service occupations,46,45,1
E01001892,"8. Process, plant and machine operatives",24,23,1
E01001892,9. Elementary occupations,50,68,-18
E01001893,"1. Managers, directors and senior officials",104,57,47
E01001893,2. Professional occupations,182,102,80
E01001893,3. Associate professional and technical occupations,115,37,78
E01001893,4. Administrative and secretarial occupations,43,64,-21
E01001893,5. Skilled trades occupations,48,42,6
E01001893,"6. Caring, leisure and other service occupations",74,70,4
E01001893,7. Sales and customer service occupations,50,44,6
E01001893,"8. Process, plant and machine operatives",38,23,15
E01001893,9. Elementary occupations,88,73,15
E01001894,"1. Managers, directors and senior officials",119,87,32
E01001894,2. Professional occupations,244,155,89
E01001894,3. Associate professional and technical occupations,149,43,106
E01001894,4. Administrative and secretarial occupations,59,77,-18
E01001894,5. Skilled trades occupations,47,34,13
E01001894,"6. Caring, leisure and other service occupations",49,45,4
E01001894,7. Sales and customer service occupations,43,39,4
E01001894,"8. Process, plant and machine operatives",23,26,-3
E01001894,9. Elementary occupations,42,45,-3
E01001895,"1. Managers, directors and senior officials",172,154,18
E01001895,2. Professional occupations,242,219,23
E01001895,3. Associate professional and technical occupations,155,57,98
E01001895,4. Administrative and secretarial occupations,53,81,-28
E01001895,5. Skilled trades occupations,46,37,9
E01001895,"6. Caring, leisure and other service occupations",50,47,3
E01001895,7. Sales and customer service occupations,31,61,-30
E01001895,"8. Process, plant and machine operatives",16,21,-5
E01001895,9. Elementary occupations,49,57,-8
E01001896,"1. Managers, directors and senior officials",145,97,48
E01001896,2. Professional occupations,245,241,4
E01001896,3. Associate professional and technical occupations,157,52,105
E01001896,4. Administrative and secretarial occupations,63,74,-11
E01001896,5. Skilled trades occupations,37,38,-1
E01001896,"6. Caring, leisure and other service occupations",47,59,-12
E01001896,7. Sales and customer service occupations,36,65,-29
E01001896,"8. Process, plant and machine operatives",20,20,0
E01001896,9. Elementary occupations,47,71,-24
E01001897,"1. Managers, directors and senior officials",159,156,3
E01001897,2. Professional occupations,217,220,-3
E01001897,3. Associate professional and technical occupations,121,44,77
E01001897,4. Administrative and secretarial occupations,50,64,-14
E01001897,5. Skilled trades occupations,23,39,-16
E01001897,"6. Caring, leisure and other service occupations",39,35,4
E01001897,7. Sales and customer service occupations,37,30,7
E01001897,"8. Process, plant and machine operatives",5,10,-5
E01001897,9. Elementary occupations,38,37,1
E01001898,"1. Managers, directors and senior officials",243,132,111
E01001898,2. Professional occupations,404,258,146
E01001898,3. Associate professional and technical occupations,226,78,148
E01001898,4. Administrative and secretarial occupations,84,92,-8
E01001898,5. Skilled trades occupations,44,51,-7
E01001898,"6. Caring, leisure and other service occupations",54,66,-12
E01001898,7. Sales and customer service occupations,55,58,-3
E01001898,"8. Process, plant and machine operatives",18,10,8
E01001898,9. Elementary occupations,51,55,-4
E01001899,"1. Managers, directors and senior officials",110,53,57
E01001899,2. Professional occupations,218,114,104
E01001899,3. Associate professional and technical occupations,145,29,116
E01001899,4. Administrative and secretarial occupations,71,82,-11
E01001899,5. Skilled trades occupations,52,41,11
E01001899,"6. Caring, leisure and other service occupations",88,60,28
E01001899,7. Sales and customer service occupations,48,52,-4
E01001899,"8. Process, plant and machine operatives",26,23,3
E01001899,9. Elementary occupations,60,63,-3
E01001900,"1. Managers, directors and senior officials",104,85,19
E01001900,2. Professional occupations,208,228,-20
E01001900,3. Associate professional and technical occupations,139,61,78
E01001900,4. Administrative and secretarial occupations,56,98,-42
E01001900,5. Skilled trades occupations,44,58,-14
E01001900,"6. Caring, leisure and other service occupations",84,75,9
E01001900,7. Sales and customer service occupations,57,62,-5
E01001900,"8. Process, plant and machine operatives",37,21,16
E01001900,9. Elementary occupations,84,99,-15
E01001901,"1. Managers, directors and senior officials",248,179,69
E01001901,2. Professional occupations,334,248,86
E01001901,3. Associate professional and technical occupations,205,55,150
E01001901,4. Administrative and secretarial occupations,49,78,-29
E01001901,5. Skilled trades occupations,17,31,-14
E01001901,"6. Caring, leisure and other service occupations",33,40,-7
E01001901,7. Sales and customer service occupations,31,40,-9
E01001901,"8. Process, plant and machine operatives",6,7,-1
E01001901,9. Elementary occupations,22,40,-18
E01001902,"1. Managers, directors and senior officials",207,174,33
E01001902,2. Professional occupations,325,259,66
E01001902,3. Associate professional and technical occupations,215,75,140
E01001902,4. Administrative and secretarial occupations,65,109,-44
E01001902,5. Skilled trades occupations,47,48,-1
E01001902,"6. Caring, leisure and other service occupations",60,55,5
E01001902,7. Sales and customer service occupations,58,42,16
E01001902,"8. Process, plant and machine operatives",19,15,4
E01001902,9. Elementary occupations,47,42,5
E01001903,"1. Managers, directors and senior officials",134,109,25
E01001903,2. Professional occupations,219,162,57
E01001903,3. Associate professional and technical occupations,147,50,97
E01001903,4. Administrative and secretarial occupations,51,89,-38
E01001903,5. Skilled trades occupations,41,46,-5
E01001903,"6. Caring, leisure and other service occupations",57,69,-12
E01001903,7. Sales and customer service occupations,42,69,-27
E01001903,"8. Process, plant and machine operatives",14,34,-20
E01001903,9. Elementary occupations,55,68,-13
E01001904,"1. Managers, directors and senior officials",238,169,69
E01001904,2. Professional occupations,331,275,56
E01001904,3. Associate professional and technical occupations,217,72,145
E01001904,4. Administrative and secretarial occupations,75,112,-37
E01001904,5. Skilled trades occupations,22,31,-9
E01001904,"6. Caring, leisure and other service occupations",36,46,-10
E01001904,7. Sales and customer service occupations,38,28,10
E01001904,"8. Process, plant and machine operatives",16,13,3
E01001904,9. Elementary occupations,31,37,-6
E01001905,"1. Managers, directors and senior officials",236,210,26
E01001905,2. Professional occupations,295,268,27
E01001905,3. Associate professional and technical occupations,201,58,143
E01001905,4. Administrative and secretarial occupations,52,108,-56
E01001905,5. Skilled trades occupations,22,35,-13
E01001905,"6. Caring, leisure and other service occupations",41,41,0
E01001905,7. Sales and customer service occupations,37,33,4
E01001905,"8. Process, plant and machine operatives",7,6,1
E01001905,9. Elementary occupations,25,26,-1
E01001906,"1. Managers, directors and senior officials",202,157,45
E01001906,2. Professional occupations,328,296,32
E01001906,3. Associate professional and technical occupations,183,56,127
E01001906,4. Administrative and secretarial occupations,55,117,-62
E01001906,5. Skilled trades occupations,22,32,-10
E01001906,"6. Caring, leisure and other service occupations",30,35,-5
E01001906,7. Sales and customer service occupations,29,42,-13
E01001906,"8. Process, plant and machine operatives",8,9,-1
E01001906,9. Elementary occupations,26,25,1
E01001907,"1. Managers, directors and senior officials",205,160,45
E01001907,2. Professional occupations,231,210,21
E01001907,3. Associate professional and technical occupations,131,53,78
E01001907,4. Administrative and secretarial occupations,56,60,-4
E01001907,5. Skilled trades occupations,8,22,-14
E01001907,"6. Caring, leisure and other service occupations",19,33,-14
E01001907,7. Sales and customer service occupations,13,16,-3
E01001907,"8. Process, plant and machine operatives",9,7,2
E01001907,9. Elementary occupations,26,23,3
E01001908,"1. Managers, directors and senior officials",146,179,-33
E01001908,2. Professional occupations,322,296,26
E01001908,3. Associate professional and technical occupations,198,68,130
E01001908,4. Administrative and secretarial occupations,48,85,-37
E01001908,5. Skilled trades occupations,55,52,3
E01001908,"6. Caring, leisure and other service occupations",50,54,-4
E01001908,7. Sales and customer service occupations,47,48,-1
E01001908,"8. Process, plant and machine operatives",16,16,0
E01001908,9. Elementary occupations,46,86,-40
E01001909,"1. Managers, directors and senior officials",177,150,27
E01001909,2. Professional occupations,306,285,21
E01001909,3. Associate professional and technical occupations,190,54,136
E01001909,4. Administrative and secretarial occupations,73,107,-34
E01001909,5. Skilled trades occupations,52,56,-4
E01001909,"6. Caring, leisure and other service occupations",78,59,19
E01001909,7. Sales and customer service occupations,47,52,-5
E01001909,"8. Process, plant and machine operatives",32,28,4
E01001909,9. Elementary occupations,78,71,7
E01001910,"1. Managers, directors and senior officials",138,152,-14
E01001910,2. Professional occupations,281,304,-23
E01001910,3. Associate professional and technical occupations,176,67,109
E01001910,4. Administrative and secretarial occupations,52,103,-51
E01001910,5. Skilled trades occupations,46,49,-3
E01001910,"6. Caring, leisure and other service occupations",51,53,-2
E01001910,7. Sales and customer service occupations,28,43,-15
E01001910,"8. Process, plant and machine operatives",16,18,-2
E01001910,9. Elementary occupations,41,45,-4
E01001911,"1. Managers, directors and senior officials",78,64,14
E01001911,2. Professional occupations,147,148,-1
E01001911,3. Associate professional and technical occupations,115,40,75
E01001911,4. Administrative and secretarial occupations,70,80,-10
E01001911,5. Skilled trades occupations,47,55,-8
E01001911,"6. Caring, leisure and other service occupations",90,80,10
E01001911,7. Sales and customer service occupations,64,68,-4
E01001911,"8. Process, plant and machine operatives",48,46,2
E01001911,9. Elementary occupations,82,85,-3
E01001912,"1. Managers, directors and senior officials",69,69,0
E01001912,2. Professional occupations,91,121,-30
E01001912,3. Associate professional and technical occupations,78,37,41
E01001912,4. Administrative and secretarial occupations,59,63,-4
E01001912,5. Skilled trades occupations,48,44,4
E01001912,"6. Caring, leisure and other service occupations",75,71,4
E01001912,7. Sales and customer service occupations,47,46,1
E01001912,"8. Process, plant and machine operatives",53,38,15
E01001912,9. Elementary occupations,74,85,-11
E01001913,"1. Managers, directors and senior officials",153,190,-37
E01001913,2. Professional occupations,410,438,-28
E01001913,3. Associate professional and technical occupations,244,74,170
E01001913,4. Administrative and secretarial occupations,60,90,-30
E01001913,5. Skilled trades occupations,13,24,-11
E01001913,"6. Caring, leisure and other service occupations",28,34,-6
E01001913,7. Sales and customer service occupations,26,30,-4
E01001913,"8. Process, plant and machine operatives",12,9,3
E01001913,9. Elementary occupations,21,21,0
E01001914,"1. Managers, directors and senior officials",135,144,-9
E01001914,2. Professional occupations,307,327,-20
E01001914,3. Associate professional and technical occupations,188,50,138
E01001914,4. Administrative and secretarial occupations,63,97,-34
E01001914,5. Skilled trades occupations,38,46,-8
E01001914,"6. Caring, leisure and other service occupations",54,93,-39
E01001914,7. Sales and customer service occupations,52,54,-2
E01001914,"8. Process, plant and machine operatives",34,24,10
E01001914,9. Elementary occupations,74,82,-8
E01001915,"1. Managers, directors and senior officials",227,164,63
E01001915,2. Professional occupations,242,228,14
E01001915,3. Associate professional and technical occupations,127,39,88
E01001915,4. Administrative and secretarial occupations,44,61,-17
E01001915,5. Skilled trades occupations,11,19,-8
E01001915,"6. Caring, leisure and other service occupations",40,23,17
E01001915,7. Sales and customer service occupations,6,16,-10
E01001915,"8. Process, plant and machine operatives",10,6,4
E01001915,9. Elementary occupations,29,14,15
E01001916,"1. Managers, directors and senior officials",146,208,-62
E01001916,2. Professional occupations,180,171,9
E01001916,3. Associate professional and technical occupations,118,47,71
E01001916,4. Administrative and secretarial occupations,32,49,-17
E01001916,5. Skilled trades occupations,14,20,-6
E01001916,"6. Caring, leisure and other service occupations",31,34,-3
E01001916,7. Sales and customer service occupations,18,12,6
E01001916,"8. Process, plant and machine operatives",7,5,2
E01001916,9. Elementary occupations,8,17,-9
E01001917,"1. Managers, directors and senior officials",176,141,35
E01001917,2. Professional occupations,233,217,16
E01001917,3. Associate professional and technical occupations,140,31,109
E01001917,4. Administrative and secretarial occupations,47,78,-31
E01001917,5. Skilled trades occupations,26,30,-4
E01001917,"6. Caring, leisure and other service occupations",40,57,-17
E01001917,7. Sales and customer service occupations,37,35,2
E01001917,"8. Process, plant and machine operatives",10,23,-13
E01001917,9. Elementary occupations,28,34,-6
E01001918,"1. Managers, directors and senior officials",209,181,28
E01001918,2. Professional occupations,247,233,14
E01001918,3. Associate professional and technical occupations,161,44,117
E01001918,4. Administrative and secretarial occupations,48,77,-29
E01001918,5. Skilled trades occupations,31,33,-2
E01001918,"6. Caring, leisure and other service occupations",39,47,-8
E01001918,7. Sales and customer service occupations,37,31,6
E01001918,"8. Process, plant and machine operatives",25,16,9
E01001918,9. Elementary occupations,29,32,-3
E01001919,"1. Managers, directors and senior officials",212,170,42
E01001919,2. Professional occupations,219,204,15
E01001919,3. Associate professional and technical occupations,153,51,102
E01001919,4. Administrative and secretarial occupations,55,75,-20
E01001919,5. Skilled trades occupations,24,34,-10
E01001919,"6. Caring, leisure and other service occupations",44,42,2
E01001919,7. Sales and customer service occupations,26,36,-10
E01001919,"8. Process, plant and machine operatives",12,9,3
E01001919,9. Elementary occupations,28,25,3
E01001920,"1. Managers, directors and senior officials",148,104,44
E01001920,2. Professional occupations,167,154,13
E01001920,3. Associate professional and technical occupations,143,35,108
E01001920,4. Administrative and secretarial occupations,48,74,-26
E01001920,5. Skilled trades occupations,28,38,-10
E01001920,"6. Caring, leisure and other service occupations",68,63,5
E01001920,7. Sales and customer service occupations,51,31,20
E01001920,"8. Process, plant and machine operatives",25,18,7
E01001920,9. Elementary occupations,53,63,-10
E01001921,"1. Managers, directors and senior officials",215,162,53
E01001921,2. Professional occupations,239,217,22
E01001921,3. Associate professional and technical occupations,163,48,115
E01001921,4. Administrative and secretarial occupations,47,64,-17
E01001921,5. Skilled trades occupations,18,31,-13
E01001921,"6. Caring, leisure and other service occupations",41,44,-3
E01001921,7. Sales and customer service occupations,20,25,-5
E01001921,"8. Process, plant and machine operatives",13,20,-7
E01001921,9. Elementary occupations,29,30,-1
E01001922,"1. Managers, directors and senior officials",249,196,53
E01001922,2. Professional occupations,283,197,86
E01001922,3. Associate professional and technical occupations,161,37,124
E01001922,4. Administrative and secretarial occupations,53,98,-45
E01001922,5. Skilled trades occupations,9,24,-15
E01001922,"6. Caring, leisure and other service occupations",38,30,8
E01001922,7. Sales and customer service occupations,26,41,-15
E01001922,"8. Process, plant and machine operatives",7,10,-3
E01001922,9. Elementary occupations,21,29,-8
E01001923,"1. Managers, directors and senior officials",220,161,59
E01001923,2. Professional occupations,279,213,66
E01001923,3. Associate professional and technical occupations,173,41,132
E01001923,4. Administrative and secretarial occupations,48,71,-23
E01001923,5. Skilled trades occupations,20,28,-8
E01001923,"6. Caring, leisure and other service occupations",35,40,-5
E01001923,7. Sales and customer service occupations,26,33,-7
E01001923,"8. Process, plant and machine operatives",9,11,-2
E01001923,9. Elementary occupations,28,34,-6
E01001924,"1. Managers, directors and senior officials",231,203,28
E01001924,2. Professional occupations,283,227,56
E01001924,3. Associate professional and technical occupations,186,39,147
E01001924,4. Administrative and secretarial occupations,58,64,-6
E01001924,5. Skilled trades occupations,13,30,-17
E01001924,"6. Caring, leisure and other service occupations",39,36,3
E01001924,7. Sales and customer service occupations,26,22,4
E01001924,"8. Process, plant and machine operatives",4,12,-8
E01001924,9. Elementary occupations,18,23,-5
E01001925,"1. Managers, directors and senior officials",246,205,41
E01001925,2. Professional occupations,213,188,25
E01001925,3. Associate professional and technical occupations,150,48,102
E01001925,4. Administrative and secretarial occupations,54,72,-18
E01001925,5. Skilled trades occupations,13,21,-8
E01001925,"6. Caring, leisure and other service occupations",41,59,-18
E01001925,7. Sales and customer service occupations,24,24,0
E01001925,"8. Process, plant and machine operatives",11,15,-4
E01001925,9. Elementary occupations,27,37,-10
E01001926,"1. Managers, directors and senior officials",210,186,24
E01001926,2. Professional occupations,271,241,30
E01001926,3. Associate professional and technical occupations,175,54,121
E01001926,4. Administrative and secretarial occupations,42,78,-36
E01001926,5. Skilled trades occupations,21,24,-3
E01001926,"6. Caring, leisure and other service occupations",23,37,-14
E01001926,7. Sales and customer service occupations,20,24,-4
E01001926,"8. Process, plant and machine operatives",9,4,5
E01001926,9. Elementary occupations,8,24,-16
E01001927,"1. Managers, directors and senior officials",165,141,24
E01001927,2. Professional occupations,195,191,4
E01001927,3. Associate professional and technical occupations,143,51,92
E01001927,4. Administrative and secretarial occupations,33,70,-37
E01001927,5. Skilled trades occupations,29,46,-17
E01001927,"6. Caring, leisure and other service occupations",41,49,-8
E01001927,7. Sales and customer service occupations,13,34,-21
E01001927,"8. Process, plant and machine operatives",11,13,-2
E01001927,9. Elementary occupations,10,54,-44
E01001928,"1. Managers, directors and senior officials",172,144,28
E01001928,2. Professional occupations,288,213,75
E01001928,3. Associate professional and technical occupations,167,57,110
E01001928,4. Administrative and secretarial occupations,51,78,-27
E01001928,5. Skilled trades occupations,40,44,-4
E01001928,"6. Caring, leisure and other service occupations",45,55,-10
E01001928,7. Sales and customer service occupations,38,32,6
E01001928,"8. Process, plant and machine operatives",9,16,-7
E01001928,9. Elementary occupations,35,60,-25
E01001929,"1. Managers, directors and senior officials",160,133,27
E01001929,2. Professional occupations,297,238,59
E01001929,3. Associate professional and technical occupations,142,48,94
E01001929,4. Administrative and secretarial occupations,38,61,-23
E01001929,5. Skilled trades occupations,34,27,7
E01001929,"6. Caring, leisure and other service occupations",20,19,1
E01001929,7. Sales and customer service occupations,17,23,-6
E01001929,"8. Process, plant and machine operatives",6,8,-2
E01001929,9. Elementary occupations,7,15,-8
E01001930,"1. Managers, directors and senior officials",174,140,34
E01001930,2. Professional occupations,255,262,-7
E01001930,3. Associate professional and technical occupations,171,53,118
E01001930,4. Administrative and secretarial occupations,50,98,-48
E01001930,5. Skilled trades occupations,36,34,2
E01001930,"6. Caring, leisure and other service occupations",50,57,-7
E01001930,7. Sales and customer service occupations,39,37,2
E01001930,"8. Process, plant and machine operatives",7,16,-9
E01001930,9. Elementary occupations,29,49,-20
E01001931,"1. Managers, directors and senior officials",141,95,46
E01001931,2. Professional occupations,272,225,47
E01001931,3. Associate professional and technical occupations,145,66,79
E01001931,4. Administrative and secretarial occupations,51,78,-27
E01001931,5. Skilled trades occupations,39,37,2
E01001931,"6. Caring, leisure and other service occupations",40,64,-24
E01001931,7. Sales and customer service occupations,33,26,7
E01001931,"8. Process, plant and machine operatives",8,13,-5
E01001931,9. Elementary occupations,39,51,-12
E01001932,"1. Managers, directors and senior officials",183,137,46
E01001932,2. Professional occupations,296,279,17
E01001932,3. Associate professional and technical occupations,171,51,120
E01001932,4. Administrative and secretarial occupations,82,107,-25
E01001932,5. Skilled trades occupations,32,37,-5
E01001932,"6. Caring, leisure and other service occupations",57,38,19
E01001932,7. Sales and customer service occupations,44,36,8
E01001932,"8. Process, plant and machine operatives",19,19,0
E01001932,9. Elementary occupations,52,67,-15
E01001933,"1. Managers, directors and senior officials",168,115,53
E01001933,2. Professional occupations,228,186,42
E01001933,3. Associate professional and technical occupations,184,47,137
E01001933,4. Administrative and secretarial occupations,50,58,-8
E01001933,5. Skilled trades occupations,28,38,-10
E01001933,"6. Caring, leisure and other service occupations",46,40,6
E01001933,7. Sales and customer service occupations,24,34,-10
E01001933,"8. Process, plant and machine operatives",16,9,7
E01001933,9. Elementary occupations,25,27,-2
E01001934,"1. Managers, directors and senior officials",209,123,86
E01001934,2. Professional occupations,220,147,73
E01001934,3. Associate professional and technical occupations,161,47,114
E01001934,4. Administrative and secretarial occupations,68,96,-28
E01001934,5. Skilled trades occupations,42,53,-11
E01001934,"6. Caring, leisure and other service occupations",68,62,6
E01001934,7. Sales and customer service occupations,51,57,-6
E01001934,"8. Process, plant and machine operatives",37,28,9
E01001934,9. Elementary occupations,84,51,33
E01001935,"1. Managers, directors and senior officials",272,249,23
E01001935,2. Professional occupations,354,319,35
E01001935,3. Associate professional and technical occupations,242,111,131
E01001935,4. Administrative and secretarial occupations,82,152,-70
E01001935,5. Skilled trades occupations,47,54,-7
E01001935,"6. Caring, leisure and other service occupations",78,78,0
E01001935,7. Sales and customer service occupations,32,64,-32
E01001935,"8. Process, plant and machine operatives",13,22,-9
E01001935,9. Elementary occupations,40,63,-23
E01001937,"1. Managers, directors and senior officials",239,169,70
E01001937,2. Professional occupations,299,210,89
E01001937,3. Associate professional and technical occupations,228,45,183
E01001937,4. Administrative and secretarial occupations,69,81,-12
E01001937,5. Skilled trades occupations,27,40,-13
E01001937,"6. Caring, leisure and other service occupations",43,55,-12
E01001937,7. Sales and customer service occupations,32,23,9
E01001937,"8. Process, plant and machine operatives",15,14,1
E01001937,9. Elementary occupations,30,30,0
E01001938,"1. Managers, directors and senior officials",141,113,28
E01001938,2. Professional occupations,192,142,50
E01001938,3. Associate professional and technical occupations,139,58,81
E01001938,4. Administrative and secretarial occupations,70,117,-47
E01001938,5. Skilled trades occupations,32,45,-13
E01001938,"6. Caring, leisure and other service occupations",82,56,26
E01001938,7. Sales and customer service occupations,54,43,11
E01001938,"8. Process, plant and machine operatives",37,37,0
E01001938,9. Elementary occupations,55,51,4
E01001940,"1. Managers, directors and senior officials",131,85,46
E01001940,2. Professional occupations,194,181,13
E01001940,3. Associate professional and technical occupations,134,59,75
E01001940,4. Administrative and secretarial occupations,66,82,-16
E01001940,5. Skilled trades occupations,44,64,-20
E01001940,"6. Caring, leisure and other service occupations",64,61,3
E01001940,7. Sales and customer service occupations,58,75,-17
E01001940,"8. Process, plant and machine operatives",38,35,3
E01001940,9. Elementary occupations,60,75,-15
E01001941,"1. Managers, directors and senior officials",150,119,31
E01001941,2. Professional occupations,289,313,-24
E01001941,3. Associate professional and technical occupations,199,66,133
E01001941,4. Administrative and secretarial occupations,76,132,-56
E01001941,5. Skilled trades occupations,59,65,-6
E01001941,"6. Caring, leisure and other service occupations",86,70,16
E01001941,7. Sales and customer service occupations,62,79,-17
E01001941,"8. Process, plant and machine operatives",27,30,-3
E01001941,9. Elementary occupations,90,79,11
E01001942,"1. Managers, directors and senior officials",159,128,31
E01001942,2. Professional occupations,320,269,51
E01001942,3. Associate professional and technical occupations,226,67,159
E01001942,4. Administrative and secretarial occupations,87,88,-1
E01001942,5. Skilled trades occupations,91,93,-2
E01001942,"6. Caring, leisure and other service occupations",70,71,-1
E01001942,7. Sales and customer service occupations,53,70,-17
E01001942,"8. Process, plant and machine operatives",28,24,4
E01001942,9. Elementary occupations,84,115,-31
E01001943,"1. Managers, directors and senior officials",195,127,68
E01001943,2. Professional occupations,302,306,-4
E01001943,3. Associate professional and technical occupations,221,64,157
E01001943,4. Administrative and secretarial occupations,86,103,-17
E01001943,5. Skilled trades occupations,76,74,2
E01001943,"6. Caring, leisure and other service occupations",95,87,8
E01001943,7. Sales and customer service occupations,102,72,30
E01001943,"8. Process, plant and machine operatives",52,25,27
E01001943,9. Elementary occupations,97,91,6
E01001944,"1. Managers, directors and senior officials",70,58,12
E01001944,2. Professional occupations,120,96,24
E01001944,3. Associate professional and technical occupations,86,32,54
E01001944,4. Administrative and secretarial occupations,52,67,-15
E01001944,5. Skilled trades occupations,42,50,-8
E01001944,"6. Caring, leisure and other service occupations",85,82,3
E01001944,7. Sales and customer service occupations,59,82,-23
E01001944,"8. Process, plant and machine operatives",53,54,-1
E01001944,9. Elementary occupations,89,87,2
E01001945,"1. Managers, directors and senior officials",154,119,35
E01001945,2. Professional occupations,302,248,54
E01001945,3. Associate professional and technical occupations,182,82,100
E01001945,4. Administrative and secretarial occupations,75,111,-36
E01001945,5. Skilled trades occupations,59,78,-19
E01001945,"6. Caring, leisure and other service occupations",69,61,8
E01001945,7. Sales and customer service occupations,44,55,-11
E01001945,"8. Process, plant and machine operatives",15,22,-7
E01001945,9. Elementary occupations,58,70,-12
E01001946,"1. Managers, directors and senior officials",187,89,98
E01001946,2. Professional occupations,304,231,73
E01001946,3. Associate professional and technical occupations,209,62,147
E01001946,4. Administrative and secretarial occupations,86,102,-16
E01001946,5. Skilled trades occupations,47,52,-5
E01001946,"6. Caring, leisure and other service occupations",69,61,8
E01001946,7. Sales and customer service occupations,63,54,9
E01001946,"8. Process, plant and machine operatives",34,32,2
E01001946,9. Elementary occupations,86,87,-1
E01001947,"1. Managers, directors and senior officials",69,53,16
E01001947,2. Professional occupations,103,84,19
E01001947,3. Associate professional and technical occupations,95,34,61
E01001947,4. Administrative and secretarial occupations,57,80,-23
E01001947,5. Skilled trades occupations,46,54,-8
E01001947,"6. Caring, leisure and other service occupations",83,66,17
E01001947,7. Sales and customer service occupations,58,62,-4
E01001947,"8. Process, plant and machine operatives",24,38,-14
E01001947,9. Elementary occupations,81,73,8
E01001948,"1. Managers, directors and senior officials",275,249,26
E01001948,2. Professional occupations,351,326,25
E01001948,3. Associate professional and technical occupations,219,73,146
E01001948,4. Administrative and secretarial occupations,72,103,-31
E01001948,5. Skilled trades occupations,35,37,-2
E01001948,"6. Caring, leisure and other service occupations",44,58,-14
E01001948,7. Sales and customer service occupations,39,37,2
E01001948,"8. Process, plant and machine operatives",19,11,8
E01001948,9. Elementary occupations,24,26,-2
E01001949,"1. Managers, directors and senior officials",234,218,16
E01001949,2. Professional occupations,297,238,59
E01001949,3. Associate professional and technical occupations,206,60,146
E01001949,4. Administrative and secretarial occupations,57,81,-24
E01001949,5. Skilled trades occupations,11,26,-15
E01001949,"6. Caring, leisure and other service occupations",28,30,-2
E01001949,7. Sales and customer service occupations,37,28,9
E01001949,"8. Process, plant and machine operatives",9,8,1
E01001949,9. Elementary occupations,12,27,-15
E01001950,"1. Managers, directors and senior officials",232,199,33
E01001950,2. Professional occupations,302,250,52
E01001950,3. Associate professional and technical occupations,169,53,116
E01001950,4. Administrative and secretarial occupations,50,74,-24
E01001950,5. Skilled trades occupations,8,29,-21
E01001950,"6. Caring, leisure and other service occupations",29,34,-5
E01001950,7. Sales and customer service occupations,18,25,-7
E01001950,"8. Process, plant and machine operatives",9,14,-5
E01001950,9. Elementary occupations,20,19,1
E01001951,"1. Managers, directors and senior officials",199,152,47
E01001951,2. Professional occupations,262,291,-29
E01001951,3. Associate professional and technical occupations,189,49,140
E01001951,4. Administrative and secretarial occupations,55,81,-26
E01001951,5. Skilled trades occupations,29,42,-13
E01001951,"6. Caring, leisure and other service occupations",53,44,9
E01001951,7. Sales and customer service occupations,42,43,-1
E01001951,"8. Process, plant and machine operatives",20,21,-1
E01001951,9. Elementary occupations,36,44,-8
E01001952,"1. Managers, directors and senior officials",185,198,-13
E01001952,2. Professional occupations,342,330,12
E01001952,3. Associate professional and technical occupations,245,76,169
E01001952,4. Administrative and secretarial occupations,78,114,-36
E01001952,5. Skilled trades occupations,55,35,20
E01001952,"6. Caring, leisure and other service occupations",75,41,34
E01001952,7. Sales and customer service occupations,42,48,-6
E01001952,"8. Process, plant and machine operatives",23,16,7
E01001952,9. Elementary occupations,66,38,28
E01001953,"1. Managers, directors and senior officials",134,116,18
E01001953,2. Professional occupations,285,180,105
E01001953,3. Associate professional and technical occupations,164,48,116
E01001953,4. Administrative and secretarial occupations,47,75,-28
E01001953,5. Skilled trades occupations,31,42,-11
E01001953,"6. Caring, leisure and other service occupations",66,41,25
E01001953,7. Sales and customer service occupations,45,49,-4
E01001953,"8. Process, plant and machine operatives",32,14,18
E01001953,9. Elementary occupations,44,55,-11
E01001954,"1. Managers, directors and senior officials",101,98,3
E01001954,2. Professional occupations,212,174,38
E01001954,3. Associate professional and technical occupations,130,38,92
E01001954,4. Administrative and secretarial occupations,45,62,-17
E01001954,5. Skilled trades occupations,51,47,4
E01001954,"6. Caring, leisure and other service occupations",71,54,17
E01001954,7. Sales and customer service occupations,45,43,2
E01001954,"8. Process, plant and machine operatives",29,27,2
E01001954,9. Elementary occupations,48,76,-28
E01001955,"1. Managers, directors and senior officials",117,46,71
E01001955,2. Professional occupations,211,102,109
E01001955,3. Associate professional and technical occupations,149,39,110
E01001955,4. Administrative and secretarial occupations,75,83,-8
E01001955,5. Skilled trades occupations,71,67,4
E01001955,"6. Caring, leisure and other service occupations",108,70,38
E01001955,7. Sales and customer service occupations,92,76,16
E01001955,"8. Process, plant and machine operatives",46,50,-4
E01001955,9. Elementary occupations,97,91,6
E01001956,"1. Managers, directors and senior officials",119,87,32
E01001956,2. Professional occupations,158,161,-3
E01001956,3. Associate professional and technical occupations,123,52,71
E01001956,4. Administrative and secretarial occupations,68,83,-15
E01001956,5. Skilled trades occupations,60,53,7
E01001956,"6. Caring, leisure and other service occupations",67,63,4
E01001956,7. Sales and customer service occupations,44,53,-9
E01001956,"8. Process, plant and machine operatives",34,20,14
E01001956,9. Elementary occupations,61,63,-2
E01001957,"1. Managers, directors and senior officials",55,35,20
E01001957,2. Professional occupations,100,49,51
E01001957,3. Associate professional and technical occupations,69,38,31
E01001957,4. Administrative and secretarial occupations,62,69,-7
E01001957,5. Skilled trades occupations,44,68,-24
E01001957,"6. Caring, leisure and other service occupations",95,82,13
E01001957,7. Sales and customer service occupations,56,65,-9
E01001957,"8. Process, plant and machine operatives",45,49,-4
E01001957,9. Elementary occupations,98,131,-33
E01001958,"1. Managers, directors and senior officials",54,42,12
E01001958,2. Professional occupations,96,66,30
E01001958,3. Associate professional and technical occupations,96,20,76
E01001958,4. Administrative and secretarial occupations,65,63,2
E01001958,5. Skilled trades occupations,38,61,-23
E01001958,"6. Caring, leisure and other service occupations",115,111,4
E01001958,7. Sales and customer service occupations,68,70,-2
E01001958,"8. Process, plant and machine operatives",76,38,38
E01001958,9. Elementary occupations,143,131,12
E01001959,"1. Managers, directors and senior officials",80,58,22
E01001959,2. Professional occupations,167,130,37
E01001959,3. Associate professional and technical occupations,98,43,55
E01001959,4. Administrative and secretarial occupations,90,68,22
E01001959,5. Skilled trades occupations,75,48,27
E01001959,"6. Caring, leisure and other service occupations",90,58,32
E01001959,7. Sales and customer service occupations,60,73,-13
E01001959,"8. Process, plant and machine operatives",42,36,6
E01001959,9. Elementary occupations,87,86,1
E01001960,"1. Managers, directors and senior officials",178,135,43
E01001960,2. Professional occupations,308,314,-6
E01001960,3. Associate professional and technical occupations,236,86,150
E01001960,4. Administrative and secretarial occupations,83,123,-40
E01001960,5. Skilled trades occupations,66,74,-8
E01001960,"6. Caring, leisure and other service occupations",56,69,-13
E01001960,7. Sales and customer service occupations,53,45,8
E01001960,"8. Process, plant and machine operatives",29,19,10
E01001960,9. Elementary occupations,83,79,4
E01001961,"1. Managers, directors and senior officials",47,28,19
E01001961,2. Professional occupations,83,68,15
E01001961,3. Associate professional and technical occupations,76,22,54
E01001961,4. Administrative and secretarial occupations,48,52,-4
E01001961,5. Skilled trades occupations,38,55,-17
E01001961,"6. Caring, leisure and other service occupations",96,92,4
E01001961,7. Sales and customer service occupations,68,74,-6
E01001961,"8. Process, plant and machine operatives",54,45,9
E01001961,9. Elementary occupations,102,78,24
E01001962,"1. Managers, directors and senior officials",157,106,51
E01001962,2. Professional occupations,286,251,35
E01001962,3. Associate professional and technical occupations,150,71,79
E01001962,4. Administrative and secretarial occupations,49,78,-29
E01001962,5. Skilled trades occupations,46,52,-6
E01001962,"6. Caring, leisure and other service occupations",48,59,-11
E01001962,7. Sales and customer service occupations,28,29,-1
E01001962,"8. Process, plant and machine operatives",25,17,8
E01001962,9. Elementary occupations,32,43,-11
E01001963,"1. Managers, directors and senior officials",220,156,64
E01001963,2. Professional occupations,340,309,31
E01001963,3. Associate professional and technical occupations,184,70,114
E01001963,4. Administrative and secretarial occupations,48,83,-35
E01001963,5. Skilled trades occupations,45,43,2
E01001963,"6. Caring, leisure and other service occupations",39,51,-12
E01001963,7. Sales and customer service occupations,21,22,-1
E01001963,"8. Process, plant and machine operatives",10,13,-3
E01001963,9. Elementary occupations,16,29,-13
E01001964,"1. Managers, directors and senior officials",158,123,35
E01001964,2. Professional occupations,275,291,-16
E01001964,3. Associate professional and technical occupations,168,68,100
E01001964,4. Administrative and secretarial occupations,44,75,-31
E01001964,5. Skilled trades occupations,45,44,1
E01001964,"6. Caring, leisure and other service occupations",46,58,-12
E01001964,7. Sales and customer service occupations,33,34,-1
E01001964,"8. Process, plant and machine operatives",16,24,-8
E01001964,9. Elementary occupations,46,69,-23
E01001965,"1. Managers, directors and senior officials",151,135,16
E01001965,2. Professional occupations,332,325,7
E01001965,3. Associate professional and technical occupations,177,70,107
E01001965,4. Administrative and secretarial occupations,64,67,-3
E01001965,5. Skilled trades occupations,38,32,6
E01001965,"6. Caring, leisure and other service occupations",28,45,-17
E01001965,7. Sales and customer service occupations,12,30,-18
E01001965,"8. Process, plant and machine operatives",9,20,-11
E01001965,9. Elementary occupations,17,35,-18
E01001966,"1. Managers, directors and senior officials",158,115,43
E01001966,2. Professional occupations,260,281,-21
E01001966,3. Associate professional and technical occupations,143,58,85
E01001966,4. Administrative and secretarial occupations,40,64,-24
E01001966,5. Skilled trades occupations,34,46,-12
E01001966,"6. Caring, leisure and other service occupations",28,29,-1
E01001966,7. Sales and customer service occupations,17,26,-9
E01001966,"8. Process, plant and machine operatives",5,9,-4
E01001966,9. Elementary occupations,18,28,-10
E01001967,"1. Managers, directors and senior officials",192,169,23
E01001967,2. Professional occupations,280,338,-58
E01001967,3. Associate professional and technical occupations,151,72,79
E01001967,4. Administrative and secretarial occupations,33,86,-53
E01001967,5. Skilled trades occupations,23,61,-38
E01001967,"6. Caring, leisure and other service occupations",28,51,-23
E01001967,7. Sales and customer service occupations,17,34,-17
E01001967,"8. Process, plant and machine operatives",8,13,-5
E01001967,9. Elementary occupations,23,41,-18
E01001968,"1. Managers, directors and senior officials",160,109,51
E01001968,2. Professional occupations,308,255,53
E01001968,3. Associate professional and technical occupations,190,71,119
E01001968,4. Administrative and secretarial occupations,46,69,-23
E01001968,5. Skilled trades occupations,47,36,11
E01001968,"6. Caring, leisure and other service occupations",48,58,-10
E01001968,7. Sales and customer service occupations,44,37,7
E01001968,"8. Process, plant and machine operatives",24,11,13
E01001968,9. Elementary occupations,36,39,-3
E01001969,"1. Managers, directors and senior officials",125,87,38
E01001969,2. Professional occupations,215,183,32
E01001969,3. Associate professional and technical occupations,133,52,81
E01001969,4. Administrative and secretarial occupations,72,109,-37
E01001969,5. Skilled trades occupations,141,83,58
E01001969,"6. Caring, leisure and other service occupations",69,76,-7
E01001969,7. Sales and customer service occupations,68,62,6
E01001969,"8. Process, plant and machine operatives",49,39,10
E01001969,9. Elementary occupations,127,119,8
E01001970,"1. Managers, directors and senior officials",112,83,29
E01001970,2. Professional occupations,199,153,46
E01001970,3. Associate professional and technical occupations,146,51,95
E01001970,4. Administrative and secretarial occupations,83,95,-12
E01001970,5. Skilled trades occupations,111,117,-6
E01001970,"6. Caring, leisure and other service occupations",101,86,15
E01001970,7. Sales and customer service occupations,90,87,3
E01001970,"8. Process, plant and machine operatives",45,34,11
E01001970,9. Elementary occupations,126,124,2
E01001971,"1. Managers, directors and senior officials",76,43,33
E01001971,2. Professional occupations,142,118,24
E01001971,3. Associate professional and technical occupations,100,52,48
E01001971,4. Administrative and secretarial occupations,62,56,6
E01001971,5. Skilled trades occupations,94,126,-32
E01001971,"6. Caring, leisure and other service occupations",109,74,35
E01001971,7. Sales and customer service occupations,98,84,14
E01001971,"8. Process, plant and machine operatives",53,40,13
E01001971,9. Elementary occupations,120,143,-23
E01001972,"1. Managers, directors and senior officials",103,92,11
E01001972,2. Professional occupations,178,175,3
E01001972,3. Associate professional and technical occupations,142,62,80
E01001972,4. Administrative and secretarial occupations,67,87,-20
E01001972,5. Skilled trades occupations,69,72,-3
E01001972,"6. Caring, leisure and other service occupations",73,70,3
E01001972,7. Sales and customer service occupations,52,56,-4
E01001972,"8. Process, plant and machine operatives",40,32,8
E01001972,9. Elementary occupations,100,85,15
E01001973,"1. Managers, directors and senior officials",187,140,47
E01001973,2. Professional occupations,345,292,53
E01001973,3. Associate professional and technical occupations,191,96,95
E01001973,4. Administrative and secretarial occupations,83,116,-33
E01001973,5. Skilled trades occupations,121,103,18
E01001973,"6. Caring, leisure and other service occupations",93,87,6
E01001973,7. Sales and customer service occupations,77,70,7
E01001973,"8. Process, plant and machine operatives",51,34,17
E01001973,9. Elementary occupations,95,87,8
E01001974,"1. Managers, directors and senior officials",166,115,51
E01001974,2. Professional occupations,312,283,29
E01001974,3. Associate professional and technical occupations,197,69,128
E01001974,4. Administrative and secretarial occupations,86,131,-45
E01001974,5. Skilled trades occupations,145,122,23
E01001974,"6. Caring, leisure and other service occupations",100,94,6
E01001974,7. Sales and customer service occupations,59,88,-29
E01001974,"8. Process, plant and machine operatives",44,69,-25
E01001974,9. Elementary occupations,182,173,9
E01001975,"1. Managers, directors and senior officials",139,95,44
E01001975,2. Professional occupations,225,218,7
E01001975,3. Associate professional and technical occupations,135,58,77
E01001975,4. Administrative and secretarial occupations,73,102,-29
E01001975,5. Skilled trades occupations,111,114,-3
E01001975,"6. Caring, leisure and other service occupations",75,67,8
E01001975,7. Sales and customer service occupations,58,61,-3
E01001975,"8. Process, plant and machine operatives",57,47,10
E01001975,9. Elementary occupations,165,124,41
E01001976,"1. Managers, directors and senior officials",76,55,21
E01001976,2. Professional occupations,135,109,26
E01001976,3. Associate professional and technical occupations,115,43,72
E01001976,4. Administrative and secretarial occupations,68,84,-16
E01001976,5. Skilled trades occupations,109,103,6
E01001976,"6. Caring, leisure and other service occupations",85,104,-19
E01001976,7. Sales and customer service occupations,57,61,-4
E01001976,"8. Process, plant and machine operatives",75,49,26
E01001976,9. Elementary occupations,185,168,17
E01001977,"1. Managers, directors and senior officials",69,48,21
E01001977,2. Professional occupations,116,64,52
E01001977,3. Associate professional and technical occupations,101,35,66
E01001977,4. Administrative and secretarial occupations,46,55,-9
E01001977,5. Skilled trades occupations,107,84,23
E01001977,"6. Caring, leisure and other service occupations",82,72,10
E01001977,7. Sales and customer service occupations,51,60,-9
E01001977,"8. Process, plant and machine operatives",48,45,3
E01001977,9. Elementary occupations,125,124,1
E01001978,"1. Managers, directors and senior officials",70,31,39
E01001978,2. Professional occupations,105,60,45
E01001978,3. Associate professional and technical occupations,88,29,59
E01001978,4. Administrative and secretarial occupations,53,64,-11
E01001978,5. Skilled trades occupations,146,86,60
E01001978,"6. Caring, leisure and other service occupations",101,95,6
E01001978,7. Sales and customer service occupations,72,65,7
E01001978,"8. Process, plant and machine operatives",63,33,30
E01001978,9. Elementary occupations,209,130,79
E01001979,"1. Managers, directors and senior officials",93,62,31
E01001979,2. Professional occupations,205,121,84
E01001979,3. Associate professional and technical occupations,113,48,65
E01001979,4. Administrative and secretarial occupations,82,92,-10
E01001979,5. Skilled trades occupations,92,99,-7
E01001979,"6. Caring, leisure and other service occupations",124,90,34
E01001979,7. Sales and customer service occupations,85,84,1
E01001979,"8. Process, plant and machine operatives",77,50,27
E01001979,9. Elementary occupations,228,134,94
E01001980,"1. Managers, directors and senior officials",76,64,12
E01001980,2. Professional occupations,218,127,91
E01001980,3. Associate professional and technical occupations,150,45,105
E01001980,4. Administrative and secretarial occupations,60,76,-16
E01001980,5. Skilled trades occupations,98,151,-53
E01001980,"6. Caring, leisure and other service occupations",76,79,-3
E01001980,7. Sales and customer service occupations,52,76,-24
E01001980,"8. Process, plant and machine operatives",58,44,14
E01001980,9. Elementary occupations,155,169,-14
E01001981,"1. Managers, directors and senior officials",69,55,14
E01001981,2. Professional occupations,142,116,26
E01001981,3. Associate professional and technical occupations,113,35,78
E01001981,4. Administrative and secretarial occupations,60,68,-8
E01001981,5. Skilled trades occupations,121,100,21
E01001981,"6. Caring, leisure and other service occupations",116,89,27
E01001981,7. Sales and customer service occupations,60,70,-10
E01001981,"8. Process, plant and machine operatives",79,63,16
E01001981,9. Elementary occupations,237,139,98
E01001982,"1. Managers, directors and senior officials",96,57,39
E01001982,2. Professional occupations,167,135,32
E01001982,3. Associate professional and technical occupations,138,44,94
E01001982,4. Administrative and secretarial occupations,57,72,-15
E01001982,5. Skilled trades occupations,103,118,-15
E01001982,"6. Caring, leisure and other service occupations",89,89,0
E01001982,7. Sales and customer service occupations,42,54,-12
E01001982,"8. Process, plant and machine operatives",51,37,14
E01001982,9. Elementary occupations,168,188,-20
E01001983,"1. Managers, directors and senior officials",100,55,45
E01001983,2. Professional occupations,198,170,28
E01001983,3. Associate professional and technical occupations,142,50,92
E01001983,4. Administrative and secretarial occupations,56,100,-44
E01001983,5. Skilled trades occupations,71,83,-12
E01001983,"6. Caring, leisure and other service occupations",60,81,-21
E01001983,7. Sales and customer service occupations,53,54,-1
E01001983,"8. Process, plant and machine operatives",47,22,25
E01001983,9. Elementary occupations,145,116,29
E01001984,"1. Managers, directors and senior officials",167,141,26
E01001984,2. Professional occupations,368,330,38
E01001984,3. Associate professional and technical occupations,191,64,127
E01001984,4. Administrative and secretarial occupations,71,93,-22
E01001984,5. Skilled trades occupations,46,50,-4
E01001984,"6. Caring, leisure and other service occupations",74,67,7
E01001984,7. Sales and customer service occupations,37,30,7
E01001984,"8. Process, plant and machine operatives",29,13,16
E01001984,9. Elementary occupations,27,31,-4
E01001985,"1. Managers, directors and senior officials",200,172,28
E01001985,2. Professional occupations,371,357,14
E01001985,3. Associate professional and technical occupations,204,69,135
E01001985,4. Administrative and secretarial occupations,37,88,-51
E01001985,5. Skilled trades occupations,19,29,-10
E01001985,"6. Caring, leisure and other service occupations",24,32,-8
E01001985,7. Sales and customer service occupations,18,26,-8
E01001985,"8. Process, plant and machine operatives",10,9,1
E01001985,9. Elementary occupations,17,16,1
E01001986,"1. Managers, directors and senior officials",171,153,18
E01001986,2. Professional occupations,294,341,-47
E01001986,3. Associate professional and technical occupations,199,77,122
E01001986,4. Administrative and secretarial occupations,48,64,-16
E01001986,5. Skilled trades occupations,31,42,-11
E01001986,"6. Caring, leisure and other service occupations",44,38,6
E01001986,7. Sales and customer service occupations,32,27,5
E01001986,"8. Process, plant and machine operatives",7,13,-6
E01001986,9. Elementary occupations,30,36,-6
E01001987,"1. Managers, directors and senior officials",198,188,10
E01001987,2. Professional occupations,447,414,33
E01001987,3. Associate professional and technical occupations,182,59,123
E01001987,4. Administrative and secretarial occupations,48,94,-46
E01001987,5. Skilled trades occupations,31,23,8
E01001987,"6. Caring, leisure and other service occupations",28,34,-6
E01001987,7. Sales and customer service occupations,13,23,-10
E01001987,"8. Process, plant and machine operatives",6,11,-5
E01001987,9. Elementary occupations,22,33,-11
E01001988,"1. Managers, directors and senior officials",158,151,7
E01001988,2. Professional occupations,398,389,9
E01001988,3. Associate professional and technical occupations,212,85,127
E01001988,4. Administrative and secretarial occupations,57,84,-27
E01001988,5. Skilled trades occupations,59,41,18
E01001988,"6. Caring, leisure and other service occupations",32,53,-21
E01001988,7. Sales and customer service occupations,41,42,-1
E01001988,"8. Process, plant and machine operatives",5,17,-12
E01001988,9. Elementary occupations,44,26,18
E01001989,"1. Managers, directors and senior officials",196,146,50
E01001989,2. Professional occupations,371,360,11
E01001989,3. Associate professional and technical occupations,203,62,141
E01001989,4. Administrative and secretarial occupations,46,70,-24
E01001989,5. Skilled trades occupations,28,39,-11
E01001989,"6. Caring, leisure and other service occupations",41,57,-16
E01001989,7. Sales and customer service occupations,26,29,-3
E01001989,"8. Process, plant and machine operatives",7,12,-5
E01001989,9. Elementary occupations,13,23,-10
E01001990,"1. Managers, directors and senior officials",214,187,27
E01001990,2. Professional occupations,431,390,41
E01001990,3. Associate professional and technical occupations,292,114,178
E01001990,4. Administrative and secretarial occupations,81,139,-58
E01001990,5. Skilled trades occupations,78,56,22
E01001990,"6. Caring, leisure and other service occupations",80,57,23
E01001990,7. Sales and customer service occupations,40,66,-26
E01001990,"8. Process, plant and machine operatives",29,18,11
E01001990,9. Elementary occupations,58,55,3
E01001991,"1. Managers, directors and senior officials",155,130,25
E01001991,2. Professional occupations,313,329,-16
E01001991,3. Associate professional and technical occupations,199,74,125
E01001991,4. Administrative and secretarial occupations,66,106,-40
E01001991,5. Skilled trades occupations,49,36,13
E01001991,"6. Caring, leisure and other service occupations",57,43,14
E01001991,7. Sales and customer service occupations,29,34,-5
E01001991,"8. Process, plant and machine operatives",9,12,-3
E01001991,9. Elementary occupations,39,34,5
E01001992,"1. Managers, directors and senior officials",208,124,84
E01001992,2. Professional occupations,353,325,28
E01001992,3. Associate professional and technical occupations,152,57,95
E01001992,4. Administrative and secretarial occupations,49,88,-39
E01001992,5. Skilled trades occupations,20,29,-9
E01001992,"6. Caring, leisure and other service occupations",34,41,-7
E01001992,7. Sales and customer service occupations,14,28,-14
E01001992,"8. Process, plant and machine operatives",6,6,0
E01001992,9. Elementary occupations,25,27,-2
E01001993,"1. Managers, directors and senior officials",188,139,49
E01001993,2. Professional occupations,325,310,15
E01001993,3. Associate professional and technical occupations,148,41,107
E01001993,4. Administrative and secretarial occupations,46,52,-6
E01001993,5. Skilled trades occupations,24,20,4
E01001993,"6. Caring, leisure and other service occupations",25,36,-11
E01001993,7. Sales and customer service occupations,22,25,-3
E01001993,"8. Process, plant and machine operatives",7,5,2
E01001993,9. Elementary occupations,14,15,-1
E01001994,"1. Managers, directors and senior officials",211,177,34
E01001994,2. Professional occupations,315,325,-10
E01001994,3. Associate professional and technical occupations,149,52,97
E01001994,4. Administrative and secretarial occupations,76,99,-23
E01001994,5. Skilled trades occupations,55,39,16
E01001994,"6. Caring, leisure and other service occupations",37,47,-10
E01001994,7. Sales and customer service occupations,42,40,2
E01001994,"8. Process, plant and machine operatives",22,13,9
E01001994,9. Elementary occupations,42,50,-8
E01001995,"1. Managers, directors and senior officials",187,134,53
E01001995,2. Professional occupations,343,260,83
E01001995,3. Associate professional and technical occupations,231,86,145
E01001995,4. Administrative and secretarial occupations,80,113,-33
E01001995,5. Skilled trades occupations,85,74,11
E01001995,"6. Caring, leisure and other service occupations",95,86,9
E01001995,7. Sales and customer service occupations,77,64,13
E01001995,"8. Process, plant and machine operatives",63,47,16
E01001995,9. Elementary occupations,96,77,19
E01001996,"1. Managers, directors and senior officials",147,133,14
E01001996,2. Professional occupations,251,273,-22
E01001996,3. Associate professional and technical occupations,163,71,92
E01001996,4. Administrative and secretarial occupations,58,81,-23
E01001996,5. Skilled trades occupations,36,42,-6
E01001996,"6. Caring, leisure and other service occupations",44,53,-9
E01001996,7. Sales and customer service occupations,29,29,0
E01001996,"8. Process, plant and machine operatives",20,19,1
E01001996,9. Elementary occupations,25,42,-17
E01001997,"1. Managers, directors and senior officials",186,124,62
E01001997,2. Professional occupations,288,289,-1
E01001997,3. Associate professional and technical occupations,223,74,149
E01001997,4. Administrative and secretarial occupations,69,114,-45
E01001997,5. Skilled trades occupations,45,41,4
E01001997,"6. Caring, leisure and other service occupations",44,59,-15
E01001997,7. Sales and customer service occupations,49,29,20
E01001997,"8. Process, plant and machine operatives",24,13,11
E01001997,9. Elementary occupations,59,43,16
E01001998,"1. Managers, directors and senior officials",156,123,33
E01001998,2. Professional occupations,353,352,1
E01001998,3. Associate professional and technical occupations,235,71,164
E01001998,4. Administrative and secretarial occupations,72,113,-41
E01001998,5. Skilled trades occupations,95,98,-3
E01001998,"6. Caring, leisure and other service occupations",81,77,4
E01001998,7. Sales and customer service occupations,66,90,-24
E01001998,"8. Process, plant and machine operatives",26,34,-8
E01001998,9. Elementary occupations,101,119,-18
E01001999,"1. Managers, directors and senior officials",171,118,53
E01001999,2. Professional occupations,355,277,78
E01001999,3. Associate professional and technical occupations,223,64,159
E01001999,4. Administrative and secretarial occupations,75,106,-31
E01001999,5. Skilled trades occupations,112,96,16
E01001999,"6. Caring, leisure and other service occupations",104,68,36
E01001999,7. Sales and customer service occupations,90,79,11
E01001999,"8. Process, plant and machine operatives",47,25,22
E01001999,9. Elementary occupations,160,161,-1
E01002000,"1. Managers, directors and senior officials",163,103,60
E01002000,2. Professional occupations,324,237,87
E01002000,3. Associate professional and technical occupations,198,78,120
E01002000,4. Administrative and secretarial occupations,71,87,-16
E01002000,5. Skilled trades occupations,83,76,7
E01002000,"6. Caring, leisure and other service occupations",61,72,-11
E01002000,7. Sales and customer service occupations,50,50,0
E01002000,"8. Process, plant and machine operatives",32,29,3
E01002000,9. Elementary occupations,90,102,-12
E01002001,"1. Managers, directors and senior officials",155,108,47
E01002001,2. Professional occupations,346,277,69
E01002001,3. Associate professional and technical occupations,218,68,150
E01002001,4. Administrative and secretarial occupations,66,82,-16
E01002001,5. Skilled trades occupations,69,68,1
E01002001,"6. Caring, leisure and other service occupations",41,65,-24
E01002001,7. Sales and customer service occupations,38,63,-25
E01002001,"8. Process, plant and machine operatives",20,19,1
E01002001,9. Elementary occupations,82,100,-18
E01002002,"1. Managers, directors and senior officials",116,115,1
E01002002,2. Professional occupations,285,251,34
E01002002,3. Associate professional and technical occupations,221,69,152
E01002002,4. Administrative and secretarial occupations,57,97,-40
E01002002,5. Skilled trades occupations,77,78,-1
E01002002,"6. Caring, leisure and other service occupations",73,67,6
E01002002,7. Sales and customer service occupations,35,67,-32
E01002002,"8. Process, plant and machine operatives",34,25,9
E01002002,9. Elementary occupations,104,131,-27
E01002003,"1. Managers, directors and senior officials",130,81,49
E01002003,2. Professional occupations,273,166,107
E01002003,3. Associate professional and technical occupations,244,61,183
E01002003,4. Administrative and secretarial occupations,96,86,10
E01002003,5. Skilled trades occupations,155,124,31
E01002003,"6. Caring, leisure and other service occupations",122,108,14
E01002003,7. Sales and customer service occupations,111,90,21
E01002003,"8. Process, plant and machine operatives",54,41,13
E01002003,9. Elementary occupations,231,176,55
E01002004,"1. Managers, directors and senior officials",140,101,39
E01002004,2. Professional occupations,307,250,57
E01002004,3. Associate professional and technical occupations,191,79,112
E01002004,4. Administrative and secretarial occupations,77,95,-18
E01002004,5. Skilled trades occupations,75,68,7
E01002004,"6. Caring, leisure and other service occupations",66,71,-5
E01002004,7. Sales and customer service occupations,72,66,6
E01002004,"8. Process, plant and machine operatives",33,26,7
E01002004,9. Elementary occupations,94,116,-22
E01002005,"1. Managers, directors and senior officials",208,153,55
E01002005,2. Professional occupations,390,437,-47
E01002005,3. Associate professional and technical occupations,234,99,135
E01002005,4. Administrative and secretarial occupations,68,106,-38
E01002005,5. Skilled trades occupations,30,52,-22
E01002005,"6. Caring, leisure and other service occupations",27,34,-7
E01002005,7. Sales and customer service occupations,26,50,-24
E01002005,"8. Process, plant and machine operatives",8,13,-5
E01002005,9. Elementary occupations,42,64,-22
E01002006,"1. Managers, directors and senior officials",180,144,36
E01002006,2. Professional occupations,424,402,22
E01002006,3. Associate professional and technical occupations,208,62,146
E01002006,4. Administrative and secretarial occupations,50,90,-40
E01002006,5. Skilled trades occupations,39,44,-5
E01002006,"6. Caring, leisure and other service occupations",36,32,4
E01002006,7. Sales and customer service occupations,12,43,-31
E01002006,"8. Process, plant and machine operatives",11,13,-2
E01002006,9. Elementary occupations,34,28,6
E01002007,"1. Managers, directors and senior officials",175,126,49
E01002007,2. Professional occupations,306,381,-75
E01002007,3. Associate professional and technical occupations,174,72,102
E01002007,4. Administrative and secretarial occupations,51,71,-20
E01002007,5. Skilled trades occupations,15,27,-12
E01002007,"6. Caring, leisure and other service occupations",29,32,-3
E01002007,7. Sales and customer service occupations,28,20,8
E01002007,"8. Process, plant and machine operatives",13,7,6
E01002007,9. Elementary occupations,18,32,-14
E01002008,"1. Managers, directors and senior officials",189,179,10
E01002008,2. Professional occupations,191,230,-39
E01002008,3. Associate professional and technical occupations,103,38,65
E01002008,4. Administrative and secretarial occupations,33,61,-28
E01002008,5. Skilled trades occupations,22,27,-5
E01002008,"6. Caring, leisure and other service occupations",22,50,-28
E01002008,7. Sales and customer service occupations,11,12,-1
E01002008,"8. Process, plant and machine operatives",5,6,-1
E01002008,9. Elementary occupations,16,19,-3
E01002009,"1. Managers, directors and senior officials",163,162,1
E01002009,2. Professional occupations,309,332,-23
E01002009,3. Associate professional and technical occupations,207,55,152
E01002009,4. Administrative and secretarial occupations,48,69,-21
E01002009,5. Skilled trades occupations,24,28,-4
E01002009,"6. Caring, leisure and other service occupations",24,39,-15
E01002009,7. Sales and customer service occupations,26,43,-17
E01002009,"8. Process, plant and machine operatives",8,6,2
E01002009,9. Elementary occupations,20,47,-27
E01002010,"1. Managers, directors and senior officials",184,143,41
E01002010,2. Professional occupations,274,273,1
E01002010,3. Associate professional and technical occupations,133,55,78
E01002010,4. Administrative and secretarial occupations,46,76,-30
E01002010,5. Skilled trades occupations,26,34,-8
E01002010,"6. Caring, leisure and other service occupations",34,45,-11
E01002010,7. Sales and customer service occupations,28,27,1
E01002010,"8. Process, plant and machine operatives",17,19,-2
E01002010,9. Elementary occupations,25,33,-8
E01002011,"1. Managers, directors and senior officials",179,132,47
E01002011,2. Professional occupations,367,371,-4
E01002011,3. Associate professional and technical occupations,201,47,154
E01002011,4. Administrative and secretarial occupations,53,87,-34
E01002011,5. Skilled trades occupations,45,55,-10
E01002011,"6. Caring, leisure and other service occupations",56,49,7
E01002011,7. Sales and customer service occupations,33,35,-2
E01002011,"8. Process, plant and machine operatives",20,17,3
E01002011,9. Elementary occupations,33,45,-12
E01002013,"1. Managers, directors and senior officials",151,125,26
E01002013,2. Professional occupations,300,336,-36
E01002013,3. Associate professional and technical occupations,162,73,89
E01002013,4. Administrative and secretarial occupations,37,79,-42
E01002013,5. Skilled trades occupations,24,38,-14
E01002013,"6. Caring, leisure and other service occupations",35,52,-17
E01002013,7. Sales and customer service occupations,23,43,-20
E01002013,"8. Process, plant and machine operatives",7,25,-18
E01002013,9. Elementary occupations,27,29,-2
E01002014,"1. Managers, directors and senior officials",176,118,58
E01002014,2. Professional occupations,322,332,-10
E01002014,3. Associate professional and technical occupations,227,62,165
E01002014,4. Administrative and secretarial occupations,73,82,-9
E01002014,5. Skilled trades occupations,62,52,10
E01002014,"6. Caring, leisure and other service occupations",55,69,-14
E01002014,7. Sales and customer service occupations,52,52,0
E01002014,"8. Process, plant and machine operatives",25,15,10
E01002014,9. Elementary occupations,58,50,8
E01002015,"1. Managers, directors and senior officials",89,66,23
E01002015,2. Professional occupations,214,146,68
E01002015,3. Associate professional and technical occupations,148,42,106
E01002015,4. Administrative and secretarial occupations,42,59,-17
E01002015,5. Skilled trades occupations,36,27,9
E01002015,"6. Caring, leisure and other service occupations",40,47,-7
E01002015,7. Sales and customer service occupations,39,27,12
E01002015,"8. Process, plant and machine operatives",24,25,-1
E01002015,9. Elementary occupations,50,42,8
E01002016,"1. Managers, directors and senior officials",180,130,50
E01002016,2. Professional occupations,355,335,20
E01002016,3. Associate professional and technical occupations,224,93,131
E01002016,4. Administrative and secretarial occupations,85,122,-37
E01002016,5. Skilled trades occupations,53,48,5
E01002016,"6. Caring, leisure and other service occupations",65,60,5
E01002016,7. Sales and customer service occupations,60,63,-3
E01002016,"8. Process, plant and machine operatives",21,25,-4
E01002016,9. Elementary occupations,65,49,16
E01002017,"1. Managers, directors and senior officials",157,121,36
E01002017,2. Professional occupations,306,296,10
E01002017,3. Associate professional and technical occupations,216,81,135
E01002017,4. Administrative and secretarial occupations,44,105,-61
E01002017,5. Skilled trades occupations,43,29,14
E01002017,"6. Caring, leisure and other service occupations",43,55,-12
E01002017,7. Sales and customer service occupations,29,63,-34
E01002017,"8. Process, plant and machine operatives",13,22,-9
E01002017,9. Elementary occupations,40,79,-39
E01002018,"1. Managers, directors and senior officials",107,87,20
E01002018,2. Professional occupations,236,197,39
E01002018,3. Associate professional and technical occupations,154,56,98
E01002018,4. Administrative and secretarial occupations,43,57,-14
E01002018,5. Skilled trades occupations,33,34,-1
E01002018,"6. Caring, leisure and other service occupations",38,51,-13
E01002018,7. Sales and customer service occupations,20,31,-11
E01002018,"8. Process, plant and machine operatives",13,21,-8
E01002018,9. Elementary occupations,35,34,1
E01002019,"1. Managers, directors and senior officials",167,134,33
E01002019,2. Professional occupations,258,241,17
E01002019,3. Associate professional and technical occupations,151,52,99
E01002019,4. Administrative and secretarial occupations,33,71,-38
E01002019,5. Skilled trades occupations,24,33,-9
E01002019,"6. Caring, leisure and other service occupations",11,32,-21
E01002019,7. Sales and customer service occupations,25,21,4
E01002019,"8. Process, plant and machine operatives",5,2,3
E01002019,9. Elementary occupations,22,22,0
E01002020,"1. Managers, directors and senior officials",149,124,25
E01002020,2. Professional occupations,303,277,26
E01002020,3. Associate professional and technical occupations,187,67,120
E01002020,4. Administrative and secretarial occupations,58,86,-28
E01002020,5. Skilled trades occupations,36,34,2
E01002020,"6. Caring, leisure and other service occupations",34,68,-34
E01002020,7. Sales and customer service occupations,49,41,8
E01002020,"8. Process, plant and machine operatives",19,19,0
E01002020,9. Elementary occupations,50,44,6
E01002021,"1. Managers, directors and senior officials",175,143,32
E01002021,2. Professional occupations,242,284,-42
E01002021,3. Associate professional and technical occupations,147,64,83
E01002021,4. Administrative and secretarial occupations,46,70,-24
E01002021,5. Skilled trades occupations,22,28,-6
E01002021,"6. Caring, leisure and other service occupations",27,27,0
E01002021,7. Sales and customer service occupations,25,25,0
E01002021,"8. Process, plant and machine operatives",4,8,-4
E01002021,9. Elementary occupations,21,16,5
E01002022,"1. Managers, directors and senior officials",222,168,54
E01002022,2. Professional occupations,388,392,-4
E01002022,3. Associate professional and technical occupations,268,108,160
E01002022,4. Administrative and secretarial occupations,81,112,-31
E01002022,5. Skilled trades occupations,64,73,-9
E01002022,"6. Caring, leisure and other service occupations",50,62,-12
E01002022,7. Sales and customer service occupations,44,49,-5
E01002022,"8. Process, plant and machine operatives",11,11,0
E01002022,9. Elementary occupations,45,52,-7
E01002023,"1. Managers, directors and senior officials",163,134,29
E01002023,2. Professional occupations,249,301,-52
E01002023,3. Associate professional and technical occupations,145,54,91
E01002023,4. Administrative and secretarial occupations,29,68,-39
E01002023,5. Skilled trades occupations,19,17,2
E01002023,"6. Caring, leisure and other service occupations",16,30,-14
E01002023,7. Sales and customer service occupations,25,20,5
E01002023,"8. Process, plant and machine operatives",10,6,4
E01002023,9. Elementary occupations,17,23,-6
E01002024,"1. Managers, directors and senior officials",117,96,21
E01002024,2. Professional occupations,229,223,6
E01002024,3. Associate professional and technical occupations,164,51,113
E01002024,4. Administrative and secretarial occupations,31,46,-15
E01002024,5. Skilled trades occupations,24,32,-8
E01002024,"6. Caring, leisure and other service occupations",35,38,-3
E01002024,7. Sales and customer service occupations,23,16,7
E01002024,"8. Process, plant and machine operatives",12,18,-6
E01002024,9. Elementary occupations,26,32,-6
E01002025,"1. Managers, directors and senior officials",202,158,44
E01002025,2. Professional occupations,294,335,-41
E01002025,3. Associate professional and technical occupations,168,68,100
E01002025,4. Administrative and secretarial occupations,40,65,-25
E01002025,5. Skilled trades occupations,27,21,6
E01002025,"6. Caring, leisure and other service occupations",27,28,-1
E01002025,7. Sales and customer service occupations,19,29,-10
E01002025,"8. Process, plant and machine operatives",4,8,-4
E01002025,9. Elementary occupations,17,27,-10
E01002026,"1. Managers, directors and senior officials",55,52,3
E01002026,2. Professional occupations,109,84,25
E01002026,3. Associate professional and technical occupations,81,30,51
E01002026,4. Administrative and secretarial occupations,51,56,-5
E01002026,5. Skilled trades occupations,87,53,34
E01002026,"6. Caring, leisure and other service occupations",97,68,29
E01002026,7. Sales and customer service occupations,86,88,-2
E01002026,"8. Process, plant and machine operatives",69,44,25
E01002026,9. Elementary occupations,132,97,35
E01002027,"1. Managers, directors and senior officials",82,59,23
E01002027,2. Professional occupations,145,139,6
E01002027,3. Associate professional and technical occupations,81,40,41
E01002027,4. Administrative and secretarial occupations,52,69,-17
E01002027,5. Skilled trades occupations,90,75,15
E01002027,"6. Caring, leisure and other service occupations",62,60,2
E01002027,7. Sales and customer service occupations,58,83,-25
E01002027,"8. Process, plant and machine operatives",46,36,10
E01002027,9. Elementary occupations,124,110,14
E01002028,"1. Managers, directors and senior officials",87,64,23
E01002028,2. Professional occupations,183,164,19
E01002028,3. Associate professional and technical occupations,160,52,108
E01002028,4. Administrative and secretarial occupations,49,104,-55
E01002028,5. Skilled trades occupations,94,87,7
E01002028,"6. Caring, leisure and other service occupations",94,79,15
E01002028,7. Sales and customer service occupations,70,87,-17
E01002028,"8. Process, plant and machine operatives",39,52,-13
E01002028,9. Elementary occupations,105,120,-15
E01002029,"1. Managers, directors and senior officials",110,66,44
E01002029,2. Professional occupations,194,157,37
E01002029,3. Associate professional and technical occupations,108,53,55
E01002029,4. Administrative and secretarial occupations,78,75,3
E01002029,5. Skilled trades occupations,92,67,25
E01002029,"6. Caring, leisure and other service occupations",96,69,27
E01002029,7. Sales and customer service occupations,73,73,0
E01002029,"8. Process, plant and machine operatives",99,35,64
E01002029,9. Elementary occupations,233,124,109
E01002030,"1. Managers, directors and senior officials",84,85,-1
E01002030,2. Professional occupations,206,216,-10
E01002030,3. Associate professional and technical occupations,149,46,103
E01002030,4. Administrative and secretarial occupations,76,89,-13
E01002030,5. Skilled trades occupations,100,87,13
E01002030,"6. Caring, leisure and other service occupations",53,53,0
E01002030,7. Sales and customer service occupations,48,54,-6
E01002030,"8. Process, plant and machine operatives",42,29,13
E01002030,9. Elementary occupations,117,104,13
E01002031,"1. Managers, directors and senior officials",118,95,23
E01002031,2. Professional occupations,194,151,43
E01002031,3. Associate professional and technical occupations,178,66,112
E01002031,4. Administrative and secretarial occupations,74,87,-13
E01002031,5. Skilled trades occupations,120,116,4
E01002031,"6. Caring, leisure and other service occupations",87,76,11
E01002031,7. Sales and customer service occupations,76,104,-28
E01002031,"8. Process, plant and machine operatives",45,30,15
E01002031,9. Elementary occupations,160,166,-6
E01002032,"1. Managers, directors and senior officials",65,65,0
E01002032,2. Professional occupations,160,117,43
E01002032,3. Associate professional and technical occupations,95,45,50
E01002032,4. Administrative and secretarial occupations,56,77,-21
E01002032,5. Skilled trades occupations,125,96,29
E01002032,"6. Caring, leisure and other service occupations",82,86,-4
E01002032,7. Sales and customer service occupations,97,78,19
E01002032,"8. Process, plant and machine operatives",84,42,42
E01002032,9. Elementary occupations,160,139,21
E01002033,"1. Managers, directors and senior officials",90,77,13
E01002033,2. Professional occupations,155,106,49
E01002033,3. Associate professional and technical occupations,95,40,55
E01002033,4. Administrative and secretarial occupations,75,69,6
E01002033,5. Skilled trades occupations,93,91,2
E01002033,"6. Caring, leisure and other service occupations",82,85,-3
E01002033,7. Sales and customer service occupations,74,80,-6
E01002033,"8. Process, plant and machine operatives",46,56,-10
E01002033,9. Elementary occupations,161,139,22
E01002034,"1. Managers, directors and senior officials",95,43,52
E01002034,2. Professional occupations,151,61,90
E01002034,3. Associate professional and technical occupations,100,31,69
E01002034,4. Administrative and secretarial occupations,70,64,6
E01002034,5. Skilled trades occupations,90,72,18
E01002034,"6. Caring, leisure and other service occupations",128,80,48
E01002034,7. Sales and customer service occupations,77,60,17
E01002034,"8. Process, plant and machine operatives",82,59,23
E01002034,9. Elementary occupations,219,140,79
E01002036,"1. Managers, directors and senior officials",48,38,10
E01002036,2. Professional occupations,76,62,14
E01002036,3. Associate professional and technical occupations,58,25,33
E01002036,4. Administrative and secretarial occupations,46,57,-11
E01002036,5. Skilled trades occupations,88,75,13
E01002036,"6. Caring, leisure and other service occupations",93,63,30
E01002036,7. Sales and customer service occupations,55,54,1
E01002036,"8. Process, plant and machine operatives",54,38,16
E01002036,9. Elementary occupations,196,129,67
E01002037,"1. Managers, directors and senior officials",28,40,-12
E01002037,2. Professional occupations,85,71,14
E01002037,3. Associate professional and technical occupations,55,29,26
E01002037,4. Administrative and secretarial occupations,52,60,-8
E01002037,5. Skilled trades occupations,83,68,15
E01002037,"6. Caring, leisure and other service occupations",105,76,29
E01002037,7. Sales and customer service occupations,66,56,10
E01002037,"8. Process, plant and machine operatives",64,58,6
E01002037,9. Elementary occupations,145,129,16
E01002038,"1. Managers, directors and senior officials",43,28,15
E01002038,2. Professional occupations,90,71,19
E01002038,3. Associate professional and technical occupations,74,20,54
E01002038,4. Administrative and secretarial occupations,35,38,-3
E01002038,5. Skilled trades occupations,91,75,16
E01002038,"6. Caring, leisure and other service occupations",91,66,25
E01002038,7. Sales and customer service occupations,57,61,-4
E01002038,"8. Process, plant and machine operatives",58,37,21
E01002038,9. Elementary occupations,181,143,38
E01002039,"1. Managers, directors and senior officials",34,18,16
E01002039,2. Professional occupations,77,46,31
E01002039,3. Associate professional and technical occupations,49,21,28
E01002039,4. Administrative and secretarial occupations,45,41,4
E01002039,5. Skilled trades occupations,59,54,5
E01002039,"6. Caring, leisure and other service occupations",81,61,20
E01002039,7. Sales and customer service occupations,72,65,7
E01002039,"8. Process, plant and machine operatives",48,39,9
E01002039,9. Elementary occupations,122,106,16
E01002040,"1. Managers, directors and senior officials",57,35,22
E01002040,2. Professional occupations,112,102,10
E01002040,3. Associate professional and technical occupations,90,29,61
E01002040,4. Administrative and secretarial occupations,56,86,-30
E01002040,5. Skilled trades occupations,129,108,21
E01002040,"6. Caring, leisure and other service occupations",115,93,22
E01002040,7. Sales and customer service occupations,89,71,18
E01002040,"8. Process, plant and machine operatives",101,63,38
E01002040,9. Elementary occupations,241,181,60
E01002041,"1. Managers, directors and senior officials",63,42,21
E01002041,2. Professional occupations,137,106,31
E01002041,3. Associate professional and technical occupations,85,34,51
E01002041,4. Administrative and secretarial occupations,44,64,-20
E01002041,5. Skilled trades occupations,88,76,12
E01002041,"6. Caring, leisure and other service occupations",103,59,44
E01002041,7. Sales and customer service occupations,55,63,-8
E01002041,"8. Process, plant and machine operatives",58,38,20
E01002041,9. Elementary occupations,174,144,30
E01002042,"1. Managers, directors and senior officials",131,69,62
E01002042,2. Professional occupations,209,130,79
E01002042,3. Associate professional and technical occupations,170,43,127
E01002042,4. Administrative and secretarial occupations,55,66,-11
E01002042,5. Skilled trades occupations,55,94,-39
E01002042,"6. Caring, leisure and other service occupations",47,59,-12
E01002042,7. Sales and customer service occupations,49,70,-21
E01002042,"8. Process, plant and machine operatives",30,29,1
E01002042,9. Elementary occupations,110,156,-46
E01002043,"1. Managers, directors and senior officials",108,83,25
E01002043,2. Professional occupations,183,140,43
E01002043,3. Associate professional and technical occupations,143,43,100
E01002043,4. Administrative and secretarial occupations,82,79,3
E01002043,5. Skilled trades occupations,98,106,-8
E01002043,"6. Caring, leisure and other service occupations",75,79,-4
E01002043,7. Sales and customer service occupations,64,97,-33
E01002043,"8. Process, plant and machine operatives",57,51,6
E01002043,9. Elementary occupations,148,195,-47
E01002044,"1. Managers, directors and senior officials",99,86,13
E01002044,2. Professional occupations,204,190,14
E01002044,3. Associate professional and technical occupations,166,53,113
E01002044,4. Administrative and secretarial occupations,58,111,-53
E01002044,5. Skilled trades occupations,93,92,1
E01002044,"6. Caring, leisure and other service occupations",65,70,-5
E01002044,7. Sales and customer service occupations,73,80,-7
E01002044,"8. Process, plant and machine operatives",51,33,18
E01002044,9. Elementary occupations,185,154,31
E01002045,"1. Managers, directors and senior officials",82,84,-2
E01002045,2. Professional occupations,184,148,36
E01002045,3. Associate professional and technical occupations,120,66,54
E01002045,4. Administrative and secretarial occupations,72,86,-14
E01002045,5. Skilled trades occupations,80,114,-34
E01002045,"6. Caring, leisure and other service occupations",97,90,7
E01002045,7. Sales and customer service occupations,76,86,-10
E01002045,"8. Process, plant and machine operatives",54,52,2
E01002045,9. Elementary occupations,174,143,31
E01002046,"1. Managers, directors and senior officials",45,42,3
E01002046,2. Professional occupations,144,118,26
E01002046,3. Associate professional and technical occupations,111,38,73
E01002046,4. Administrative and secretarial occupations,61,78,-17
E01002046,5. Skilled trades occupations,77,88,-11
E01002046,"6. Caring, leisure and other service occupations",82,69,13
E01002046,7. Sales and customer service occupations,43,49,-6
E01002046,"8. Process, plant and machine operatives",38,40,-2
E01002046,9. Elementary occupations,153,144,9
E01002047,"1. Managers, directors and senior officials",120,82,38
E01002047,2. Professional occupations,293,206,87
E01002047,3. Associate professional and technical occupations,180,57,123
E01002047,4. Administrative and secretarial occupations,46,92,-46
E01002047,5. Skilled trades occupations,101,68,33
E01002047,"6. Caring, leisure and other service occupations",73,52,21
E01002047,7. Sales and customer service occupations,48,89,-41
E01002047,"8. Process, plant and machine operatives",32,17,15
E01002047,9. Elementary occupations,141,168,-27
E01002048,"1. Managers, directors and senior officials",118,71,47
E01002048,2. Professional occupations,213,183,30
E01002048,3. Associate professional and technical occupations,150,71,79
E01002048,4. Administrative and secretarial occupations,84,105,-21
E01002048,5. Skilled trades occupations,108,108,0
E01002048,"6. Caring, leisure and other service occupations",80,66,14
E01002048,7. Sales and customer service occupations,77,77,0
E01002048,"8. Process, plant and machine operatives",64,44,20
E01002048,9. Elementary occupations,149,140,9
E01002049,"1. Managers, directors and senior officials",100,59,41
E01002049,2. Professional occupations,173,141,32
E01002049,3. Associate professional and technical occupations,101,45,56
E01002049,4. Administrative and secretarial occupations,56,86,-30
E01002049,5. Skilled trades occupations,127,82,45
E01002049,"6. Caring, leisure and other service occupations",78,65,13
E01002049,7. Sales and customer service occupations,54,75,-21
E01002049,"8. Process, plant and machine operatives",63,52,11
E01002049,9. Elementary occupations,144,126,18
E01002050,"1. Managers, directors and senior officials",102,60,42
E01002050,2. Professional occupations,129,104,25
E01002050,3. Associate professional and technical occupations,77,27,50
E01002050,4. Administrative and secretarial occupations,139,98,41
E01002050,5. Skilled trades occupations,46,65,-19
E01002050,"6. Caring, leisure and other service occupations",68,59,9
E01002050,7. Sales and customer service occupations,41,48,-7
E01002050,"8. Process, plant and machine operatives",34,43,-9
E01002050,9. Elementary occupations,79,108,-29
E01002051,"1. Managers, directors and senior officials",56,45,11
E01002051,2. Professional occupations,140,100,40
E01002051,3. Associate professional and technical occupations,86,41,45
E01002051,4. Administrative and secretarial occupations,78,61,17
E01002051,5. Skilled trades occupations,85,113,-28
E01002051,"6. Caring, leisure and other service occupations",72,77,-5
E01002051,7. Sales and customer service occupations,78,54,24
E01002051,"8. Process, plant and machine operatives",36,49,-13
E01002051,9. Elementary occupations,199,205,-6
E01002052,"1. Managers, directors and senior officials",112,75,37
E01002052,2. Professional occupations,169,111,58
E01002052,3. Associate professional and technical occupations,64,26,38
E01002052,4. Administrative and secretarial occupations,159,117,42
E01002052,5. Skilled trades occupations,49,65,-16
E01002052,"6. Caring, leisure and other service occupations",68,47,21
E01002052,7. Sales and customer service occupations,58,56,2
E01002052,"8. Process, plant and machine operatives",39,30,9
E01002052,9. Elementary occupations,104,77,27
E01002053,"1. Managers, directors and senior officials",86,47,39
E01002053,2. Professional occupations,154,98,56
E01002053,3. Associate professional and technical occupations,106,38,68
E01002053,4. Administrative and secretarial occupations,71,83,-12
E01002053,5. Skilled trades occupations,66,92,-26
E01002053,"6. Caring, leisure and other service occupations",102,76,26
E01002053,7. Sales and customer service occupations,72,77,-5
E01002053,"8. Process, plant and machine operatives",62,42,20
E01002053,9. Elementary occupations,160,120,40
E01002054,"1. Managers, directors and senior officials",49,71,-22
E01002054,2. Professional occupations,99,122,-23
E01002054,3. Associate professional and technical occupations,71,24,47
E01002054,4. Administrative and secretarial occupations,57,69,-12
E01002054,5. Skilled trades occupations,75,106,-31
E01002054,"6. Caring, leisure and other service occupations",119,88,31
E01002054,7. Sales and customer service occupations,53,82,-29
E01002054,"8. Process, plant and machine operatives",46,51,-5
E01002054,9. Elementary occupations,133,167,-34
E01002055,"1. Managers, directors and senior officials",82,57,25
E01002055,2. Professional occupations,143,100,43
E01002055,3. Associate professional and technical occupations,70,28,42
E01002055,4. Administrative and secretarial occupations,132,81,51
E01002055,5. Skilled trades occupations,64,83,-19
E01002055,"6. Caring, leisure and other service occupations",75,58,17
E01002055,7. Sales and customer service occupations,45,42,3
E01002055,"8. Process, plant and machine operatives",44,30,14
E01002055,9. Elementary occupations,104,100,4
E01002056,"1. Managers, directors and senior officials",153,53,100
E01002056,2. Professional occupations,409,140,269
E01002056,3. Associate professional and technical occupations,282,38,244
E01002056,4. Administrative and secretarial occupations,75,61,14
E01002056,5. Skilled trades occupations,167,95,72
E01002056,"6. Caring, leisure and other service occupations",143,56,87
E01002056,7. Sales and customer service occupations,122,48,74
E01002056,"8. Process, plant and machine operatives",75,42,33
E01002056,9. Elementary occupations,232,144,88
E01002057,"1. Managers, directors and senior officials",121,67,54
E01002057,2. Professional occupations,245,152,93
E01002057,3. Associate professional and technical occupations,191,44,147
E01002057,4. Administrative and secretarial occupations,59,75,-16
E01002057,5. Skilled trades occupations,89,67,22
E01002057,"6. Caring, leisure and other service occupations",70,44,26
E01002057,7. Sales and customer service occupations,84,68,16
E01002057,"8. Process, plant and machine operatives",38,35,3
E01002057,9. Elementary occupations,123,109,14
E01002058,"1. Managers, directors and senior officials",95,73,22
E01002058,2. Professional occupations,246,210,36
E01002058,3. Associate professional and technical occupations,156,70,86
E01002058,4. Administrative and secretarial occupations,59,76,-17
E01002058,5. Skilled trades occupations,63,84,-21
E01002058,"6. Caring, leisure and other service occupations",54,66,-12
E01002058,7. Sales and customer service occupations,68,63,5
E01002058,"8. Process, plant and machine operatives",26,44,-18
E01002058,9. Elementary occupations,132,129,3
E01002059,"1. Managers, directors and senior officials",143,112,31
E01002059,2. Professional occupations,270,222,48
E01002059,3. Associate professional and technical occupations,188,66,122
E01002059,4. Administrative and secretarial occupations,35,69,-34
E01002059,5. Skilled trades occupations,33,43,-10
E01002059,"6. Caring, leisure and other service occupations",55,63,-8
E01002059,7. Sales and customer service occupations,34,39,-5
E01002059,"8. Process, plant and machine operatives",25,15,10
E01002059,9. Elementary occupations,34,50,-16
E01002060,"1. Managers, directors and senior officials",193,153,40
E01002060,2. Professional occupations,385,384,1
E01002060,3. Associate professional and technical occupations,242,84,158
E01002060,4. Administrative and secretarial occupations,49,98,-49
E01002060,5. Skilled trades occupations,44,33,11
E01002060,"6. Caring, leisure and other service occupations",49,55,-6
E01002060,7. Sales and customer service occupations,29,38,-9
E01002060,"8. Process, plant and machine operatives",10,13,-3
E01002060,9. Elementary occupations,28,36,-8
E01002061,"1. Managers, directors and senior officials",139,124,15
E01002061,2. Professional occupations,431,386,45
E01002061,3. Associate professional and technical occupations,241,104,137
E01002061,4. Administrative and secretarial occupations,57,86,-29
E01002061,5. Skilled trades occupations,34,42,-8
E01002061,"6. Caring, leisure and other service occupations",31,33,-2
E01002061,7. Sales and customer service occupations,38,39,-1
E01002061,"8. Process, plant and machine operatives",12,11,1
E01002061,9. Elementary occupations,42,31,11
E01002062,"1. Managers, directors and senior officials",181,131,50
E01002062,2. Professional occupations,414,400,14
E01002062,3. Associate professional and technical occupations,248,103,145
E01002062,4. Administrative and secretarial occupations,71,99,-28
E01002062,5. Skilled trades occupations,34,56,-22
E01002062,"6. Caring, leisure and other service occupations",58,47,11
E01002062,7. Sales and customer service occupations,47,50,-3
E01002062,"8. Process, plant and machine operatives",23,14,9
E01002062,9. Elementary occupations,37,55,-18
E01002063,"1. Managers, directors and senior officials",136,106,30
E01002063,2. Professional occupations,315,312,3
E01002063,3. Associate professional and technical occupations,194,74,120
E01002063,4. Administrative and secretarial occupations,55,88,-33
E01002063,5. Skilled trades occupations,42,40,2
E01002063,"6. Caring, leisure and other service occupations",42,42,0
E01002063,7. Sales and customer service occupations,33,45,-12
E01002063,"8. Process, plant and machine operatives",14,22,-8
E01002063,9. Elementary occupations,49,64,-15
E01002064,"1. Managers, directors and senior officials",94,66,28
E01002064,2. Professional occupations,269,248,21
E01002064,3. Associate professional and technical occupations,158,51,107
E01002064,4. Administrative and secretarial occupations,64,62,2
E01002064,5. Skilled trades occupations,43,45,-2
E01002064,"6. Caring, leisure and other service occupations",69,60,9
E01002064,7. Sales and customer service occupations,43,43,0
E01002064,"8. Process, plant and machine operatives",15,29,-14
E01002064,9. Elementary occupations,84,63,21
E01002065,"1. Managers, directors and senior officials",143,110,33
E01002065,2. Professional occupations,318,345,-27
E01002065,3. Associate professional and technical occupations,233,95,138
E01002065,4. Administrative and secretarial occupations,55,100,-45
E01002065,5. Skilled trades occupations,56,51,5
E01002065,"6. Caring, leisure and other service occupations",59,47,12
E01002065,7. Sales and customer service occupations,54,48,6
E01002065,"8. Process, plant and machine operatives",19,20,-1
E01002065,9. Elementary occupations,55,86,-31
E01002066,"1. Managers, directors and senior officials",90,51,39
E01002066,2. Professional occupations,170,102,68
E01002066,3. Associate professional and technical occupations,149,38,111
E01002066,4. Administrative and secretarial occupations,85,69,16
E01002066,5. Skilled trades occupations,113,98,15
E01002066,"6. Caring, leisure and other service occupations",151,89,62
E01002066,7. Sales and customer service occupations,115,70,45
E01002066,"8. Process, plant and machine operatives",62,45,17
E01002066,9. Elementary occupations,260,133,127
E01002067,"1. Managers, directors and senior officials",80,55,25
E01002067,2. Professional occupations,171,122,49
E01002067,3. Associate professional and technical occupations,126,25,101
E01002067,4. Administrative and secretarial occupations,52,55,-3
E01002067,5. Skilled trades occupations,98,92,6
E01002067,"6. Caring, leisure and other service occupations",83,77,6
E01002067,7. Sales and customer service occupations,59,49,10
E01002067,"8. Process, plant and machine operatives",65,53,12
E01002067,9. Elementary occupations,152,138,14
E01002068,"1. Managers, directors and senior officials",90,61,29
E01002068,2. Professional occupations,210,165,45
E01002068,3. Associate professional and technical occupations,209,55,154
E01002068,4. Administrative and secretarial occupations,80,72,8
E01002068,5. Skilled trades occupations,135,106,29
E01002068,"6. Caring, leisure and other service occupations",103,101,2
E01002068,7. Sales and customer service occupations,87,81,6
E01002068,"8. Process, plant and machine operatives",60,43,17
E01002068,9. Elementary occupations,211,153,58
E01002069,"1. Managers, directors and senior officials",86,50,36
E01002069,2. Professional occupations,180,126,54
E01002069,3. Associate professional and technical occupations,148,44,104
E01002069,4. Administrative and secretarial occupations,67,78,-11
E01002069,5. Skilled trades occupations,91,117,-26
E01002069,"6. Caring, leisure and other service occupations",94,78,16
E01002069,7. Sales and customer service occupations,83,92,-9
E01002069,"8. Process, plant and machine operatives",72,54,18
E01002069,9. Elementary occupations,238,181,57
E01002070,"1. Managers, directors and senior officials",172,65,107
E01002070,2. Professional occupations,413,208,205
E01002070,3. Associate professional and technical occupations,298,52,246
E01002070,4. Administrative and secretarial occupations,99,96,3
E01002070,5. Skilled trades occupations,114,133,-19
E01002070,"6. Caring, leisure and other service occupations",107,86,21
E01002070,7. Sales and customer service occupations,74,58,16
E01002070,"8. Process, plant and machine operatives",63,43,20
E01002070,9. Elementary occupations,174,155,19
E01002071,"1. Managers, directors and senior officials",75,34,41
E01002071,2. Professional occupations,153,74,79
E01002071,3. Associate professional and technical occupations,96,43,53
E01002071,4. Administrative and secretarial occupations,61,59,2
E01002071,5. Skilled trades occupations,88,63,25
E01002071,"6. Caring, leisure and other service occupations",88,86,2
E01002071,7. Sales and customer service occupations,45,55,-10
E01002071,"8. Process, plant and machine operatives",49,34,15
E01002071,9. Elementary occupations,174,136,38
E01002072,"1. Managers, directors and senior officials",74,52,22
E01002072,2. Professional occupations,150,102,48
E01002072,3. Associate professional and technical occupations,128,57,71
E01002072,4. Administrative and secretarial occupations,59,74,-15
E01002072,5. Skilled trades occupations,97,82,15
E01002072,"6. Caring, leisure and other service occupations",85,94,-9
E01002072,7. Sales and customer service occupations,64,82,-18
E01002072,"8. Process, plant and machine operatives",66,36,30
E01002072,9. Elementary occupations,159,129,30
E01002073,"1. Managers, directors and senior officials",71,48,23
E01002073,2. Professional occupations,137,104,33
E01002073,3. Associate professional and technical occupations,99,37,62
E01002073,4. Administrative and secretarial occupations,67,93,-26
E01002073,5. Skilled trades occupations,84,114,-30
E01002073,"6. Caring, leisure and other service occupations",82,50,32
E01002073,7. Sales and customer service occupations,60,77,-17
E01002073,"8. Process, plant and machine operatives",49,45,4
E01002073,9. Elementary occupations,156,154,2
E01002074,"1. Managers, directors and senior officials",70,44,26
E01002074,2. Professional occupations,144,95,49
E01002074,3. Associate professional and technical occupations,105,44,61
E01002074,4. Administrative and secretarial occupations,77,97,-20
E01002074,5. Skilled trades occupations,77,95,-18
E01002074,"6. Caring, leisure and other service occupations",103,105,-2
E01002074,7. Sales and customer service occupations,86,74,12
E01002074,"8. Process, plant and machine operatives",74,45,29
E01002074,9. Elementary occupations,179,124,55
E01002075,"1. Managers, directors and senior officials",60,44,16
E01002075,2. Professional occupations,117,75,42
E01002075,3. Associate professional and technical occupations,88,35,53
E01002075,4. Administrative and secretarial occupations,59,89,-30
E01002075,5. Skilled trades occupations,110,81,29
E01002075,"6. Caring, leisure and other service occupations",96,75,21
E01002075,7. Sales and customer service occupations,56,66,-10
E01002075,"8. Process, plant and machine operatives",61,58,3
E01002075,9. Elementary occupations,234,112,122
E01002076,"1. Managers, directors and senior officials",60,36,24
E01002076,2. Professional occupations,125,90,35
E01002076,3. Associate professional and technical occupations,129,35,94
E01002076,4. Administrative and secretarial occupations,58,102,-44
E01002076,5. Skilled trades occupations,110,87,23
E01002076,"6. Caring, leisure and other service occupations",91,95,-4
E01002076,7. Sales and customer service occupations,64,89,-25
E01002076,"8. Process, plant and machine operatives",56,41,15
E01002076,9. Elementary occupations,175,142,33
E01002077,"1. Managers, directors and senior officials",81,49,32
E01002077,2. Professional occupations,154,69,85
E01002077,3. Associate professional and technical occupations,131,28,103
E01002077,4. Administrative and secretarial occupations,93,92,1
E01002077,5. Skilled trades occupations,123,99,24
E01002077,"6. Caring, leisure and other service occupations",112,106,6
E01002077,7. Sales and customer service occupations,85,96,-11
E01002077,"8. Process, plant and machine operatives",67,43,24
E01002077,9. Elementary occupations,208,174,34
E01002078,"1. Managers, directors and senior officials",145,71,74
E01002078,2. Professional occupations,364,159,205
E01002078,3. Associate professional and technical occupations,205,60,145
E01002078,4. Administrative and secretarial occupations,98,103,-5
E01002078,5. Skilled trades occupations,103,92,11
E01002078,"6. Caring, leisure and other service occupations",123,103,20
E01002078,7. Sales and customer service occupations,111,100,11
E01002078,"8. Process, plant and machine operatives",78,70,8
E01002078,9. Elementary occupations,188,140,48
E01002079,"1. Managers, directors and senior officials",55,48,7
E01002079,2. Professional occupations,142,94,48
E01002079,3. Associate professional and technical occupations,101,43,58
E01002079,4. Administrative and secretarial occupations,50,68,-18
E01002079,5. Skilled trades occupations,116,69,47
E01002079,"6. Caring, leisure and other service occupations",95,76,19
E01002079,7. Sales and customer service occupations,38,57,-19
E01002079,"8. Process, plant and machine operatives",77,48,29
E01002079,9. Elementary occupations,177,148,29
E01002081,"1. Managers, directors and senior officials",47,33,14
E01002081,2. Professional occupations,144,55,89
E01002081,3. Associate professional and technical occupations,62,33,29
E01002081,4. Administrative and secretarial occupations,52,69,-17
E01002081,5. Skilled trades occupations,69,65,4
E01002081,"6. Caring, leisure and other service occupations",101,74,27
E01002081,7. Sales and customer service occupations,55,65,-10
E01002081,"8. Process, plant and machine operatives",72,37,35
E01002081,9. Elementary occupations,202,140,62
E01002082,"1. Managers, directors and senior officials",38,31,7
E01002082,2. Professional occupations,66,45,21
E01002082,3. Associate professional and technical occupations,52,26,26
E01002082,4. Administrative and secretarial occupations,43,45,-2
E01002082,5. Skilled trades occupations,55,51,4
E01002082,"6. Caring, leisure and other service occupations",84,67,17
E01002082,7. Sales and customer service occupations,40,54,-14
E01002082,"8. Process, plant and machine operatives",49,59,-10
E01002082,9. Elementary occupations,123,107,16
E01002083,"1. Managers, directors and senior officials",98,57,41
E01002083,2. Professional occupations,170,132,38
E01002083,3. Associate professional and technical occupations,125,49,76
E01002083,4. Administrative and secretarial occupations,44,93,-49
E01002083,5. Skilled trades occupations,104,103,1
E01002083,"6. Caring, leisure and other service occupations",44,61,-17
E01002083,7. Sales and customer service occupations,66,70,-4
E01002083,"8. Process, plant and machine operatives",45,30,15
E01002083,9. Elementary occupations,112,111,1
E01002084,"1. Managers, directors and senior officials",113,69,44
E01002084,2. Professional occupations,190,146,44
E01002084,3. Associate professional and technical occupations,158,45,113
E01002084,4. Administrative and secretarial occupations,46,87,-41
E01002084,5. Skilled trades occupations,91,103,-12
E01002084,"6. Caring, leisure and other service occupations",60,64,-4
E01002084,7. Sales and customer service occupations,54,69,-15
E01002084,"8. Process, plant and machine operatives",39,42,-3
E01002084,9. Elementary occupations,139,128,11
E01002085,"1. Managers, directors and senior officials",103,104,-1
E01002085,2. Professional occupations,254,196,58
E01002085,3. Associate professional and technical occupations,142,62,80
E01002085,4. Administrative and secretarial occupations,95,105,-10
E01002085,5. Skilled trades occupations,123,100,23
E01002085,"6. Caring, leisure and other service occupations",71,101,-30
E01002085,7. Sales and customer service occupations,78,79,-1
E01002085,"8. Process, plant and machine operatives",57,56,1
E01002085,9. Elementary occupations,168,167,1
E01002086,"1. Managers, directors and senior officials",114,57,57
E01002086,2. Professional occupations,250,121,129
E01002086,3. Associate professional and technical occupations,158,29,129
E01002086,4. Administrative and secretarial occupations,55,76,-21
E01002086,5. Skilled trades occupations,68,64,4
E01002086,"6. Caring, leisure and other service occupations",55,65,-10
E01002086,7. Sales and customer service occupations,41,61,-20
E01002086,"8. Process, plant and machine operatives",23,48,-25
E01002086,9. Elementary occupations,97,132,-35
E01002087,"1. Managers, directors and senior officials",91,60,31
E01002087,2. Professional occupations,226,139,87
E01002087,3. Associate professional and technical occupations,159,38,121
E01002087,4. Administrative and secretarial occupations,84,100,-16
E01002087,5. Skilled trades occupations,111,72,39
E01002087,"6. Caring, leisure and other service occupations",72,75,-3
E01002087,7. Sales and customer service occupations,57,64,-7
E01002087,"8. Process, plant and machine operatives",41,27,14
E01002087,9. Elementary occupations,164,130,34
E01002088,"1. Managers, directors and senior officials",103,88,15
E01002088,2. Professional occupations,200,182,18
E01002088,3. Associate professional and technical occupations,131,50,81
E01002088,4. Administrative and secretarial occupations,46,93,-47
E01002088,5. Skilled trades occupations,103,89,14
E01002088,"6. Caring, leisure and other service occupations",72,63,9
E01002088,7. Sales and customer service occupations,90,70,20
E01002088,"8. Process, plant and machine operatives",42,51,-9
E01002088,9. Elementary occupations,140,150,-10
E01002089,"1. Managers, directors and senior officials",24,18,6
E01002089,2. Professional occupations,74,43,31
E01002089,3. Associate professional and technical occupations,37,14,23
E01002089,4. Administrative and secretarial occupations,28,33,-5
E01002089,5. Skilled trades occupations,33,59,-26
E01002089,"6. Caring, leisure and other service occupations",81,78,3
E01002089,7. Sales and customer service occupations,48,51,-3
E01002089,"8. Process, plant and machine operatives",56,49,7
E01002089,9. Elementary occupations,85,103,-18
E01002090,"1. Managers, directors and senior officials",78,45,33
E01002090,2. Professional occupations,137,70,67
E01002090,3. Associate professional and technical occupations,98,35,63
E01002090,4. Administrative and secretarial occupations,97,67,30
E01002090,5. Skilled trades occupations,117,87,30
E01002090,"6. Caring, leisure and other service occupations",82,75,7
E01002090,7. Sales and customer service occupations,64,73,-9
E01002090,"8. Process, plant and machine operatives",41,54,-13
E01002090,9. Elementary occupations,104,73,31
E01002091,"1. Managers, directors and senior officials",64,42,22
E01002091,2. Professional occupations,84,49,35
E01002091,3. Associate professional and technical occupations,80,29,51
E01002091,4. Administrative and secretarial occupations,57,62,-5
E01002091,5. Skilled trades occupations,101,67,34
E01002091,"6. Caring, leisure and other service occupations",72,70,2
E01002091,7. Sales and customer service occupations,71,57,14
E01002091,"8. Process, plant and machine operatives",66,49,17
E01002091,9. Elementary occupations,143,97,46
E01002092,"1. Managers, directors and senior officials",44,52,-8
E01002092,2. Professional occupations,106,92,14
E01002092,3. Associate professional and technical occupations,76,36,40
E01002092,4. Administrative and secretarial occupations,52,75,-23
E01002092,5. Skilled trades occupations,60,57,3
E01002092,"6. Caring, leisure and other service occupations",86,82,4
E01002092,7. Sales and customer service occupations,56,67,-11
E01002092,"8. Process, plant and machine operatives",33,53,-20
E01002092,9. Elementary occupations,164,114,50
E01002093,"1. Managers, directors and senior officials",51,61,-10
E01002093,2. Professional occupations,82,66,16
E01002093,3. Associate professional and technical occupations,72,34,38
E01002093,4. Administrative and secretarial occupations,70,57,13
E01002093,5. Skilled trades occupations,91,82,9
E01002093,"6. Caring, leisure and other service occupations",86,75,11
E01002093,7. Sales and customer service occupations,68,59,9
E01002093,"8. Process, plant and machine operatives",58,44,14
E01002093,9. Elementary occupations,108,103,5
E01002094,"1. Managers, directors and senior officials",40,29,11
E01002094,2. Professional occupations,86,58,28
E01002094,3. Associate professional and technical occupations,93,29,64
E01002094,4. Administrative and secretarial occupations,56,79,-23
E01002094,5. Skilled trades occupations,66,57,9
E01002094,"6. Caring, leisure and other service occupations",87,75,12
E01002094,7. Sales and customer service occupations,55,64,-9
E01002094,"8. Process, plant and machine operatives",59,49,10
E01002094,9. Elementary occupations,101,101,0
E01002095,"1. Managers, directors and senior officials",67,36,31
E01002095,2. Professional occupations,109,89,20
E01002095,3. Associate professional and technical occupations,74,42,32
E01002095,4. Administrative and secretarial occupations,55,62,-7
E01002095,5. Skilled trades occupations,69,62,7
E01002095,"6. Caring, leisure and other service occupations",95,82,13
E01002095,7. Sales and customer service occupations,69,65,4
E01002095,"8. Process, plant and machine operatives",55,46,9
E01002095,9. Elementary occupations,99,89,10
E01002096,"1. Managers, directors and senior officials",64,32,32
E01002096,2. Professional occupations,121,69,52
E01002096,3. Associate professional and technical occupations,81,26,55
E01002096,4. Administrative and secretarial occupations,49,65,-16
E01002096,5. Skilled trades occupations,68,50,18
E01002096,"6. Caring, leisure and other service occupations",87,74,13
E01002096,7. Sales and customer service occupations,74,67,7
E01002096,"8. Process, plant and machine operatives",49,45,4
E01002096,9. Elementary occupations,113,98,15
E01002097,"1. Managers, directors and senior officials",47,44,3
E01002097,2. Professional occupations,139,96,43
E01002097,3. Associate professional and technical occupations,97,26,71
E01002097,4. Administrative and secretarial occupations,36,66,-30
E01002097,5. Skilled trades occupations,83,68,15
E01002097,"6. Caring, leisure and other service occupations",80,75,5
E01002097,7. Sales and customer service occupations,83,73,10
E01002097,"8. Process, plant and machine operatives",43,40,3
E01002097,9. Elementary occupations,110,87,23
E01002098,"1. Managers, directors and senior officials",99,69,30
E01002098,2. Professional occupations,236,197,39
E01002098,3. Associate professional and technical occupations,176,53,123
E01002098,4. Administrative and secretarial occupations,58,97,-39
E01002098,5. Skilled trades occupations,59,70,-11
E01002098,"6. Caring, leisure and other service occupations",56,59,-3
E01002098,7. Sales and customer service occupations,36,38,-2
E01002098,"8. Process, plant and machine operatives",27,30,-3
E01002098,9. Elementary occupations,90,57,33
E01002099,"1. Managers, directors and senior officials",56,38,18
E01002099,2. Professional occupations,105,114,-9
E01002099,3. Associate professional and technical occupations,105,36,69
E01002099,4. Administrative and secretarial occupations,76,85,-9
E01002099,5. Skilled trades occupations,101,86,15
E01002099,"6. Caring, leisure and other service occupations",108,78,30
E01002099,7. Sales and customer service occupations,93,89,4
E01002099,"8. Process, plant and machine operatives",81,39,42
E01002099,9. Elementary occupations,135,149,-14
E01002100,"1. Managers, directors and senior officials",85,47,38
E01002100,2. Professional occupations,134,129,5
E01002100,3. Associate professional and technical occupations,77,27,50
E01002100,4. Administrative and secretarial occupations,58,104,-46
E01002100,5. Skilled trades occupations,92,110,-18
E01002100,"6. Caring, leisure and other service occupations",71,62,9
E01002100,7. Sales and customer service occupations,66,106,-40
E01002100,"8. Process, plant and machine operatives",70,48,22
E01002100,9. Elementary occupations,173,157,16
E01002101,"1. Managers, directors and senior officials",110,79,31
E01002101,2. Professional occupations,222,156,66
E01002101,3. Associate professional and technical occupations,136,54,82
E01002101,4. Administrative and secretarial occupations,56,82,-26
E01002101,5. Skilled trades occupations,173,123,50
E01002101,"6. Caring, leisure and other service occupations",66,68,-2
E01002101,7. Sales and customer service occupations,52,77,-25
E01002101,"8. Process, plant and machine operatives",58,96,-38
E01002101,9. Elementary occupations,163,165,-2
E01002102,"1. Managers, directors and senior officials",102,84,18
E01002102,2. Professional occupations,195,204,-9
E01002102,3. Associate professional and technical occupations,128,43,85
E01002102,4. Administrative and secretarial occupations,79,100,-21
E01002102,5. Skilled trades occupations,92,122,-30
E01002102,"6. Caring, leisure and other service occupations",87,77,10
E01002102,7. Sales and customer service occupations,49,67,-18
E01002102,"8. Process, plant and machine operatives",40,44,-4
E01002102,9. Elementary occupations,139,141,-2
E01002103,"1. Managers, directors and senior officials",96,73,23
E01002103,2. Professional occupations,185,141,44
E01002103,3. Associate professional and technical occupations,119,53,66
E01002103,4. Administrative and secretarial occupations,84,83,1
E01002103,5. Skilled trades occupations,121,121,0
E01002103,"6. Caring, leisure and other service occupations",63,63,0
E01002103,7. Sales and customer service occupations,52,88,-36
E01002103,"8. Process, plant and machine operatives",61,45,16
E01002103,9. Elementary occupations,171,183,-12
E01002104,"1. Managers, directors and senior officials",74,51,23
E01002104,2. Professional occupations,114,99,15
E01002104,3. Associate professional and technical occupations,71,40,31
E01002104,4. Administrative and secretarial occupations,51,78,-27
E01002104,5. Skilled trades occupations,110,90,20
E01002104,"6. Caring, leisure and other service occupations",62,56,6
E01002104,7. Sales and customer service occupations,61,70,-9
E01002104,"8. Process, plant and machine operatives",56,41,15
E01002104,9. Elementary occupations,141,101,40
E01002105,"1. Managers, directors and senior officials",111,82,29
E01002105,2. Professional occupations,182,160,22
E01002105,3. Associate professional and technical occupations,142,62,80
E01002105,4. Administrative and secretarial occupations,90,121,-31
E01002105,5. Skilled trades occupations,171,137,34
E01002105,"6. Caring, leisure and other service occupations",112,101,11
E01002105,7. Sales and customer service occupations,85,105,-20
E01002105,"8. Process, plant and machine operatives",75,49,26
E01002105,9. Elementary occupations,235,228,7
E01002106,"1. Managers, directors and senior officials",150,134,16
E01002106,2. Professional occupations,214,183,31
E01002106,3. Associate professional and technical occupations,121,54,67
E01002106,4. Administrative and secretarial occupations,122,175,-53
E01002106,5. Skilled trades occupations,96,89,7
E01002106,"6. Caring, leisure and other service occupations",48,64,-16
E01002106,7. Sales and customer service occupations,73,91,-18
E01002106,"8. Process, plant and machine operatives",76,62,14
E01002106,9. Elementary occupations,88,66,22
E01002107,"1. Managers, directors and senior officials",153,103,50
E01002107,2. Professional occupations,247,203,44
E01002107,3. Associate professional and technical occupations,103,63,40
E01002107,4. Administrative and secretarial occupations,111,120,-9
E01002107,5. Skilled trades occupations,84,74,10
E01002107,"6. Caring, leisure and other service occupations",54,62,-8
E01002107,7. Sales and customer service occupations,43,66,-23
E01002107,"8. Process, plant and machine operatives",53,46,7
E01002107,9. Elementary occupations,52,52,0
E01002108,"1. Managers, directors and senior officials",154,129,25
E01002108,2. Professional occupations,259,202,57
E01002108,3. Associate professional and technical occupations,101,51,50
E01002108,4. Administrative and secretarial occupations,123,140,-17
E01002108,5. Skilled trades occupations,74,55,19
E01002108,"6. Caring, leisure and other service occupations",54,56,-2
E01002108,7. Sales and customer service occupations,58,66,-8
E01002108,"8. Process, plant and machine operatives",46,45,1
E01002108,9. Elementary occupations,53,38,15
E01002109,"1. Managers, directors and senior officials",195,154,41
E01002109,2. Professional occupations,303,273,30
E01002109,3. Associate professional and technical occupations,121,60,61
E01002109,4. Administrative and secretarial occupations,112,123,-11
E01002109,5. Skilled trades occupations,42,52,-10
E01002109,"6. Caring, leisure and other service occupations",45,62,-17
E01002109,7. Sales and customer service occupations,40,54,-14
E01002109,"8. Process, plant and machine operatives",25,22,3
E01002109,9. Elementary occupations,40,39,1
E01002110,"1. Managers, directors and senior officials",129,116,13
E01002110,2. Professional occupations,256,195,61
E01002110,3. Associate professional and technical occupations,94,43,51
E01002110,4. Administrative and secretarial occupations,99,139,-40
E01002110,5. Skilled trades occupations,92,74,18
E01002110,"6. Caring, leisure and other service occupations",46,57,-11
E01002110,7. Sales and customer service occupations,49,64,-15
E01002110,"8. Process, plant and machine operatives",43,30,13
E01002110,9. Elementary occupations,73,64,9
E01002111,"1. Managers, directors and senior officials",141,105,36
E01002111,2. Professional occupations,243,209,34
E01002111,3. Associate professional and technical occupations,111,49,62
E01002111,4. Administrative and secretarial occupations,115,140,-25
E01002111,5. Skilled trades occupations,123,98,25
E01002111,"6. Caring, leisure and other service occupations",68,76,-8
E01002111,7. Sales and customer service occupations,109,95,14
E01002111,"8. Process, plant and machine operatives",70,63,7
E01002111,9. Elementary occupations,104,82,22
E01002112,"1. Managers, directors and senior officials",201,203,-2
E01002112,2. Professional occupations,337,254,83
E01002112,3. Associate professional and technical occupations,123,29,94
E01002112,4. Administrative and secretarial occupations,95,143,-48
E01002112,5. Skilled trades occupations,40,33,7
E01002112,"6. Caring, leisure and other service occupations",41,64,-23
E01002112,7. Sales and customer service occupations,53,40,13
E01002112,"8. Process, plant and machine operatives",44,23,21
E01002112,9. Elementary occupations,42,33,9
E01002113,"1. Managers, directors and senior officials",167,115,52
E01002113,2. Professional occupations,262,229,33
E01002113,3. Associate professional and technical occupations,79,32,47
E01002113,4. Administrative and secretarial occupations,73,105,-32
E01002113,5. Skilled trades occupations,40,39,1
E01002113,"6. Caring, leisure and other service occupations",48,35,13
E01002113,7. Sales and customer service occupations,65,42,23
E01002113,"8. Process, plant and machine operatives",23,21,2
E01002113,9. Elementary occupations,27,43,-16
E01002114,"1. Managers, directors and senior officials",144,134,10
E01002114,2. Professional occupations,270,239,31
E01002114,3. Associate professional and technical occupations,102,37,65
E01002114,4. Administrative and secretarial occupations,91,91,0
E01002114,5. Skilled trades occupations,72,47,25
E01002114,"6. Caring, leisure and other service occupations",65,68,-3
E01002114,7. Sales and customer service occupations,52,66,-14
E01002114,"8. Process, plant and machine operatives",60,44,16
E01002114,9. Elementary occupations,69,37,32
E01002115,"1. Managers, directors and senior officials",132,113,19
E01002115,2. Professional occupations,209,200,9
E01002115,3. Associate professional and technical occupations,76,30,46
E01002115,4. Administrative and secretarial occupations,74,101,-27
E01002115,5. Skilled trades occupations,75,42,33
E01002115,"6. Caring, leisure and other service occupations",41,44,-3
E01002115,7. Sales and customer service occupations,43,51,-8
E01002115,"8. Process, plant and machine operatives",44,32,12
E01002115,9. Elementary occupations,50,47,3
E01002116,"1. Managers, directors and senior officials",139,126,13
E01002116,2. Professional occupations,242,262,-20
E01002116,3. Associate professional and technical occupations,87,44,43
E01002116,4. Administrative and secretarial occupations,77,102,-25
E01002116,5. Skilled trades occupations,62,31,31
E01002116,"6. Caring, leisure and other service occupations",51,47,4
E01002116,7. Sales and customer service occupations,35,47,-12
E01002116,"8. Process, plant and machine operatives",41,26,15
E01002116,9. Elementary occupations,46,31,15
E01002118,"1. Managers, directors and senior officials",98,92,6
E01002118,2. Professional occupations,182,173,9
E01002118,3. Associate professional and technical occupations,79,31,48
E01002118,4. Administrative and secretarial occupations,67,96,-29
E01002118,5. Skilled trades occupations,128,90,38
E01002118,"6. Caring, leisure and other service occupations",82,65,17
E01002118,7. Sales and customer service occupations,57,81,-24
E01002118,"8. Process, plant and machine operatives",54,51,3
E01002118,9. Elementary occupations,120,82,38
E01002119,"1. Managers, directors and senior officials",131,72,59
E01002119,2. Professional occupations,278,134,144
E01002119,3. Associate professional and technical occupations,140,40,100
E01002119,4. Administrative and secretarial occupations,85,94,-9
E01002119,5. Skilled trades occupations,144,86,58
E01002119,"6. Caring, leisure and other service occupations",130,86,44
E01002119,7. Sales and customer service occupations,88,73,15
E01002119,"8. Process, plant and machine operatives",105,68,37
E01002119,9. Elementary occupations,145,102,43
E01002120,"1. Managers, directors and senior officials",51,33,18
E01002120,2. Professional occupations,104,95,9
E01002120,3. Associate professional and technical occupations,70,18,52
E01002120,4. Administrative and secretarial occupations,45,65,-20
E01002120,5. Skilled trades occupations,64,64,0
E01002120,"6. Caring, leisure and other service occupations",62,46,16
E01002120,7. Sales and customer service occupations,29,57,-28
E01002120,"8. Process, plant and machine operatives",47,46,1
E01002120,9. Elementary occupations,70,66,4
E01002121,"1. Managers, directors and senior officials",85,88,-3
E01002121,2. Professional occupations,149,131,18
E01002121,3. Associate professional and technical occupations,105,32,73
E01002121,4. Administrative and secretarial occupations,86,124,-38
E01002121,5. Skilled trades occupations,148,114,34
E01002121,"6. Caring, leisure and other service occupations",64,66,-2
E01002121,7. Sales and customer service occupations,67,80,-13
E01002121,"8. Process, plant and machine operatives",65,49,16
E01002121,9. Elementary occupations,117,85,32
E01002122,"1. Managers, directors and senior officials",93,72,21
E01002122,2. Professional occupations,170,140,30
E01002122,3. Associate professional and technical occupations,73,34,39
E01002122,4. Administrative and secretarial occupations,96,107,-11
E01002122,5. Skilled trades occupations,162,120,42
E01002122,"6. Caring, leisure and other service occupations",75,66,9
E01002122,7. Sales and customer service occupations,47,91,-44
E01002122,"8. Process, plant and machine operatives",70,64,6
E01002122,9. Elementary occupations,143,104,39
E01002123,"1. Managers, directors and senior officials",95,64,31
E01002123,2. Professional occupations,146,117,29
E01002123,3. Associate professional and technical occupations,68,35,33
E01002123,4. Administrative and secretarial occupations,72,126,-54
E01002123,5. Skilled trades occupations,159,139,20
E01002123,"6. Caring, leisure and other service occupations",59,65,-6
E01002123,7. Sales and customer service occupations,63,99,-36
E01002123,"8. Process, plant and machine operatives",69,62,7
E01002123,9. Elementary occupations,144,137,7
E01002124,"1. Managers, directors and senior officials",84,61,23
E01002124,2. Professional occupations,120,110,10
E01002124,3. Associate professional and technical occupations,77,29,48
E01002124,4. Administrative and secretarial occupations,75,99,-24
E01002124,5. Skilled trades occupations,161,133,28
E01002124,"6. Caring, leisure and other service occupations",69,50,19
E01002124,7. Sales and customer service occupations,98,109,-11
E01002124,"8. Process, plant and machine operatives",73,53,20
E01002124,9. Elementary occupations,111,94,17
E01002125,"1. Managers, directors and senior officials",103,86,17
E01002125,2. Professional occupations,112,106,6
E01002125,3. Associate professional and technical occupations,74,22,52
E01002125,4. Administrative and secretarial occupations,76,98,-22
E01002125,5. Skilled trades occupations,182,132,50
E01002125,"6. Caring, leisure and other service occupations",64,74,-10
E01002125,7. Sales and customer service occupations,78,108,-30
E01002125,"8. Process, plant and machine operatives",120,84,36
E01002125,9. Elementary occupations,199,109,90
E01002127,"1. Managers, directors and senior officials",118,97,21
E01002127,2. Professional occupations,242,276,-34
E01002127,3. Associate professional and technical occupations,112,40,72
E01002127,4. Administrative and secretarial occupations,78,131,-53
E01002127,5. Skilled trades occupations,80,50,30
E01002127,"6. Caring, leisure and other service occupations",67,41,26
E01002127,7. Sales and customer service occupations,52,56,-4
E01002127,"8. Process, plant and machine operatives",50,36,14
E01002127,9. Elementary occupations,84,59,25
E01002128,"1. Managers, directors and senior officials",114,98,16
E01002128,2. Professional occupations,286,297,-11
E01002128,3. Associate professional and technical occupations,146,51,95
E01002128,4. Administrative and secretarial occupations,66,123,-57
E01002128,5. Skilled trades occupations,118,99,19
E01002128,"6. Caring, leisure and other service occupations",98,79,19
E01002128,7. Sales and customer service occupations,62,103,-41
E01002128,"8. Process, plant and machine operatives",72,44,28
E01002128,9. Elementary occupations,127,159,-32
E01002129,"1. Managers, directors and senior officials",224,158,66
E01002129,2. Professional occupations,495,356,139
E01002129,3. Associate professional and technical occupations,183,54,129
E01002129,4. Administrative and secretarial occupations,105,114,-9
E01002129,5. Skilled trades occupations,105,48,57
E01002129,"6. Caring, leisure and other service occupations",79,60,19
E01002129,7. Sales and customer service occupations,74,48,26
E01002129,"8. Process, plant and machine operatives",69,36,33
E01002129,9. Elementary occupations,110,66,44
E01002130,"1. Managers, directors and senior officials",133,123,10
E01002130,2. Professional occupations,302,279,23
E01002130,3. Associate professional and technical occupations,137,54,83
E01002130,4. Administrative and secretarial occupations,96,110,-14
E01002130,5. Skilled trades occupations,165,168,-3
E01002130,"6. Caring, leisure and other service occupations",119,105,14
E01002130,7. Sales and customer service occupations,100,126,-26
E01002130,"8. Process, plant and machine operatives",101,59,42
E01002130,9. Elementary occupations,209,128,81
E01002131,"1. Managers, directors and senior officials",84,56,28
E01002131,2. Professional occupations,163,152,11
E01002131,3. Associate professional and technical occupations,72,46,26
E01002131,4. Administrative and secretarial occupations,71,109,-38
E01002131,5. Skilled trades occupations,81,58,23
E01002131,"6. Caring, leisure and other service occupations",77,74,3
E01002131,7. Sales and customer service occupations,71,91,-20
E01002131,"8. Process, plant and machine operatives",70,41,29
E01002131,9. Elementary occupations,108,74,34
E01002132,"1. Managers, directors and senior officials",186,164,22
E01002132,2. Professional occupations,322,387,-65
E01002132,3. Associate professional and technical occupations,145,53,92
E01002132,4. Administrative and secretarial occupations,85,131,-46
E01002132,5. Skilled trades occupations,63,54,9
E01002132,"6. Caring, leisure and other service occupations",51,61,-10
E01002132,7. Sales and customer service occupations,66,42,24
E01002132,"8. Process, plant and machine operatives",42,31,11
E01002132,9. Elementary occupations,72,63,9
E01002133,"1. Managers, directors and senior officials",86,93,-7
E01002133,2. Professional occupations,172,200,-28
E01002133,3. Associate professional and technical occupations,99,40,59
E01002133,4. Administrative and secretarial occupations,84,96,-12
E01002133,5. Skilled trades occupations,77,59,18
E01002133,"6. Caring, leisure and other service occupations",90,85,5
E01002133,7. Sales and customer service occupations,79,81,-2
E01002133,"8. Process, plant and machine operatives",59,54,5
E01002133,9. Elementary occupations,139,110,29
E01002134,"1. Managers, directors and senior officials",188,167,21
E01002134,2. Professional occupations,251,251,0
E01002134,3. Associate professional and technical occupations,78,37,41
E01002134,4. Administrative and secretarial occupations,55,73,-18
E01002134,5. Skilled trades occupations,57,42,15
E01002134,"6. Caring, leisure and other service occupations",36,32,4
E01002134,7. Sales and customer service occupations,32,25,7
E01002134,"8. Process, plant and machine operatives",32,17,15
E01002134,9. Elementary occupations,32,32,0
E01002135,"1. Managers, directors and senior officials",122,108,14
E01002135,2. Professional occupations,198,177,21
E01002135,3. Associate professional and technical occupations,104,39,65
E01002135,4. Administrative and secretarial occupations,97,100,-3
E01002135,5. Skilled trades occupations,113,101,12
E01002135,"6. Caring, leisure and other service occupations",64,61,3
E01002135,7. Sales and customer service occupations,90,69,21
E01002135,"8. Process, plant and machine operatives",69,55,14
E01002135,9. Elementary occupations,128,101,27
E01002136,"1. Managers, directors and senior officials",168,105,63
E01002136,2. Professional occupations,223,185,38
E01002136,3. Associate professional and technical occupations,120,45,75
E01002136,4. Administrative and secretarial occupations,117,116,1
E01002136,5. Skilled trades occupations,103,64,39
E01002136,"6. Caring, leisure and other service occupations",59,54,5
E01002136,7. Sales and customer service occupations,66,66,0
E01002136,"8. Process, plant and machine operatives",71,39,32
E01002136,9. Elementary occupations,107,73,34
E01002137,"1. Managers, directors and senior officials",98,98,0
E01002137,2. Professional occupations,308,264,44
E01002137,3. Associate professional and technical occupations,97,48,49
E01002137,4. Administrative and secretarial occupations,38,49,-11
E01002137,5. Skilled trades occupations,31,27,4
E01002137,"6. Caring, leisure and other service occupations",31,28,3
E01002137,7. Sales and customer service occupations,16,22,-6
E01002137,"8. Process, plant and machine operatives",9,7,2
E01002137,9. Elementary occupations,18,20,-2
E01002138,"1. Managers, directors and senior officials",81,54,27
E01002138,2. Professional occupations,181,153,28
E01002138,3. Associate professional and technical occupations,78,42,36
E01002138,4. Administrative and secretarial occupations,89,103,-14
E01002138,5. Skilled trades occupations,64,56,8
E01002138,"6. Caring, leisure and other service occupations",48,68,-20
E01002138,7. Sales and customer service occupations,86,75,11
E01002138,"8. Process, plant and machine operatives",59,41,18
E01002138,9. Elementary occupations,71,75,-4
E01002139,"1. Managers, directors and senior officials",48,46,2
E01002139,2. Professional occupations,125,66,59
E01002139,3. Associate professional and technical occupations,68,16,52
E01002139,4. Administrative and secretarial occupations,66,59,7
E01002139,5. Skilled trades occupations,56,57,-1
E01002139,"6. Caring, leisure and other service occupations",76,70,6
E01002139,7. Sales and customer service occupations,59,65,-6
E01002139,"8. Process, plant and machine operatives",56,35,21
E01002139,9. Elementary occupations,77,71,6
E01002140,"1. Managers, directors and senior officials",97,82,15
E01002140,2. Professional occupations,152,134,18
E01002140,3. Associate professional and technical occupations,96,41,55
E01002140,4. Administrative and secretarial occupations,64,94,-30
E01002140,5. Skilled trades occupations,96,88,8
E01002140,"6. Caring, leisure and other service occupations",73,83,-10
E01002140,7. Sales and customer service occupations,89,80,9
E01002140,"8. Process, plant and machine operatives",63,47,16
E01002140,9. Elementary occupations,80,76,4
E01002141,"1. Managers, directors and senior officials",128,98,30
E01002141,2. Professional occupations,207,175,32
E01002141,3. Associate professional and technical occupations,96,48,48
E01002141,4. Administrative and secretarial occupations,87,141,-54
E01002141,5. Skilled trades occupations,86,92,-6
E01002141,"6. Caring, leisure and other service occupations",51,70,-19
E01002141,7. Sales and customer service occupations,44,55,-11
E01002141,"8. Process, plant and machine operatives",62,42,20
E01002141,9. Elementary occupations,62,57,5
E01002142,"1. Managers, directors and senior officials",148,124,24
E01002142,2. Professional occupations,209,199,10
E01002142,3. Associate professional and technical occupations,99,46,53
E01002142,4. Administrative and secretarial occupations,80,127,-47
E01002142,5. Skilled trades occupations,91,72,19
E01002142,"6. Caring, leisure and other service occupations",64,82,-18
E01002142,7. Sales and customer service occupations,61,60,1
E01002142,"8. Process, plant and machine operatives",62,32,30
E01002142,9. Elementary occupations,68,61,7
E01002143,"1. Managers, directors and senior officials",82,63,19
E01002143,2. Professional occupations,131,118,13
E01002143,3. Associate professional and technical occupations,79,34,45
E01002143,4. Administrative and secretarial occupations,83,114,-31
E01002143,5. Skilled trades occupations,90,78,12
E01002143,"6. Caring, leisure and other service occupations",80,66,14
E01002143,7. Sales and customer service occupations,59,97,-38
E01002143,"8. Process, plant and machine operatives",64,41,23
E01002143,9. Elementary occupations,72,59,13
E01002144,"1. Managers, directors and senior officials",145,129,16
E01002144,2. Professional occupations,228,181,47
E01002144,3. Associate professional and technical occupations,104,42,62
E01002144,4. Administrative and secretarial occupations,88,100,-12
E01002144,5. Skilled trades occupations,45,60,-15
E01002144,"6. Caring, leisure and other service occupations",29,53,-24
E01002144,7. Sales and customer service occupations,48,51,-3
E01002144,"8. Process, plant and machine operatives",32,28,4
E01002144,9. Elementary occupations,38,41,-3
E01002145,"1. Managers, directors and senior officials",130,114,16
E01002145,2. Professional occupations,178,147,31
E01002145,3. Associate professional and technical occupations,89,31,58
E01002145,4. Administrative and secretarial occupations,84,79,5
E01002145,5. Skilled trades occupations,52,49,3
E01002145,"6. Caring, leisure and other service occupations",40,52,-12
E01002145,7. Sales and customer service occupations,57,48,9
E01002145,"8. Process, plant and machine operatives",44,27,17
E01002145,9. Elementary occupations,51,46,5
E01002146,"1. Managers, directors and senior officials",170,128,42
E01002146,2. Professional occupations,255,215,40
E01002146,3. Associate professional and technical occupations,93,43,50
E01002146,4. Administrative and secretarial occupations,78,93,-15
E01002146,5. Skilled trades occupations,34,45,-11
E01002146,"6. Caring, leisure and other service occupations",33,48,-15
E01002146,7. Sales and customer service occupations,35,44,-9
E01002146,"8. Process, plant and machine operatives",20,17,3
E01002146,9. Elementary occupations,17,28,-11
E01002147,"1. Managers, directors and senior officials",169,120,49
E01002147,2. Professional occupations,220,199,21
E01002147,3. Associate professional and technical occupations,84,37,47
E01002147,4. Administrative and secretarial occupations,67,88,-21
E01002147,5. Skilled trades occupations,29,29,0
E01002147,"6. Caring, leisure and other service occupations",20,45,-25
E01002147,7. Sales and customer service occupations,32,30,2
E01002147,"8. Process, plant and machine operatives",7,14,-7
E01002147,9. Elementary occupations,13,20,-7
E01002148,"1. Managers, directors and senior officials",149,122,27
E01002148,2. Professional occupations,188,155,33
E01002148,3. Associate professional and technical occupations,92,39,53
E01002148,4. Administrative and secretarial occupations,77,91,-14
E01002148,5. Skilled trades occupations,53,42,11
E01002148,"6. Caring, leisure and other service occupations",43,52,-9
E01002148,7. Sales and customer service occupations,39,52,-13
E01002148,"8. Process, plant and machine operatives",37,36,1
E01002148,9. Elementary occupations,25,41,-16
E01002149,"1. Managers, directors and senior officials",132,125,7
E01002149,2. Professional occupations,246,230,16
E01002149,3. Associate professional and technical occupations,86,42,44
E01002149,4. Administrative and secretarial occupations,83,92,-9
E01002149,5. Skilled trades occupations,15,17,-2
E01002149,"6. Caring, leisure and other service occupations",25,45,-20
E01002149,7. Sales and customer service occupations,38,38,0
E01002149,"8. Process, plant and machine operatives",10,17,-7
E01002149,9. Elementary occupations,16,10,6
E01002150,"1. Managers, directors and senior officials",165,119,46
E01002150,2. Professional occupations,275,206,69
E01002150,3. Associate professional and technical occupations,120,50,70
E01002150,4. Administrative and secretarial occupations,97,124,-27
E01002150,5. Skilled trades occupations,106,71,35
E01002150,"6. Caring, leisure and other service occupations",58,63,-5
E01002150,7. Sales and customer service occupations,63,68,-5
E01002150,"8. Process, plant and machine operatives",47,30,17
E01002150,9. Elementary occupations,80,60,20
E01002151,"1. Managers, directors and senior officials",62,54,8
E01002151,2. Professional occupations,127,81,46
E01002151,3. Associate professional and technical occupations,70,36,34
E01002151,4. Administrative and secretarial occupations,65,71,-6
E01002151,5. Skilled trades occupations,63,43,20
E01002151,"6. Caring, leisure and other service occupations",69,63,6
E01002151,7. Sales and customer service occupations,56,65,-9
E01002151,"8. Process, plant and machine operatives",70,43,27
E01002151,9. Elementary occupations,69,62,7
E01002152,"1. Managers, directors and senior officials",190,164,26
E01002152,2. Professional occupations,226,274,-48
E01002152,3. Associate professional and technical occupations,97,35,62
E01002152,4. Administrative and secretarial occupations,97,117,-20
E01002152,5. Skilled trades occupations,29,37,-8
E01002152,"6. Caring, leisure and other service occupations",40,34,6
E01002152,7. Sales and customer service occupations,28,43,-15
E01002152,"8. Process, plant and machine operatives",21,17,4
E01002152,9. Elementary occupations,33,37,-4
E01002153,"1. Managers, directors and senior officials",141,114,27
E01002153,2. Professional occupations,279,241,38
E01002153,3. Associate professional and technical occupations,117,44,73
E01002153,4. Administrative and secretarial occupations,68,126,-58
E01002153,5. Skilled trades occupations,79,52,27
E01002153,"6. Caring, leisure and other service occupations",50,51,-1
E01002153,7. Sales and customer service occupations,48,50,-2
E01002153,"8. Process, plant and machine operatives",54,22,32
E01002153,9. Elementary occupations,40,42,-2
E01002155,"1. Managers, directors and senior officials",152,108,44
E01002155,2. Professional occupations,288,251,37
E01002155,3. Associate professional and technical occupations,150,45,105
E01002155,4. Administrative and secretarial occupations,79,120,-41
E01002155,5. Skilled trades occupations,48,58,-10
E01002155,"6. Caring, leisure and other service occupations",31,41,-10
E01002155,7. Sales and customer service occupations,38,50,-12
E01002155,"8. Process, plant and machine operatives",26,19,7
E01002155,9. Elementary occupations,29,26,3
E01002156,"1. Managers, directors and senior officials",169,119,50
E01002156,2. Professional occupations,255,212,43
E01002156,3. Associate professional and technical occupations,100,38,62
E01002156,4. Administrative and secretarial occupations,117,112,5
E01002156,5. Skilled trades occupations,34,52,-18
E01002156,"6. Caring, leisure and other service occupations",30,46,-16
E01002156,7. Sales and customer service occupations,36,47,-11
E01002156,"8. Process, plant and machine operatives",24,22,2
E01002156,9. Elementary occupations,22,40,-18
E01002157,"1. Managers, directors and senior officials",140,97,43
E01002157,2. Professional occupations,239,229,10
E01002157,3. Associate professional and technical occupations,104,59,45
E01002157,4. Administrative and secretarial occupations,103,142,-39
E01002157,5. Skilled trades occupations,69,46,23
E01002157,"6. Caring, leisure and other service occupations",44,49,-5
E01002157,7. Sales and customer service occupations,55,78,-23
E01002157,"8. Process, plant and machine operatives",45,23,22
E01002157,9. Elementary occupations,57,58,-1
E01002158,"1. Managers, directors and senior officials",124,104,20
E01002158,2. Professional occupations,240,199,41
E01002158,3. Associate professional and technical occupations,105,61,44
E01002158,4. Administrative and secretarial occupations,72,110,-38
E01002158,5. Skilled trades occupations,44,38,6
E01002158,"6. Caring, leisure and other service occupations",37,51,-14
E01002158,7. Sales and customer service occupations,41,51,-10
E01002158,"8. Process, plant and machine operatives",18,19,-1
E01002158,9. Elementary occupations,36,39,-3
E01002159,"1. Managers, directors and senior officials",138,89,49
E01002159,2. Professional occupations,289,291,-2
E01002159,3. Associate professional and technical occupations,127,54,73
E01002159,4. Administrative and secretarial occupations,94,130,-36
E01002159,5. Skilled trades occupations,79,52,27
E01002159,"6. Caring, leisure and other service occupations",68,68,0
E01002159,7. Sales and customer service occupations,74,66,8
E01002159,"8. Process, plant and machine operatives",40,41,-1
E01002159,9. Elementary occupations,81,56,25
E01002160,"1. Managers, directors and senior officials",138,124,14
E01002160,2. Professional occupations,350,245,105
E01002160,3. Associate professional and technical occupations,149,44,105
E01002160,4. Administrative and secretarial occupations,102,138,-36
E01002160,5. Skilled trades occupations,129,82,47
E01002160,"6. Caring, leisure and other service occupations",89,76,13
E01002160,7. Sales and customer service occupations,85,90,-5
E01002160,"8. Process, plant and machine operatives",89,48,41
E01002160,9. Elementary occupations,152,98,54
E01002161,"1. Managers, directors and senior officials",147,112,35
E01002161,2. Professional occupations,270,254,16
E01002161,3. Associate professional and technical occupations,117,54,63
E01002161,4. Administrative and secretarial occupations,110,103,7
E01002161,5. Skilled trades occupations,94,59,35
E01002161,"6. Caring, leisure and other service occupations",79,74,5
E01002161,7. Sales and customer service occupations,73,85,-12
E01002161,"8. Process, plant and machine operatives",57,52,5
E01002161,9. Elementary occupations,82,88,-6
E01002162,"1. Managers, directors and senior officials",86,88,-2
E01002162,2. Professional occupations,208,203,5
E01002162,3. Associate professional and technical occupations,125,58,67
E01002162,4. Administrative and secretarial occupations,98,129,-31
E01002162,5. Skilled trades occupations,75,74,1
E01002162,"6. Caring, leisure and other service occupations",67,68,-1
E01002162,7. Sales and customer service occupations,62,86,-24
E01002162,"8. Process, plant and machine operatives",83,47,36
E01002162,9. Elementary occupations,101,67,34
E01002163,"1. Managers, directors and senior officials",139,100,39
E01002163,2. Professional occupations,276,190,86
E01002163,3. Associate professional and technical occupations,98,41,57
E01002163,4. Administrative and secretarial occupations,92,117,-25
E01002163,5. Skilled trades occupations,60,46,14
E01002163,"6. Caring, leisure and other service occupations",31,50,-19
E01002163,7. Sales and customer service occupations,52,64,-12
E01002163,"8. Process, plant and machine operatives",32,33,-1
E01002163,9. Elementary occupations,47,44,3
E01002164,"1. Managers, directors and senior officials",139,104,35
E01002164,2. Professional occupations,299,287,12
E01002164,3. Associate professional and technical occupations,127,61,66
E01002164,4. Administrative and secretarial occupations,73,98,-25
E01002164,5. Skilled trades occupations,72,62,10
E01002164,"6. Caring, leisure and other service occupations",69,53,16
E01002164,7. Sales and customer service occupations,71,58,13
E01002164,"8. Process, plant and machine operatives",44,36,8
E01002164,9. Elementary occupations,71,58,13
E01002165,"1. Managers, directors and senior officials",92,73,19
E01002165,2. Professional occupations,124,114,10
E01002165,3. Associate professional and technical occupations,71,32,39
E01002165,4. Administrative and secretarial occupations,82,93,-11
E01002165,5. Skilled trades occupations,187,131,56
E01002165,"6. Caring, leisure and other service occupations",62,78,-16
E01002165,7. Sales and customer service occupations,79,124,-45
E01002165,"8. Process, plant and machine operatives",69,67,2
E01002165,9. Elementary occupations,146,114,32
E01002166,"1. Managers, directors and senior officials",91,58,33
E01002166,2. Professional occupations,132,104,28
E01002166,3. Associate professional and technical occupations,94,42,52
E01002166,4. Administrative and secretarial occupations,91,116,-25
E01002166,5. Skilled trades occupations,140,113,27
E01002166,"6. Caring, leisure and other service occupations",60,59,1
E01002166,7. Sales and customer service occupations,68,112,-44
E01002166,"8. Process, plant and machine operatives",59,47,12
E01002166,9. Elementary occupations,113,107,6
E01002167,"1. Managers, directors and senior officials",97,60,37
E01002167,2. Professional occupations,120,100,20
E01002167,3. Associate professional and technical occupations,100,35,65
E01002167,4. Administrative and secretarial occupations,84,118,-34
E01002167,5. Skilled trades occupations,135,131,4
E01002167,"6. Caring, leisure and other service occupations",45,62,-17
E01002167,7. Sales and customer service occupations,58,97,-39
E01002167,"8. Process, plant and machine operatives",68,48,20
E01002167,9. Elementary occupations,118,106,12
E01002168,"1. Managers, directors and senior officials",64,42,22
E01002168,2. Professional occupations,99,79,20
E01002168,3. Associate professional and technical occupations,68,25,43
E01002168,4. Administrative and secretarial occupations,83,99,-16
E01002168,5. Skilled trades occupations,94,67,27
E01002168,"6. Caring, leisure and other service occupations",83,72,11
E01002168,7. Sales and customer service occupations,63,93,-30
E01002168,"8. Process, plant and machine operatives",76,66,10
E01002168,9. Elementary occupations,90,67,23
E01002169,"1. Managers, directors and senior officials",86,65,21
E01002169,2. Professional occupations,139,96,43
E01002169,3. Associate professional and technical occupations,56,23,33
E01002169,4. Administrative and secretarial occupations,80,138,-58
E01002169,5. Skilled trades occupations,137,103,34
E01002169,"6. Caring, leisure and other service occupations",47,73,-26
E01002169,7. Sales and customer service occupations,63,82,-19
E01002169,"8. Process, plant and machine operatives",48,57,-9
E01002169,9. Elementary occupations,127,83,44
E01002170,"1. Managers, directors and senior officials",80,58,22
E01002170,2. Professional occupations,123,113,10
E01002170,3. Associate professional and technical occupations,75,30,45
E01002170,4. Administrative and secretarial occupations,74,106,-32
E01002170,5. Skilled trades occupations,84,62,22
E01002170,"6. Caring, leisure and other service occupations",44,41,3
E01002170,7. Sales and customer service occupations,70,70,0
E01002170,"8. Process, plant and machine operatives",59,38,21
E01002170,9. Elementary occupations,55,52,3
E01002171,"1. Managers, directors and senior officials",82,86,-4
E01002171,2. Professional occupations,124,131,-7
E01002171,3. Associate professional and technical occupations,66,55,11
E01002171,4. Administrative and secretarial occupations,92,133,-41
E01002171,5. Skilled trades occupations,132,103,29
E01002171,"6. Caring, leisure and other service occupations",59,47,12
E01002171,7. Sales and customer service occupations,82,83,-1
E01002171,"8. Process, plant and machine operatives",66,45,21
E01002171,9. Elementary occupations,105,89,16
E01002172,"1. Managers, directors and senior officials",86,64,22
E01002172,2. Professional occupations,165,113,52
E01002172,3. Associate professional and technical occupations,82,41,41
E01002172,4. Administrative and secretarial occupations,83,106,-23
E01002172,5. Skilled trades occupations,90,91,-1
E01002172,"6. Caring, leisure and other service occupations",61,50,11
E01002172,7. Sales and customer service occupations,62,94,-32
E01002172,"8. Process, plant and machine operatives",67,54,13
E01002172,9. Elementary occupations,71,92,-21
E01002173,"1. Managers, directors and senior officials",107,97,10
E01002173,2. Professional occupations,203,157,46
E01002173,3. Associate professional and technical occupations,108,49,59
E01002173,4. Administrative and secretarial occupations,114,160,-46
E01002173,5. Skilled trades occupations,114,70,44
E01002173,"6. Caring, leisure and other service occupations",73,58,15
E01002173,7. Sales and customer service occupations,63,107,-44
E01002173,"8. Process, plant and machine operatives",77,32,45
E01002173,9. Elementary occupations,106,85,21
E01002174,"1. Managers, directors and senior officials",111,85,26
E01002174,2. Professional occupations,173,165,8
E01002174,3. Associate professional and technical occupations,92,46,46
E01002174,4. Administrative and secretarial occupations,104,143,-39
E01002174,5. Skilled trades occupations,60,54,6
E01002174,"6. Caring, leisure and other service occupations",44,55,-11
E01002174,7. Sales and customer service occupations,61,86,-25
E01002174,"8. Process, plant and machine operatives",44,46,-2
E01002174,9. Elementary occupations,67,62,5
E01002175,"1. Managers, directors and senior officials",98,88,10
E01002175,2. Professional occupations,150,155,-5
E01002175,3. Associate professional and technical occupations,78,37,41
E01002175,4. Administrative and secretarial occupations,76,109,-33
E01002175,5. Skilled trades occupations,88,70,18
E01002175,"6. Caring, leisure and other service occupations",38,37,1
E01002175,7. Sales and customer service occupations,50,94,-44
E01002175,"8. Process, plant and machine operatives",32,45,-13
E01002175,9. Elementary occupations,59,63,-4
E01002176,"1. Managers, directors and senior officials",128,102,26
E01002176,2. Professional occupations,216,188,28
E01002176,3. Associate professional and technical occupations,76,38,38
E01002176,4. Administrative and secretarial occupations,93,124,-31
E01002176,5. Skilled trades occupations,93,78,15
E01002176,"6. Caring, leisure and other service occupations",55,66,-11
E01002176,7. Sales and customer service occupations,70,101,-31
E01002176,"8. Process, plant and machine operatives",60,59,1
E01002176,9. Elementary occupations,80,90,-10
E01002177,"1. Managers, directors and senior officials",93,75,18
E01002177,2. Professional occupations,170,121,49
E01002177,3. Associate professional and technical occupations,91,42,49
E01002177,4. Administrative and secretarial occupations,95,99,-4
E01002177,5. Skilled trades occupations,86,57,29
E01002177,"6. Caring, leisure and other service occupations",34,60,-26
E01002177,7. Sales and customer service occupations,64,74,-10
E01002177,"8. Process, plant and machine operatives",52,34,18
E01002177,9. Elementary occupations,83,56,27
E01002178,"1. Managers, directors and senior officials",108,72,36
E01002178,2. Professional occupations,211,160,51
E01002178,3. Associate professional and technical occupations,105,50,55
E01002178,4. Administrative and secretarial occupations,95,134,-39
E01002178,5. Skilled trades occupations,71,73,-2
E01002178,"6. Caring, leisure and other service occupations",50,57,-7
E01002178,7. Sales and customer service occupations,55,85,-30
E01002178,"8. Process, plant and machine operatives",50,48,2
E01002178,9. Elementary occupations,74,66,8
E01002179,"1. Managers, directors and senior officials",112,85,27
E01002179,2. Professional occupations,290,216,74
E01002179,3. Associate professional and technical occupations,112,40,72
E01002179,4. Administrative and secretarial occupations,91,114,-23
E01002179,5. Skilled trades occupations,148,123,25
E01002179,"6. Caring, leisure and other service occupations",104,85,19
E01002179,7. Sales and customer service occupations,116,126,-10
E01002179,"8. Process, plant and machine operatives",96,58,38
E01002179,9. Elementary occupations,165,133,32
E01002181,"1. Managers, directors and senior officials",159,112,47
E01002181,2. Professional occupations,359,285,74
E01002181,3. Associate professional and technical occupations,164,56,108
E01002181,4. Administrative and secretarial occupations,106,113,-7
E01002181,5. Skilled trades occupations,106,65,41
E01002181,"6. Caring, leisure and other service occupations",84,69,15
E01002181,7. Sales and customer service occupations,67,81,-14
E01002181,"8. Process, plant and machine operatives",79,60,19
E01002181,9. Elementary occupations,118,72,46
E01002182,"1. Managers, directors and senior officials",106,123,-17
E01002182,2. Professional occupations,266,274,-8
E01002182,3. Associate professional and technical occupations,129,57,72
E01002182,4. Administrative and secretarial occupations,104,115,-11
E01002182,5. Skilled trades occupations,97,67,30
E01002182,"6. Caring, leisure and other service occupations",71,80,-9
E01002182,7. Sales and customer service occupations,83,103,-20
E01002182,"8. Process, plant and machine operatives",68,33,35
E01002182,9. Elementary occupations,118,83,35
E01002183,"1. Managers, directors and senior officials",92,89,3
E01002183,2. Professional occupations,170,169,1
E01002183,3. Associate professional and technical occupations,90,44,46
E01002183,4. Administrative and secretarial occupations,73,125,-52
E01002183,5. Skilled trades occupations,107,115,-8
E01002183,"6. Caring, leisure and other service occupations",87,103,-16
E01002183,7. Sales and customer service occupations,81,88,-7
E01002183,"8. Process, plant and machine operatives",84,82,2
E01002183,9. Elementary occupations,134,122,12
E01002184,"1. Managers, directors and senior officials",85,68,17
E01002184,2. Professional occupations,135,135,0
E01002184,3. Associate professional and technical occupations,83,35,48
E01002184,4. Administrative and secretarial occupations,89,118,-29
E01002184,5. Skilled trades occupations,123,107,16
E01002184,"6. Caring, leisure and other service occupations",78,82,-4
E01002184,7. Sales and customer service occupations,72,92,-20
E01002184,"8. Process, plant and machine operatives",96,72,24
E01002184,9. Elementary occupations,135,116,19
E01002185,"1. Managers, directors and senior officials",85,83,2
E01002185,2. Professional occupations,215,150,65
E01002185,3. Associate professional and technical occupations,109,41,68
E01002185,4. Administrative and secretarial occupations,78,97,-19
E01002185,5. Skilled trades occupations,56,67,-11
E01002185,"6. Caring, leisure and other service occupations",87,80,7
E01002185,7. Sales and customer service occupations,74,77,-3
E01002185,"8. Process, plant and machine operatives",64,58,6
E01002185,9. Elementary occupations,82,81,1
E01002186,"1. Managers, directors and senior officials",142,79,63
E01002186,2. Professional occupations,236,168,68
E01002186,3. Associate professional and technical occupations,114,45,69
E01002186,4. Administrative and secretarial occupations,90,66,24
E01002186,5. Skilled trades occupations,79,50,29
E01002186,"6. Caring, leisure and other service occupations",63,51,12
E01002186,7. Sales and customer service occupations,48,37,11
E01002186,"8. Process, plant and machine operatives",35,28,7
E01002186,9. Elementary occupations,83,49,34
E01002187,"1. Managers, directors and senior officials",171,132,39
E01002187,2. Professional occupations,305,237,68
E01002187,3. Associate professional and technical occupations,122,47,75
E01002187,4. Administrative and secretarial occupations,81,114,-33
E01002187,5. Skilled trades occupations,39,36,3
E01002187,"6. Caring, leisure and other service occupations",51,62,-11
E01002187,7. Sales and customer service occupations,42,47,-5
E01002187,"8. Process, plant and machine operatives",33,29,4
E01002187,9. Elementary occupations,29,41,-12
E01002188,"1. Managers, directors and senior officials",206,159,47
E01002188,2. Professional occupations,259,266,-7
E01002188,3. Associate professional and technical occupations,111,43,68
E01002188,4. Administrative and secretarial occupations,69,88,-19
E01002188,5. Skilled trades occupations,25,27,-2
E01002188,"6. Caring, leisure and other service occupations",30,39,-9
E01002188,7. Sales and customer service occupations,21,28,-7
E01002188,"8. Process, plant and machine operatives",8,7,1
E01002188,9. Elementary occupations,11,14,-3
E01002189,"1. Managers, directors and senior officials",181,164,17
E01002189,2. Professional occupations,281,243,38
E01002189,3. Associate professional and technical occupations,110,51,59
E01002189,4. Administrative and secretarial occupations,90,104,-14
E01002189,5. Skilled trades occupations,39,36,3
E01002189,"6. Caring, leisure and other service occupations",37,37,0
E01002189,7. Sales and customer service occupations,40,36,4
E01002189,"8. Process, plant and machine operatives",24,19,5
E01002189,9. Elementary occupations,39,42,-3
E01002190,"1. Managers, directors and senior officials",211,153,58
E01002190,2. Professional occupations,284,243,41
E01002190,3. Associate professional and technical occupations,93,32,61
E01002190,4. Administrative and secretarial occupations,89,111,-22
E01002190,5. Skilled trades occupations,42,31,11
E01002190,"6. Caring, leisure and other service occupations",27,46,-19
E01002190,7. Sales and customer service occupations,19,48,-29
E01002190,"8. Process, plant and machine operatives",15,20,-5
E01002190,9. Elementary occupations,19,30,-11
E01002191,"1. Managers, directors and senior officials",175,142,33
E01002191,2. Professional occupations,363,262,101
E01002191,3. Associate professional and technical occupations,139,59,80
E01002191,4. Administrative and secretarial occupations,108,147,-39
E01002191,5. Skilled trades occupations,75,57,18
E01002191,"6. Caring, leisure and other service occupations",46,56,-10
E01002191,7. Sales and customer service occupations,53,66,-13
E01002191,"8. Process, plant and machine operatives",34,25,9
E01002191,9. Elementary occupations,49,45,4
E01002192,"1. Managers, directors and senior officials",146,117,29
E01002192,2. Professional occupations,309,238,71
E01002192,3. Associate professional and technical occupations,97,39,58
E01002192,4. Administrative and secretarial occupations,65,91,-26
E01002192,5. Skilled trades occupations,25,37,-12
E01002192,"6. Caring, leisure and other service occupations",42,51,-9
E01002192,7. Sales and customer service occupations,38,36,2
E01002192,"8. Process, plant and machine operatives",13,13,0
E01002192,9. Elementary occupations,30,25,5
E01002193,"1. Managers, directors and senior officials",169,139,30
E01002193,2. Professional occupations,302,240,62
E01002193,3. Associate professional and technical occupations,131,52,79
E01002193,4. Administrative and secretarial occupations,72,106,-34
E01002193,5. Skilled trades occupations,48,60,-12
E01002193,"6. Caring, leisure and other service occupations",56,72,-16
E01002193,7. Sales and customer service occupations,28,52,-24
E01002193,"8. Process, plant and machine operatives",23,23,0
E01002193,9. Elementary occupations,63,39,24
E01002194,"1. Managers, directors and senior officials",191,132,59
E01002194,2. Professional occupations,308,262,46
E01002194,3. Associate professional and technical occupations,137,50,87
E01002194,4. Administrative and secretarial occupations,92,112,-20
E01002194,5. Skilled trades occupations,36,42,-6
E01002194,"6. Caring, leisure and other service occupations",33,46,-13
E01002194,7. Sales and customer service occupations,36,34,2
E01002194,"8. Process, plant and machine operatives",15,21,-6
E01002194,9. Elementary occupations,19,23,-4
E01002195,"1. Managers, directors and senior officials",141,86,55
E01002195,2. Professional occupations,282,199,83
E01002195,3. Associate professional and technical occupations,102,51,51
E01002195,4. Administrative and secretarial occupations,75,125,-50
E01002195,5. Skilled trades occupations,48,56,-8
E01002195,"6. Caring, leisure and other service occupations",44,37,7
E01002195,7. Sales and customer service occupations,48,62,-14
E01002195,"8. Process, plant and machine operatives",24,27,-3
E01002195,9. Elementary occupations,35,41,-6
E01002196,"1. Managers, directors and senior officials",168,136,32
E01002196,2. Professional occupations,311,277,34
E01002196,3. Associate professional and technical occupations,133,56,77
E01002196,4. Administrative and secretarial occupations,93,133,-40
E01002196,5. Skilled trades occupations,34,44,-10
E01002196,"6. Caring, leisure and other service occupations",36,61,-25
E01002196,7. Sales and customer service occupations,31,63,-32
E01002196,"8. Process, plant and machine operatives",31,29,2
E01002196,9. Elementary occupations,23,33,-10
E01002197,"1. Managers, directors and senior officials",66,70,-4
E01002197,2. Professional occupations,173,113,60
E01002197,3. Associate professional and technical occupations,72,33,39
E01002197,4. Administrative and secretarial occupations,80,100,-20
E01002197,5. Skilled trades occupations,91,60,31
E01002197,"6. Caring, leisure and other service occupations",35,33,2
E01002197,7. Sales and customer service occupations,48,80,-32
E01002197,"8. Process, plant and machine operatives",38,32,6
E01002197,9. Elementary occupations,64,59,5
E01002198,"1. Managers, directors and senior officials",96,74,22
E01002198,2. Professional occupations,127,108,19
E01002198,3. Associate professional and technical occupations,76,43,33
E01002198,4. Administrative and secretarial occupations,92,117,-25
E01002198,5. Skilled trades occupations,202,158,44
E01002198,"6. Caring, leisure and other service occupations",76,55,21
E01002198,7. Sales and customer service occupations,89,94,-5
E01002198,"8. Process, plant and machine operatives",71,66,5
E01002198,9. Elementary occupations,145,112,33
E01002199,"1. Managers, directors and senior officials",113,68,45
E01002199,2. Professional occupations,134,148,-14
E01002199,3. Associate professional and technical occupations,82,36,46
E01002199,4. Administrative and secretarial occupations,88,122,-34
E01002199,5. Skilled trades occupations,91,58,33
E01002199,"6. Caring, leisure and other service occupations",44,44,0
E01002199,7. Sales and customer service occupations,67,77,-10
E01002199,"8. Process, plant and machine operatives",60,42,18
E01002199,9. Elementary occupations,75,73,2
E01002200,"1. Managers, directors and senior officials",100,62,38
E01002200,2. Professional occupations,124,104,20
E01002200,3. Associate professional and technical occupations,76,34,42
E01002200,4. Administrative and secretarial occupations,85,117,-32
E01002200,5. Skilled trades occupations,184,103,81
E01002200,"6. Caring, leisure and other service occupations",76,60,16
E01002200,7. Sales and customer service occupations,135,97,38
E01002200,"8. Process, plant and machine operatives",116,38,78
E01002200,9. Elementary occupations,149,105,44
E01002201,"1. Managers, directors and senior officials",107,87,20
E01002201,2. Professional occupations,198,158,40
E01002201,3. Associate professional and technical occupations,83,29,54
E01002201,4. Administrative and secretarial occupations,97,154,-57
E01002201,5. Skilled trades occupations,122,85,37
E01002201,"6. Caring, leisure and other service occupations",37,56,-19
E01002201,7. Sales and customer service occupations,82,111,-29
E01002201,"8. Process, plant and machine operatives",57,47,10
E01002201,9. Elementary occupations,92,72,20
E01002202,"1. Managers, directors and senior officials",75,75,0
E01002202,2. Professional occupations,116,117,-1
E01002202,3. Associate professional and technical occupations,66,25,41
E01002202,4. Administrative and secretarial occupations,69,104,-35
E01002202,5. Skilled trades occupations,202,103,99
E01002202,"6. Caring, leisure and other service occupations",73,76,-3
E01002202,7. Sales and customer service occupations,90,129,-39
E01002202,"8. Process, plant and machine operatives",100,79,21
E01002202,9. Elementary occupations,177,116,61
E01002203,"1. Managers, directors and senior officials",104,81,23
E01002203,2. Professional occupations,152,131,21
E01002203,3. Associate professional and technical occupations,99,47,52
E01002203,4. Administrative and secretarial occupations,85,118,-33
E01002203,5. Skilled trades occupations,157,103,54
E01002203,"6. Caring, leisure and other service occupations",61,57,4
E01002203,7. Sales and customer service occupations,73,98,-25
E01002203,"8. Process, plant and machine operatives",62,61,1
E01002203,9. Elementary occupations,112,67,45
E01002204,"1. Managers, directors and senior officials",95,93,2
E01002204,2. Professional occupations,200,160,40
E01002204,3. Associate professional and technical occupations,86,39,47
E01002204,4. Administrative and secretarial occupations,93,93,0
E01002204,5. Skilled trades occupations,108,63,45
E01002204,"6. Caring, leisure and other service occupations",60,66,-6
E01002204,7. Sales and customer service occupations,93,106,-13
E01002204,"8. Process, plant and machine operatives",67,53,14
E01002204,9. Elementary occupations,99,90,9
E01002206,"1. Managers, directors and senior officials",93,71,22
E01002206,2. Professional occupations,131,122,9
E01002206,3. Associate professional and technical occupations,87,36,51
E01002206,4. Administrative and secretarial occupations,72,114,-42
E01002206,5. Skilled trades occupations,71,55,16
E01002206,"6. Caring, leisure and other service occupations",44,43,1
E01002206,7. Sales and customer service occupations,72,76,-4
E01002206,"8. Process, plant and machine operatives",45,33,12
E01002206,9. Elementary occupations,68,58,10
E01002207,"1. Managers, directors and senior officials",105,74,31
E01002207,2. Professional occupations,197,167,30
E01002207,3. Associate professional and technical occupations,99,42,57
E01002207,4. Administrative and secretarial occupations,93,114,-21
E01002207,5. Skilled trades occupations,92,75,17
E01002207,"6. Caring, leisure and other service occupations",45,57,-12
E01002207,7. Sales and customer service occupations,94,98,-4
E01002207,"8. Process, plant and machine operatives",62,49,13
E01002207,9. Elementary occupations,71,67,4
E01002208,"1. Managers, directors and senior officials",122,82,40
E01002208,2. Professional occupations,246,204,42
E01002208,3. Associate professional and technical occupations,89,38,51
E01002208,4. Administrative and secretarial occupations,67,94,-27
E01002208,5. Skilled trades occupations,36,30,6
E01002208,"6. Caring, leisure and other service occupations",20,28,-8
E01002208,7. Sales and customer service occupations,33,38,-5
E01002208,"8. Process, plant and machine operatives",16,14,2
E01002208,9. Elementary occupations,22,34,-12
E01002209,"1. Managers, directors and senior officials",133,101,32
E01002209,2. Professional occupations,277,219,58
E01002209,3. Associate professional and technical occupations,138,49,89
E01002209,4. Administrative and secretarial occupations,84,105,-21
E01002209,5. Skilled trades occupations,80,66,14
E01002209,"6. Caring, leisure and other service occupations",60,48,12
E01002209,7. Sales and customer service occupations,70,67,3
E01002209,"8. Process, plant and machine operatives",27,24,3
E01002209,9. Elementary occupations,81,59,22
E01002210,"1. Managers, directors and senior officials",95,85,10
E01002210,2. Professional occupations,214,183,31
E01002210,3. Associate professional and technical occupations,99,43,56
E01002210,4. Administrative and secretarial occupations,84,129,-45
E01002210,5. Skilled trades occupations,53,44,9
E01002210,"6. Caring, leisure and other service occupations",50,55,-5
E01002210,7. Sales and customer service occupations,65,85,-20
E01002210,"8. Process, plant and machine operatives",57,36,21
E01002210,9. Elementary occupations,59,51,8
E01002211,"1. Managers, directors and senior officials",77,47,30
E01002211,2. Professional occupations,126,104,22
E01002211,3. Associate professional and technical occupations,84,38,46
E01002211,4. Administrative and secretarial occupations,69,91,-22
E01002211,5. Skilled trades occupations,63,54,9
E01002211,"6. Caring, leisure and other service occupations",74,59,15
E01002211,7. Sales and customer service occupations,74,98,-24
E01002211,"8. Process, plant and machine operatives",42,46,-4
E01002211,9. Elementary occupations,92,71,21
E01002212,"1. Managers, directors and senior officials",82,55,27
E01002212,2. Professional occupations,138,152,-14
E01002212,3. Associate professional and technical occupations,80,49,31
E01002212,4. Administrative and secretarial occupations,86,107,-21
E01002212,5. Skilled trades occupations,72,70,2
E01002212,"6. Caring, leisure and other service occupations",73,70,3
E01002212,7. Sales and customer service occupations,103,97,6
E01002212,"8. Process, plant and machine operatives",79,44,35
E01002212,9. Elementary occupations,116,96,20
E01002214,"1. Managers, directors and senior officials",87,83,4
E01002214,2. Professional occupations,162,137,25
E01002214,3. Associate professional and technical occupations,68,39,29
E01002214,4. Administrative and secretarial occupations,89,90,-1
E01002214,5. Skilled trades occupations,84,70,14
E01002214,"6. Caring, leisure and other service occupations",80,62,18
E01002214,7. Sales and customer service occupations,85,92,-7
E01002214,"8. Process, plant and machine operatives",57,65,-8
E01002214,9. Elementary occupations,93,113,-20
E01002215,"1. Managers, directors and senior officials",57,45,12
E01002215,2. Professional occupations,109,90,19
E01002215,3. Associate professional and technical occupations,81,22,59
E01002215,4. Administrative and secretarial occupations,64,61,3
E01002215,5. Skilled trades occupations,89,51,38
E01002215,"6. Caring, leisure and other service occupations",73,71,2
E01002215,7. Sales and customer service occupations,85,68,17
E01002215,"8. Process, plant and machine operatives",59,58,1
E01002215,9. Elementary occupations,107,90,17
E01002216,"1. Managers, directors and senior officials",104,80,24
E01002216,2. Professional occupations,206,154,52
E01002216,3. Associate professional and technical occupations,96,40,56
E01002216,4. Administrative and secretarial occupations,86,117,-31
E01002216,5. Skilled trades occupations,52,46,6
E01002216,"6. Caring, leisure and other service occupations",41,55,-14
E01002216,7. Sales and customer service occupations,85,100,-15
E01002216,"8. Process, plant and machine operatives",61,46,15
E01002216,9. Elementary occupations,63,59,4
E01002217,"1. Managers, directors and senior officials",125,43,82
E01002217,2. Professional occupations,261,81,180
E01002217,3. Associate professional and technical occupations,131,27,104
E01002217,4. Administrative and secretarial occupations,93,63,30
E01002217,5. Skilled trades occupations,55,43,12
E01002217,"6. Caring, leisure and other service occupations",106,76,30
E01002217,7. Sales and customer service occupations,93,76,17
E01002217,"8. Process, plant and machine operatives",63,42,21
E01002217,9. Elementary occupations,100,77,23
E01002218,"1. Managers, directors and senior officials",103,84,19
E01002218,2. Professional occupations,201,159,42
E01002218,3. Associate professional and technical occupations,96,37,59
E01002218,4. Administrative and secretarial occupations,91,97,-6
E01002218,5. Skilled trades occupations,73,60,13
E01002218,"6. Caring, leisure and other service occupations",44,38,6
E01002218,7. Sales and customer service occupations,87,87,0
E01002218,"8. Process, plant and machine operatives",81,49,32
E01002218,9. Elementary occupations,98,73,25
E01002219,"1. Managers, directors and senior officials",77,73,4
E01002219,2. Professional occupations,140,146,-6
E01002219,3. Associate professional and technical occupations,71,29,42
E01002219,4. Administrative and secretarial occupations,56,96,-40
E01002219,5. Skilled trades occupations,103,64,39
E01002219,"6. Caring, leisure and other service occupations",80,60,20
E01002219,7. Sales and customer service occupations,102,102,0
E01002219,"8. Process, plant and machine operatives",88,53,35
E01002219,9. Elementary occupations,145,139,6
E01002220,"1. Managers, directors and senior officials",94,72,22
E01002220,2. Professional occupations,178,112,66
E01002220,3. Associate professional and technical occupations,83,40,43
E01002220,4. Administrative and secretarial occupations,67,110,-43
E01002220,5. Skilled trades occupations,83,88,-5
E01002220,"6. Caring, leisure and other service occupations",56,63,-7
E01002220,7. Sales and customer service occupations,74,77,-3
E01002220,"8. Process, plant and machine operatives",57,54,3
E01002220,9. Elementary occupations,86,98,-12
E01002221,"1. Managers, directors and senior officials",80,75,5
E01002221,2. Professional occupations,128,103,25
E01002221,3. Associate professional and technical occupations,99,39,60
E01002221,4. Administrative and secretarial occupations,73,113,-40
E01002221,5. Skilled trades occupations,78,62,16
E01002221,"6. Caring, leisure and other service occupations",65,62,3
E01002221,7. Sales and customer service occupations,79,79,0
E01002221,"8. Process, plant and machine operatives",76,50,26
E01002221,9. Elementary occupations,108,126,-18
E01002222,"1. Managers, directors and senior officials",89,70,19
E01002222,2. Professional occupations,186,125,61
E01002222,3. Associate professional and technical occupations,93,47,46
E01002222,4. Administrative and secretarial occupations,86,109,-23
E01002222,5. Skilled trades occupations,69,60,9
E01002222,"6. Caring, leisure and other service occupations",63,58,5
E01002222,7. Sales and customer service occupations,73,80,-7
E01002222,"8. Process, plant and machine operatives",64,68,-4
E01002222,9. Elementary occupations,75,89,-14
E01002223,"1. Managers, directors and senior officials",98,99,-1
E01002223,2. Professional occupations,188,133,55
E01002223,3. Associate professional and technical occupations,108,39,69
E01002223,4. Administrative and secretarial occupations,107,144,-37
E01002223,5. Skilled trades occupations,101,77,24
E01002223,"6. Caring, leisure and other service occupations",54,74,-20
E01002223,7. Sales and customer service occupations,83,121,-38
E01002223,"8. Process, plant and machine operatives",77,70,7
E01002223,9. Elementary occupations,78,88,-10
E01002224,"1. Managers, directors and senior officials",66,67,-1
E01002224,2. Professional occupations,108,80,28
E01002224,3. Associate professional and technical occupations,73,32,41
E01002224,4. Administrative and secretarial occupations,80,105,-25
E01002224,5. Skilled trades occupations,71,79,-8
E01002224,"6. Caring, leisure and other service occupations",73,55,18
E01002224,7. Sales and customer service occupations,83,69,14
E01002224,"8. Process, plant and machine operatives",66,51,15
E01002224,9. Elementary occupations,101,74,27
E01002225,"1. Managers, directors and senior officials",221,151,70
E01002225,2. Professional occupations,224,184,40
E01002225,3. Associate professional and technical occupations,102,36,66
E01002225,4. Administrative and secretarial occupations,76,82,-6
E01002225,5. Skilled trades occupations,16,28,-12
E01002225,"6. Caring, leisure and other service occupations",33,46,-13
E01002225,7. Sales and customer service occupations,24,29,-5
E01002225,"8. Process, plant and machine operatives",14,17,-3
E01002225,9. Elementary occupations,15,21,-6
E01002226,"1. Managers, directors and senior officials",250,207,43
E01002226,2. Professional occupations,349,259,90
E01002226,3. Associate professional and technical occupations,171,44,127
E01002226,4. Administrative and secretarial occupations,116,147,-31
E01002226,5. Skilled trades occupations,74,48,26
E01002226,"6. Caring, leisure and other service occupations",91,70,21
E01002226,7. Sales and customer service occupations,71,67,4
E01002226,"8. Process, plant and machine operatives",61,37,24
E01002226,9. Elementary occupations,68,52,16
E01002227,"1. Managers, directors and senior officials",87,69,18
E01002227,2. Professional occupations,130,111,19
E01002227,3. Associate professional and technical occupations,87,37,50
E01002227,4. Administrative and secretarial occupations,85,93,-8
E01002227,5. Skilled trades occupations,138,74,64
E01002227,"6. Caring, leisure and other service occupations",74,56,18
E01002227,7. Sales and customer service occupations,65,77,-12
E01002227,"8. Process, plant and machine operatives",59,47,12
E01002227,9. Elementary occupations,112,63,49
E01002228,"1. Managers, directors and senior officials",196,180,16
E01002228,2. Professional occupations,276,222,54
E01002228,3. Associate professional and technical occupations,161,111,50
E01002228,4. Administrative and secretarial occupations,119,129,-10
E01002228,5. Skilled trades occupations,51,36,15
E01002228,"6. Caring, leisure and other service occupations",61,54,7
E01002228,7. Sales and customer service occupations,64,45,19
E01002228,"8. Process, plant and machine operatives",41,18,23
E01002228,9. Elementary occupations,76,60,16
E01002229,"1. Managers, directors and senior officials",161,114,47
E01002229,2. Professional occupations,192,179,13
E01002229,3. Associate professional and technical occupations,97,46,51
E01002229,4. Administrative and secretarial occupations,74,117,-43
E01002229,5. Skilled trades occupations,74,66,8
E01002229,"6. Caring, leisure and other service occupations",71,38,33
E01002229,7. Sales and customer service occupations,44,64,-20
E01002229,"8. Process, plant and machine operatives",51,34,17
E01002229,9. Elementary occupations,59,38,21
E01002230,"1. Managers, directors and senior officials",174,141,33
E01002230,2. Professional occupations,247,216,31
E01002230,3. Associate professional and technical occupations,106,53,53
E01002230,4. Administrative and secretarial occupations,83,139,-56
E01002230,5. Skilled trades occupations,78,52,26
E01002230,"6. Caring, leisure and other service occupations",46,55,-9
E01002230,7. Sales and customer service occupations,43,51,-8
E01002230,"8. Process, plant and machine operatives",39,40,-1
E01002230,9. Elementary occupations,57,56,1
E01002231,"1. Managers, directors and senior officials",104,79,25
E01002231,2. Professional occupations,199,121,78
E01002231,3. Associate professional and technical occupations,109,48,61
E01002231,4. Administrative and secretarial occupations,88,121,-33
E01002231,5. Skilled trades occupations,101,90,11
E01002231,"6. Caring, leisure and other service occupations",73,77,-4
E01002231,7. Sales and customer service occupations,88,86,2
E01002231,"8. Process, plant and machine operatives",103,64,39
E01002231,9. Elementary occupations,87,82,5
E01002232,"1. Managers, directors and senior officials",96,79,17
E01002232,2. Professional occupations,173,166,7
E01002232,3. Associate professional and technical occupations,93,32,61
E01002232,4. Administrative and secretarial occupations,81,119,-38
E01002232,5. Skilled trades occupations,104,98,6
E01002232,"6. Caring, leisure and other service occupations",88,92,-4
E01002232,7. Sales and customer service occupations,68,91,-23
E01002232,"8. Process, plant and machine operatives",78,67,11
E01002232,9. Elementary occupations,105,90,15
E01002233,"1. Managers, directors and senior officials",118,55,63
E01002233,2. Professional occupations,211,173,38
E01002233,3. Associate professional and technical occupations,119,42,77
E01002233,4. Administrative and secretarial occupations,84,114,-30
E01002233,5. Skilled trades occupations,131,96,35
E01002233,"6. Caring, leisure and other service occupations",119,78,41
E01002233,7. Sales and customer service occupations,93,108,-15
E01002233,"8. Process, plant and machine operatives",95,65,30
E01002233,9. Elementary occupations,142,81,61
E01002234,"1. Managers, directors and senior officials",118,67,51
E01002234,2. Professional occupations,197,104,93
E01002234,3. Associate professional and technical occupations,90,32,58
E01002234,4. Administrative and secretarial occupations,102,107,-5
E01002234,5. Skilled trades occupations,114,94,20
E01002234,"6. Caring, leisure and other service occupations",81,71,10
E01002234,7. Sales and customer service occupations,77,92,-15
E01002234,"8. Process, plant and machine operatives",70,67,3
E01002234,9. Elementary occupations,103,90,13
E01002235,"1. Managers, directors and senior officials",73,53,20
E01002235,2. Professional occupations,129,106,23
E01002235,3. Associate professional and technical occupations,75,30,45
E01002235,4. Administrative and secretarial occupations,53,76,-23
E01002235,5. Skilled trades occupations,115,80,35
E01002235,"6. Caring, leisure and other service occupations",74,68,6
E01002235,7. Sales and customer service occupations,68,77,-9
E01002235,"8. Process, plant and machine operatives",83,63,20
E01002235,9. Elementary occupations,108,101,7
E01002236,"1. Managers, directors and senior officials",109,67,42
E01002236,2. Professional occupations,202,111,91
E01002236,3. Associate professional and technical occupations,107,38,69
E01002236,4. Administrative and secretarial occupations,105,118,-13
E01002236,5. Skilled trades occupations,109,87,22
E01002236,"6. Caring, leisure and other service occupations",102,78,24
E01002236,7. Sales and customer service occupations,90,89,1
E01002236,"8. Process, plant and machine operatives",96,77,19
E01002236,9. Elementary occupations,166,143,23
E01002237,"1. Managers, directors and senior officials",145,71,74
E01002237,2. Professional occupations,249,217,32
E01002237,3. Associate professional and technical occupations,180,61,119
E01002237,4. Administrative and secretarial occupations,81,126,-45
E01002237,5. Skilled trades occupations,157,45,112
E01002237,"6. Caring, leisure and other service occupations",119,67,52
E01002237,7. Sales and customer service occupations,81,68,13
E01002237,"8. Process, plant and machine operatives",70,52,18
E01002237,9. Elementary occupations,120,74,46
E01002238,"1. Managers, directors and senior officials",126,86,40
E01002238,2. Professional occupations,271,260,11
E01002238,3. Associate professional and technical occupations,113,50,63
E01002238,4. Administrative and secretarial occupations,91,117,-26
E01002238,5. Skilled trades occupations,94,67,27
E01002238,"6. Caring, leisure and other service occupations",68,65,3
E01002238,7. Sales and customer service occupations,44,74,-30
E01002238,"8. Process, plant and machine operatives",44,41,3
E01002238,9. Elementary occupations,77,65,12
E01002239,"1. Managers, directors and senior officials",143,78,65
E01002239,2. Professional occupations,312,213,99
E01002239,3. Associate professional and technical occupations,117,42,75
E01002239,4. Administrative and secretarial occupations,93,124,-31
E01002239,5. Skilled trades occupations,66,60,6
E01002239,"6. Caring, leisure and other service occupations",58,57,1
E01002239,7. Sales and customer service occupations,49,63,-14
E01002239,"8. Process, plant and machine operatives",60,40,20
E01002239,9. Elementary occupations,59,39,20
E01002240,"1. Managers, directors and senior officials",97,75,22
E01002240,2. Professional occupations,260,212,48
E01002240,3. Associate professional and technical occupations,119,41,78
E01002240,4. Administrative and secretarial occupations,89,111,-22
E01002240,5. Skilled trades occupations,81,54,27
E01002240,"6. Caring, leisure and other service occupations",79,61,18
E01002240,7. Sales and customer service occupations,78,68,10
E01002240,"8. Process, plant and machine operatives",37,43,-6
E01002240,9. Elementary occupations,105,66,39
E01002241,"1. Managers, directors and senior officials",119,78,41
E01002241,2. Professional occupations,209,144,65
E01002241,3. Associate professional and technical occupations,131,50,81
E01002241,4. Administrative and secretarial occupations,86,125,-39
E01002241,5. Skilled trades occupations,61,55,6
E01002241,"6. Caring, leisure and other service occupations",64,61,3
E01002241,7. Sales and customer service occupations,75,78,-3
E01002241,"8. Process, plant and machine operatives",59,33,26
E01002241,9. Elementary occupations,76,53,23
E01002242,"1. Managers, directors and senior officials",136,103,33
E01002242,2. Professional occupations,288,263,25
E01002242,3. Associate professional and technical occupations,106,51,55
E01002242,4. Administrative and secretarial occupations,105,172,-67
E01002242,5. Skilled trades occupations,59,68,-9
E01002242,"6. Caring, leisure and other service occupations",57,63,-6
E01002242,7. Sales and customer service occupations,53,67,-14
E01002242,"8. Process, plant and machine operatives",26,28,-2
E01002242,9. Elementary occupations,58,55,3
E01002243,"1. Managers, directors and senior officials",110,84,26
E01002243,2. Professional occupations,172,139,33
E01002243,3. Associate professional and technical occupations,124,59,65
E01002243,4. Administrative and secretarial occupations,105,119,-14
E01002243,5. Skilled trades occupations,97,94,3
E01002243,"6. Caring, leisure and other service occupations",79,89,-10
E01002243,7. Sales and customer service occupations,60,49,11
E01002243,"8. Process, plant and machine operatives",61,56,5
E01002243,9. Elementary occupations,103,70,33
E01002244,"1. Managers, directors and senior officials",118,92,26
E01002244,2. Professional occupations,192,127,65
E01002244,3. Associate professional and technical occupations,124,72,52
E01002244,4. Administrative and secretarial occupations,136,162,-26
E01002244,5. Skilled trades occupations,101,83,18
E01002244,"6. Caring, leisure and other service occupations",73,67,6
E01002244,7. Sales and customer service occupations,63,64,-1
E01002244,"8. Process, plant and machine operatives",51,72,-21
E01002244,9. Elementary occupations,64,63,1
E01002245,"1. Managers, directors and senior officials",96,67,29
E01002245,2. Professional occupations,180,105,75
E01002245,3. Associate professional and technical occupations,89,53,36
E01002245,4. Administrative and secretarial occupations,100,128,-28
E01002245,5. Skilled trades occupations,91,74,17
E01002245,"6. Caring, leisure and other service occupations",86,77,9
E01002245,7. Sales and customer service occupations,42,58,-16
E01002245,"8. Process, plant and machine operatives",54,54,0
E01002245,9. Elementary occupations,75,54,21
E01002246,"1. Managers, directors and senior officials",79,49,30
E01002246,2. Professional occupations,151,119,32
E01002246,3. Associate professional and technical occupations,105,56,49
E01002246,4. Administrative and secretarial occupations,121,143,-22
E01002246,5. Skilled trades occupations,107,100,7
E01002246,"6. Caring, leisure and other service occupations",62,62,0
E01002246,7. Sales and customer service occupations,74,86,-12
E01002246,"8. Process, plant and machine operatives",56,54,2
E01002246,9. Elementary occupations,73,64,9
E01002247,"1. Managers, directors and senior officials",128,78,50
E01002247,2. Professional occupations,218,156,62
E01002247,3. Associate professional and technical occupations,138,52,86
E01002247,4. Administrative and secretarial occupations,156,160,-4
E01002247,5. Skilled trades occupations,130,109,21
E01002247,"6. Caring, leisure and other service occupations",107,83,24
E01002247,7. Sales and customer service occupations,84,60,24
E01002247,"8. Process, plant and machine operatives",78,61,17
E01002247,9. Elementary occupations,115,76,39
E01002248,"1. Managers, directors and senior officials",71,53,18
E01002248,2. Professional occupations,141,90,51
E01002248,3. Associate professional and technical occupations,70,34,36
E01002248,4. Administrative and secretarial occupations,89,85,4
E01002248,5. Skilled trades occupations,92,91,1
E01002248,"6. Caring, leisure and other service occupations",75,55,20
E01002248,7. Sales and customer service occupations,52,47,5
E01002248,"8. Process, plant and machine operatives",43,47,-4
E01002248,9. Elementary occupations,99,58,41
E01002250,"1. Managers, directors and senior officials",97,70,27
E01002250,2. Professional occupations,161,102,59
E01002250,3. Associate professional and technical occupations,102,44,58
E01002250,4. Administrative and secretarial occupations,116,142,-26
E01002250,5. Skilled trades occupations,119,99,20
E01002250,"6. Caring, leisure and other service occupations",87,78,9
E01002250,7. Sales and customer service occupations,71,58,13
E01002250,"8. Process, plant and machine operatives",65,74,-9
E01002250,9. Elementary occupations,109,73,36
E01002251,"1. Managers, directors and senior officials",73,58,15
E01002251,2. Professional occupations,104,73,31
E01002251,3. Associate professional and technical occupations,67,31,36
E01002251,4. Administrative and secretarial occupations,68,90,-22
E01002251,5. Skilled trades occupations,106,72,34
E01002251,"6. Caring, leisure and other service occupations",64,61,3
E01002251,7. Sales and customer service occupations,65,63,2
E01002251,"8. Process, plant and machine operatives",60,62,-2
E01002251,9. Elementary occupations,92,70,22
E01002252,"1. Managers, directors and senior officials",118,62,56
E01002252,2. Professional occupations,137,90,47
E01002252,3. Associate professional and technical occupations,111,41,70
E01002252,4. Administrative and secretarial occupations,124,162,-38
E01002252,5. Skilled trades occupations,79,72,7
E01002252,"6. Caring, leisure and other service occupations",52,62,-10
E01002252,7. Sales and customer service occupations,44,56,-12
E01002252,"8. Process, plant and machine operatives",33,54,-21
E01002252,9. Elementary occupations,44,48,-4
E01002253,"1. Managers, directors and senior officials",122,99,23
E01002253,2. Professional occupations,171,143,28
E01002253,3. Associate professional and technical occupations,123,42,81
E01002253,4. Administrative and secretarial occupations,137,144,-7
E01002253,5. Skilled trades occupations,55,61,-6
E01002253,"6. Caring, leisure and other service occupations",31,44,-13
E01002253,7. Sales and customer service occupations,39,36,3
E01002253,"8. Process, plant and machine operatives",31,36,-5
E01002253,9. Elementary occupations,36,39,-3
E01002254,"1. Managers, directors and senior officials",136,89,47
E01002254,2. Professional occupations,183,137,46
E01002254,3. Associate professional and technical occupations,127,42,85
E01002254,4. Administrative and secretarial occupations,110,155,-45
E01002254,5. Skilled trades occupations,61,66,-5
E01002254,"6. Caring, leisure and other service occupations",27,44,-17
E01002254,7. Sales and customer service occupations,32,64,-32
E01002254,"8. Process, plant and machine operatives",32,33,-1
E01002254,9. Elementary occupations,34,34,0
E01002255,"1. Managers, directors and senior officials",83,64,19
E01002255,2. Professional occupations,197,126,71
E01002255,3. Associate professional and technical occupations,137,54,83
E01002255,4. Administrative and secretarial occupations,122,142,-20
E01002255,5. Skilled trades occupations,64,84,-20
E01002255,"6. Caring, leisure and other service occupations",60,54,6
E01002255,7. Sales and customer service occupations,40,55,-15
E01002255,"8. Process, plant and machine operatives",30,41,-11
E01002255,9. Elementary occupations,45,38,7
E01002256,"1. Managers, directors and senior officials",83,74,9
E01002256,2. Professional occupations,172,94,78
E01002256,3. Associate professional and technical occupations,108,55,53
E01002256,4. Administrative and secretarial occupations,107,139,-32
E01002256,5. Skilled trades occupations,98,74,24
E01002256,"6. Caring, leisure and other service occupations",58,63,-5
E01002256,7. Sales and customer service occupations,43,52,-9
E01002256,"8. Process, plant and machine operatives",44,45,-1
E01002256,9. Elementary occupations,36,52,-16
E01002257,"1. Managers, directors and senior officials",184,112,72
E01002257,2. Professional occupations,210,161,49
E01002257,3. Associate professional and technical occupations,121,40,81
E01002257,4. Administrative and secretarial occupations,110,117,-7
E01002257,5. Skilled trades occupations,40,50,-10
E01002257,"6. Caring, leisure and other service occupations",28,42,-14
E01002257,7. Sales and customer service occupations,28,48,-20
E01002257,"8. Process, plant and machine operatives",12,23,-11
E01002257,9. Elementary occupations,25,23,2
E01002258,"1. Managers, directors and senior officials",93,77,16
E01002258,2. Professional occupations,167,105,62
E01002258,3. Associate professional and technical occupations,118,54,64
E01002258,4. Administrative and secretarial occupations,102,139,-37
E01002258,5. Skilled trades occupations,89,66,23
E01002258,"6. Caring, leisure and other service occupations",65,57,8
E01002258,7. Sales and customer service occupations,65,61,4
E01002258,"8. Process, plant and machine operatives",43,46,-3
E01002258,9. Elementary occupations,62,55,7
E01002259,"1. Managers, directors and senior officials",95,78,17
E01002259,2. Professional occupations,149,99,50
E01002259,3. Associate professional and technical occupations,119,49,70
E01002259,4. Administrative and secretarial occupations,123,117,6
E01002259,5. Skilled trades occupations,84,76,8
E01002259,"6. Caring, leisure and other service occupations",40,45,-5
E01002259,7. Sales and customer service occupations,47,66,-19
E01002259,"8. Process, plant and machine operatives",27,49,-22
E01002259,9. Elementary occupations,52,47,5
E01002260,"1. Managers, directors and senior officials",108,57,51
E01002260,2. Professional occupations,176,92,84
E01002260,3. Associate professional and technical occupations,132,43,89
E01002260,4. Administrative and secretarial occupations,107,132,-25
E01002260,5. Skilled trades occupations,93,79,14
E01002260,"6. Caring, leisure and other service occupations",61,68,-7
E01002260,7. Sales and customer service occupations,62,60,2
E01002260,"8. Process, plant and machine operatives",57,60,-3
E01002260,9. Elementary occupations,93,87,6
E01002261,"1. Managers, directors and senior officials",97,55,42
E01002261,2. Professional occupations,161,90,71
E01002261,3. Associate professional and technical occupations,106,56,50
E01002261,4. Administrative and secretarial occupations,127,147,-20
E01002261,5. Skilled trades occupations,98,115,-17
E01002261,"6. Caring, leisure and other service occupations",62,89,-27
E01002261,7. Sales and customer service occupations,54,65,-11
E01002261,"8. Process, plant and machine operatives",66,62,4
E01002261,9. Elementary occupations,92,81,11
E01002262,"1. Managers, directors and senior officials",98,53,45
E01002262,2. Professional occupations,181,98,83
E01002262,3. Associate professional and technical occupations,107,38,69
E01002262,4. Administrative and secretarial occupations,97,142,-45
E01002262,5. Skilled trades occupations,93,106,-13
E01002262,"6. Caring, leisure and other service occupations",72,75,-3
E01002262,7. Sales and customer service occupations,64,56,8
E01002262,"8. Process, plant and machine operatives",83,65,18
E01002262,9. Elementary occupations,77,64,13
E01002263,"1. Managers, directors and senior officials",111,79,32
E01002263,2. Professional occupations,164,122,42
E01002263,3. Associate professional and technical occupations,106,65,41
E01002263,4. Administrative and secretarial occupations,113,162,-49
E01002263,5. Skilled trades occupations,82,94,-12
E01002263,"6. Caring, leisure and other service occupations",57,66,-9
E01002263,7. Sales and customer service occupations,44,61,-17
E01002263,"8. Process, plant and machine operatives",49,60,-11
E01002263,9. Elementary occupations,55,78,-23
E01002264,"1. Managers, directors and senior officials",57,40,17
E01002264,2. Professional occupations,90,63,27
E01002264,3. Associate professional and technical occupations,94,25,69
E01002264,4. Administrative and secretarial occupations,104,101,3
E01002264,5. Skilled trades occupations,78,74,4
E01002264,"6. Caring, leisure and other service occupations",96,50,46
E01002264,7. Sales and customer service occupations,57,62,-5
E01002264,"8. Process, plant and machine operatives",66,43,23
E01002264,9. Elementary occupations,71,78,-7
E01002265,"1. Managers, directors and senior officials",84,63,21
E01002265,2. Professional occupations,153,104,49
E01002265,3. Associate professional and technical occupations,113,67,46
E01002265,4. Administrative and secretarial occupations,122,181,-59
E01002265,5. Skilled trades occupations,89,51,38
E01002265,"6. Caring, leisure and other service occupations",61,63,-2
E01002265,7. Sales and customer service occupations,42,66,-24
E01002265,"8. Process, plant and machine operatives",50,69,-19
E01002265,9. Elementary occupations,59,61,-2
E01002266,"1. Managers, directors and senior officials",81,51,30
E01002266,2. Professional occupations,129,59,70
E01002266,3. Associate professional and technical occupations,87,37,50
E01002266,4. Administrative and secretarial occupations,109,118,-9
E01002266,5. Skilled trades occupations,94,87,7
E01002266,"6. Caring, leisure and other service occupations",65,64,1
E01002266,7. Sales and customer service occupations,56,51,5
E01002266,"8. Process, plant and machine operatives",60,72,-12
E01002266,9. Elementary occupations,61,73,-12
E01002267,"1. Managers, directors and senior officials",75,57,18
E01002267,2. Professional occupations,143,57,86
E01002267,3. Associate professional and technical occupations,102,49,53
E01002267,4. Administrative and secretarial occupations,118,117,1
E01002267,5. Skilled trades occupations,68,75,-7
E01002267,"6. Caring, leisure and other service occupations",75,58,17
E01002267,7. Sales and customer service occupations,75,92,-17
E01002267,"8. Process, plant and machine operatives",70,61,9
E01002267,9. Elementary occupations,83,68,15
E01002268,"1. Managers, directors and senior officials",101,94,7
E01002268,2. Professional occupations,155,98,57
E01002268,3. Associate professional and technical occupations,113,26,87
E01002268,4. Administrative and secretarial occupations,90,116,-26
E01002268,5. Skilled trades occupations,68,64,4
E01002268,"6. Caring, leisure and other service occupations",58,55,3
E01002268,7. Sales and customer service occupations,45,48,-3
E01002268,"8. Process, plant and machine operatives",41,41,0
E01002268,9. Elementary occupations,49,53,-4
E01002269,"1. Managers, directors and senior officials",122,86,36
E01002269,2. Professional occupations,183,112,71
E01002269,3. Associate professional and technical occupations,113,53,60
E01002269,4. Administrative and secretarial occupations,136,156,-20
E01002269,5. Skilled trades occupations,90,94,-4
E01002269,"6. Caring, leisure and other service occupations",72,79,-7
E01002269,7. Sales and customer service occupations,63,73,-10
E01002269,"8. Process, plant and machine operatives",71,55,16
E01002269,9. Elementary occupations,75,65,10
E01002270,"1. Managers, directors and senior officials",216,191,25
E01002270,2. Professional occupations,232,173,59
E01002270,3. Associate professional and technical occupations,84,28,56
E01002270,4. Administrative and secretarial occupations,116,133,-17
E01002270,5. Skilled trades occupations,36,71,-35
E01002270,"6. Caring, leisure and other service occupations",34,47,-13
E01002270,7. Sales and customer service occupations,34,38,-4
E01002270,"8. Process, plant and machine operatives",21,27,-6
E01002270,9. Elementary occupations,34,30,4
E01002271,"1. Managers, directors and senior officials",181,144,37
E01002271,2. Professional occupations,186,150,36
E01002271,3. Associate professional and technical occupations,88,32,56
E01002271,4. Administrative and secretarial occupations,116,116,0
E01002271,5. Skilled trades occupations,43,64,-21
E01002271,"6. Caring, leisure and other service occupations",36,35,1
E01002271,7. Sales and customer service occupations,36,28,8
E01002271,"8. Process, plant and machine operatives",20,30,-10
E01002271,9. Elementary occupations,22,33,-11
E01002272,"1. Managers, directors and senior officials",92,89,3
E01002272,2. Professional occupations,151,92,59
E01002272,3. Associate professional and technical occupations,106,55,51
E01002272,4. Administrative and secretarial occupations,100,120,-20
E01002272,5. Skilled trades occupations,69,86,-17
E01002272,"6. Caring, leisure and other service occupations",44,48,-4
E01002272,7. Sales and customer service occupations,41,50,-9
E01002272,"8. Process, plant and machine operatives",40,43,-3
E01002272,9. Elementary occupations,31,30,1
E01002273,"1. Managers, directors and senior officials",116,95,21
E01002273,2. Professional occupations,147,110,37
E01002273,3. Associate professional and technical occupations,91,36,55
E01002273,4. Administrative and secretarial occupations,84,111,-27
E01002273,5. Skilled trades occupations,60,62,-2
E01002273,"6. Caring, leisure and other service occupations",28,45,-17
E01002273,7. Sales and customer service occupations,32,36,-4
E01002273,"8. Process, plant and machine operatives",26,33,-7
E01002273,9. Elementary occupations,29,44,-15
E01002274,"1. Managers, directors and senior officials",140,98,42
E01002274,2. Professional occupations,175,128,47
E01002274,3. Associate professional and technical occupations,118,53,65
E01002274,4. Administrative and secretarial occupations,144,167,-23
E01002274,5. Skilled trades occupations,67,85,-18
E01002274,"6. Caring, leisure and other service occupations",61,41,20
E01002274,7. Sales and customer service occupations,50,48,2
E01002274,"8. Process, plant and machine operatives",39,49,-10
E01002274,9. Elementary occupations,55,46,9
E01002275,"1. Managers, directors and senior officials",122,119,3
E01002275,2. Professional occupations,134,102,32
E01002275,3. Associate professional and technical occupations,76,32,44
E01002275,4. Administrative and secretarial occupations,102,111,-9
E01002275,5. Skilled trades occupations,43,62,-19
E01002275,"6. Caring, leisure and other service occupations",32,53,-21
E01002275,7. Sales and customer service occupations,24,47,-23
E01002275,"8. Process, plant and machine operatives",26,39,-13
E01002275,9. Elementary occupations,31,30,1
E01002276,"1. Managers, directors and senior officials",95,77,18
E01002276,2. Professional occupations,166,83,83
E01002276,3. Associate professional and technical occupations,102,50,52
E01002276,4. Administrative and secretarial occupations,116,130,-14
E01002276,5. Skilled trades occupations,133,130,3
E01002276,"6. Caring, leisure and other service occupations",101,81,20
E01002276,7. Sales and customer service occupations,88,72,16
E01002276,"8. Process, plant and machine operatives",70,70,0
E01002276,9. Elementary occupations,102,79,23
E01002277,"1. Managers, directors and senior officials",87,47,40
E01002277,2. Professional occupations,101,55,46
E01002277,3. Associate professional and technical occupations,91,31,60
E01002277,4. Administrative and secretarial occupations,76,109,-33
E01002277,5. Skilled trades occupations,106,104,2
E01002277,"6. Caring, leisure and other service occupations",75,64,11
E01002277,7. Sales and customer service occupations,43,69,-26
E01002277,"8. Process, plant and machine operatives",56,52,4
E01002277,9. Elementary occupations,88,91,-3
E01002278,"1. Managers, directors and senior officials",53,42,11
E01002278,2. Professional occupations,115,49,66
E01002278,3. Associate professional and technical occupations,81,24,57
E01002278,4. Administrative and secretarial occupations,73,79,-6
E01002278,5. Skilled trades occupations,122,88,34
E01002278,"6. Caring, leisure and other service occupations",86,74,12
E01002278,7. Sales and customer service occupations,66,76,-10
E01002278,"8. Process, plant and machine operatives",57,58,-1
E01002278,9. Elementary occupations,116,98,18
E01002279,"1. Managers, directors and senior officials",79,60,19
E01002279,2. Professional occupations,105,70,35
E01002279,3. Associate professional and technical occupations,79,39,40
E01002279,4. Administrative and secretarial occupations,99,104,-5
E01002279,5. Skilled trades occupations,123,111,12
E01002279,"6. Caring, leisure and other service occupations",87,73,14
E01002279,7. Sales and customer service occupations,77,69,8
E01002279,"8. Process, plant and machine operatives",71,55,16
E01002279,9. Elementary occupations,102,84,18
E01002280,"1. Managers, directors and senior officials",74,37,37
E01002280,2. Professional occupations,104,50,54
E01002280,3. Associate professional and technical occupations,60,26,34
E01002280,4. Administrative and secretarial occupations,76,52,24
E01002280,5. Skilled trades occupations,135,76,59
E01002280,"6. Caring, leisure and other service occupations",106,91,15
E01002280,7. Sales and customer service occupations,59,57,2
E01002280,"8. Process, plant and machine operatives",56,52,4
E01002280,9. Elementary occupations,103,76,27
E01002281,"1. Managers, directors and senior officials",110,47,63
E01002281,2. Professional occupations,249,44,205
E01002281,3. Associate professional and technical occupations,129,45,84
E01002281,4. Administrative and secretarial occupations,105,77,28
E01002281,5. Skilled trades occupations,128,92,36
E01002281,"6. Caring, leisure and other service occupations",102,79,23
E01002281,7. Sales and customer service occupations,79,62,17
E01002281,"8. Process, plant and machine operatives",78,57,21
E01002281,9. Elementary occupations,121,86,35
E01002282,"1. Managers, directors and senior officials",65,38,27
E01002282,2. Professional occupations,97,56,41
E01002282,3. Associate professional and technical occupations,79,18,61
E01002282,4. Administrative and secretarial occupations,75,80,-5
E01002282,5. Skilled trades occupations,93,74,19
E01002282,"6. Caring, leisure and other service occupations",105,68,37
E01002282,7. Sales and customer service occupations,69,74,-5
E01002282,"8. Process, plant and machine operatives",58,79,-21
E01002282,9. Elementary occupations,95,88,7
E01002283,"1. Managers, directors and senior officials",66,44,22
E01002283,2. Professional occupations,120,68,52
E01002283,3. Associate professional and technical occupations,104,29,75
E01002283,4. Administrative and secretarial occupations,72,97,-25
E01002283,5. Skilled trades occupations,100,79,21
E01002283,"6. Caring, leisure and other service occupations",94,59,35
E01002283,7. Sales and customer service occupations,61,65,-4
E01002283,"8. Process, plant and machine operatives",69,51,18
E01002283,9. Elementary occupations,101,80,21
E01002284,"1. Managers, directors and senior officials",99,57,42
E01002284,2. Professional occupations,157,76,81
E01002284,3. Associate professional and technical occupations,97,48,49
E01002284,4. Administrative and secretarial occupations,115,122,-7
E01002284,5. Skilled trades occupations,121,91,30
E01002284,"6. Caring, leisure and other service occupations",124,94,30
E01002284,7. Sales and customer service occupations,65,70,-5
E01002284,"8. Process, plant and machine operatives",78,75,3
E01002284,9. Elementary occupations,99,91,8
E01002285,"1. Managers, directors and senior officials",77,52,25
E01002285,2. Professional occupations,159,61,98
E01002285,3. Associate professional and technical occupations,94,40,54
E01002285,4. Administrative and secretarial occupations,103,127,-24
E01002285,5. Skilled trades occupations,77,81,-4
E01002285,"6. Caring, leisure and other service occupations",46,49,-3
E01002285,7. Sales and customer service occupations,31,49,-18
E01002285,"8. Process, plant and machine operatives",44,56,-12
E01002285,9. Elementary occupations,33,43,-10
E01002286,"1. Managers, directors and senior officials",98,75,23
E01002286,2. Professional occupations,156,103,53
E01002286,3. Associate professional and technical occupations,131,60,71
E01002286,4. Administrative and secretarial occupations,126,156,-30
E01002286,5. Skilled trades occupations,93,84,9
E01002286,"6. Caring, leisure and other service occupations",57,64,-7
E01002286,7. Sales and customer service occupations,45,68,-23
E01002286,"8. Process, plant and machine operatives",51,62,-11
E01002286,9. Elementary occupations,50,67,-17
E01002287,"1. Managers, directors and senior officials",90,51,39
E01002287,2. Professional occupations,154,88,66
E01002287,3. Associate professional and technical occupations,101,61,40
E01002287,4. Administrative and secretarial occupations,119,162,-43
E01002287,5. Skilled trades occupations,90,94,-4
E01002287,"6. Caring, leisure and other service occupations",63,67,-4
E01002287,7. Sales and customer service occupations,49,68,-19
E01002287,"8. Process, plant and machine operatives",55,64,-9
E01002287,9. Elementary occupations,67,63,4
E01002288,"1. Managers, directors and senior officials",101,79,22
E01002288,2. Professional occupations,159,110,49
E01002288,3. Associate professional and technical occupations,143,59,84
E01002288,4. Administrative and secretarial occupations,132,192,-60
E01002288,5. Skilled trades occupations,75,81,-6
E01002288,"6. Caring, leisure and other service occupations",74,64,10
E01002288,7. Sales and customer service occupations,51,82,-31
E01002288,"8. Process, plant and machine operatives",23,63,-40
E01002288,9. Elementary occupations,38,61,-23
E01002289,"1. Managers, directors and senior officials",109,92,17
E01002289,2. Professional occupations,170,98,72
E01002289,3. Associate professional and technical occupations,133,47,86
E01002289,4. Administrative and secretarial occupations,147,139,8
E01002289,5. Skilled trades occupations,104,83,21
E01002289,"6. Caring, leisure and other service occupations",54,64,-10
E01002289,7. Sales and customer service occupations,45,53,-8
E01002289,"8. Process, plant and machine operatives",55,60,-5
E01002289,9. Elementary occupations,48,69,-21
E01002290,"1. Managers, directors and senior officials",77,55,22
E01002290,2. Professional occupations,148,90,58
E01002290,3. Associate professional and technical occupations,92,39,53
E01002290,4. Administrative and secretarial occupations,122,151,-29
E01002290,5. Skilled trades occupations,87,83,4
E01002290,"6. Caring, leisure and other service occupations",46,51,-5
E01002290,7. Sales and customer service occupations,49,47,2
E01002290,"8. Process, plant and machine operatives",50,56,-6
E01002290,9. Elementary occupations,42,52,-10
E01002291,"1. Managers, directors and senior officials",95,71,24
E01002291,2. Professional occupations,142,128,14
E01002291,3. Associate professional and technical occupations,111,71,40
E01002291,4. Administrative and secretarial occupations,120,172,-52
E01002291,5. Skilled trades occupations,92,79,13
E01002291,"6. Caring, leisure and other service occupations",44,52,-8
E01002291,7. Sales and customer service occupations,51,61,-10
E01002291,"8. Process, plant and machine operatives",38,65,-27
E01002291,9. Elementary occupations,54,65,-11
E01002292,"1. Managers, directors and senior officials",103,58,45
E01002292,2. Professional occupations,142,77,65
E01002292,3. Associate professional and technical occupations,96,40,56
E01002292,4. Administrative and secretarial occupations,108,116,-8
E01002292,5. Skilled trades occupations,102,83,19
E01002292,"6. Caring, leisure and other service occupations",84,64,20
E01002292,7. Sales and customer service occupations,43,65,-22
E01002292,"8. Process, plant and machine operatives",40,57,-17
E01002292,9. Elementary occupations,75,67,8
E01002294,"1. Managers, directors and senior officials",97,70,27
E01002294,2. Professional occupations,165,126,39
E01002294,3. Associate professional and technical occupations,103,44,59
E01002294,4. Administrative and secretarial occupations,105,121,-16
E01002294,5. Skilled trades occupations,68,74,-6
E01002294,"6. Caring, leisure and other service occupations",52,64,-12
E01002294,7. Sales and customer service occupations,27,49,-22
E01002294,"8. Process, plant and machine operatives",31,36,-5
E01002294,9. Elementary occupations,46,45,1
E01002295,"1. Managers, directors and senior officials",120,96,24
E01002295,2. Professional occupations,238,127,111
E01002295,3. Associate professional and technical occupations,145,68,77
E01002295,4. Administrative and secretarial occupations,147,138,9
E01002295,5. Skilled trades occupations,89,83,6
E01002295,"6. Caring, leisure and other service occupations",58,57,1
E01002295,7. Sales and customer service occupations,60,66,-6
E01002295,"8. Process, plant and machine operatives",55,34,21
E01002295,9. Elementary occupations,57,54,3
E01002296,"1. Managers, directors and senior officials",116,89,27
E01002296,2. Professional occupations,181,107,74
E01002296,3. Associate professional and technical occupations,106,57,49
E01002296,4. Administrative and secretarial occupations,109,141,-32
E01002296,5. Skilled trades occupations,99,97,2
E01002296,"6. Caring, leisure and other service occupations",59,72,-13
E01002296,7. Sales and customer service occupations,43,55,-12
E01002296,"8. Process, plant and machine operatives",29,59,-30
E01002296,9. Elementary occupations,41,63,-22
E01002297,"1. Managers, directors and senior officials",73,45,28
E01002297,2. Professional occupations,101,66,35
E01002297,3. Associate professional and technical occupations,91,29,62
E01002297,4. Administrative and secretarial occupations,82,87,-5
E01002297,5. Skilled trades occupations,120,71,49
E01002297,"6. Caring, leisure and other service occupations",84,69,15
E01002297,7. Sales and customer service occupations,77,65,12
E01002297,"8. Process, plant and machine operatives",58,76,-18
E01002297,9. Elementary occupations,85,91,-6
E01002298,"1. Managers, directors and senior officials",91,82,9
E01002298,2. Professional occupations,164,129,35
E01002298,3. Associate professional and technical occupations,121,69,52
E01002298,4. Administrative and secretarial occupations,106,151,-45
E01002298,5. Skilled trades occupations,92,95,-3
E01002298,"6. Caring, leisure and other service occupations",65,86,-21
E01002298,7. Sales and customer service occupations,54,73,-19
E01002298,"8. Process, plant and machine operatives",44,58,-14
E01002298,9. Elementary occupations,55,75,-20
E01002299,"1. Managers, directors and senior officials",95,69,26
E01002299,2. Professional occupations,153,89,64
E01002299,3. Associate professional and technical occupations,123,30,93
E01002299,4. Administrative and secretarial occupations,113,145,-32
E01002299,5. Skilled trades occupations,131,100,31
E01002299,"6. Caring, leisure and other service occupations",88,76,12
E01002299,7. Sales and customer service occupations,74,77,-3
E01002299,"8. Process, plant and machine operatives",83,76,7
E01002299,9. Elementary occupations,102,99,3
E01002300,"1. Managers, directors and senior officials",132,64,68
E01002300,2. Professional occupations,259,81,178
E01002300,3. Associate professional and technical occupations,142,36,106
E01002300,4. Administrative and secretarial occupations,133,120,13
E01002300,5. Skilled trades occupations,99,57,42
E01002300,"6. Caring, leisure and other service occupations",80,49,31
E01002300,7. Sales and customer service occupations,45,45,0
E01002300,"8. Process, plant and machine operatives",54,29,25
E01002300,9. Elementary occupations,73,48,25
E01002301,"1. Managers, directors and senior officials",104,85,19
E01002301,2. Professional occupations,128,72,56
E01002301,3. Associate professional and technical occupations,114,66,48
E01002301,4. Administrative and secretarial occupations,99,129,-30
E01002301,5. Skilled trades occupations,107,96,11
E01002301,"6. Caring, leisure and other service occupations",54,57,-3
E01002301,7. Sales and customer service occupations,52,70,-18
E01002301,"8. Process, plant and machine operatives",53,76,-23
E01002301,9. Elementary occupations,54,56,-2
E01002302,"1. Managers, directors and senior officials",104,74,30
E01002302,2. Professional occupations,126,97,29
E01002302,3. Associate professional and technical occupations,105,39,66
E01002302,4. Administrative and secretarial occupations,105,138,-33
E01002302,5. Skilled trades occupations,116,97,19
E01002302,"6. Caring, leisure and other service occupations",74,55,19
E01002302,7. Sales and customer service occupations,63,66,-3
E01002302,"8. Process, plant and machine operatives",43,57,-14
E01002302,9. Elementary occupations,73,49,24
E01002303,"1. Managers, directors and senior officials",73,74,-1
E01002303,2. Professional occupations,127,77,50
E01002303,3. Associate professional and technical occupations,131,74,57
E01002303,4. Administrative and secretarial occupations,101,128,-27
E01002303,5. Skilled trades occupations,137,117,20
E01002303,"6. Caring, leisure and other service occupations",124,92,32
E01002303,7. Sales and customer service occupations,75,88,-13
E01002303,"8. Process, plant and machine operatives",77,78,-1
E01002303,9. Elementary occupations,93,81,12
E01002304,"1. Managers, directors and senior officials",112,75,37
E01002304,2. Professional occupations,117,70,47
E01002304,3. Associate professional and technical occupations,68,33,35
E01002304,4. Administrative and secretarial occupations,85,88,-3
E01002304,5. Skilled trades occupations,88,98,-10
E01002304,"6. Caring, leisure and other service occupations",53,60,-7
E01002304,7. Sales and customer service occupations,29,48,-19
E01002304,"8. Process, plant and machine operatives",50,37,13
E01002304,9. Elementary occupations,50,43,7
E01002305,"1. Managers, directors and senior officials",106,62,44
E01002305,2. Professional occupations,110,71,39
E01002305,3. Associate professional and technical occupations,92,43,49
E01002305,4. Administrative and secretarial occupations,99,113,-14
E01002305,5. Skilled trades occupations,123,104,19
E01002305,"6. Caring, leisure and other service occupations",78,80,-2
E01002305,7. Sales and customer service occupations,57,60,-3
E01002305,"8. Process, plant and machine operatives",55,71,-16
E01002305,9. Elementary occupations,68,54,14
E01002306,"1. Managers, directors and senior officials",53,51,2
E01002306,2. Professional occupations,80,57,23
E01002306,3. Associate professional and technical occupations,68,22,46
E01002306,4. Administrative and secretarial occupations,82,96,-14
E01002306,5. Skilled trades occupations,112,98,14
E01002306,"6. Caring, leisure and other service occupations",113,72,41
E01002306,7. Sales and customer service occupations,67,89,-22
E01002306,"8. Process, plant and machine operatives",74,55,19
E01002306,9. Elementary occupations,99,103,-4
E01002307,"1. Managers, directors and senior officials",113,68,45
E01002307,2. Professional occupations,152,76,76
E01002307,3. Associate professional and technical occupations,116,48,68
E01002307,4. Administrative and secretarial occupations,103,105,-2
E01002307,5. Skilled trades occupations,125,103,22
E01002307,"6. Caring, leisure and other service occupations",93,87,6
E01002307,7. Sales and customer service occupations,89,68,21
E01002307,"8. Process, plant and machine operatives",62,69,-7
E01002307,9. Elementary occupations,91,73,18
E01002308,"1. Managers, directors and senior officials",69,73,-4
E01002308,2. Professional occupations,102,81,21
E01002308,3. Associate professional and technical occupations,73,41,32
E01002308,4. Administrative and secretarial occupations,95,139,-44
E01002308,5. Skilled trades occupations,121,120,1
E01002308,"6. Caring, leisure and other service occupations",76,74,2
E01002308,7. Sales and customer service occupations,71,92,-21
E01002308,"8. Process, plant and machine operatives",77,82,-5
E01002308,9. Elementary occupations,91,94,-3
E01002309,"1. Managers, directors and senior officials",72,58,14
E01002309,2. Professional occupations,114,72,42
E01002309,3. Associate professional and technical occupations,75,30,45
E01002309,4. Administrative and secretarial occupations,90,90,0
E01002309,5. Skilled trades occupations,104,82,22
E01002309,"6. Caring, leisure and other service occupations",90,82,8
E01002309,7. Sales and customer service occupations,69,55,14
E01002309,"8. Process, plant and machine operatives",63,58,5
E01002309,9. Elementary occupations,96,71,25
E01002310,"1. Managers, directors and senior officials",72,36,36
E01002310,2. Professional occupations,118,69,49
E01002310,3. Associate professional and technical occupations,96,29,67
E01002310,4. Administrative and secretarial occupations,79,96,-17
E01002310,5. Skilled trades occupations,93,87,6
E01002310,"6. Caring, leisure and other service occupations",74,59,15
E01002310,7. Sales and customer service occupations,71,71,0
E01002310,"8. Process, plant and machine operatives",71,67,4
E01002310,9. Elementary occupations,117,95,22
E01002311,"1. Managers, directors and senior officials",90,52,38
E01002311,2. Professional occupations,135,54,81
E01002311,3. Associate professional and technical occupations,90,45,45
E01002311,4. Administrative and secretarial occupations,100,121,-21
E01002311,5. Skilled trades occupations,136,98,38
E01002311,"6. Caring, leisure and other service occupations",79,73,6
E01002311,7. Sales and customer service occupations,59,77,-18
E01002311,"8. Process, plant and machine operatives",58,54,4
E01002311,9. Elementary occupations,102,82,20
E01002312,"1. Managers, directors and senior officials",70,50,20
E01002312,2. Professional occupations,112,45,67
E01002312,3. Associate professional and technical occupations,85,30,55
E01002312,4. Administrative and secretarial occupations,76,80,-4
E01002312,5. Skilled trades occupations,103,56,47
E01002312,"6. Caring, leisure and other service occupations",73,66,7
E01002312,7. Sales and customer service occupations,46,56,-10
E01002312,"8. Process, plant and machine operatives",71,64,7
E01002312,9. Elementary occupations,56,58,-2
E01002313,"1. Managers, directors and senior officials",116,35,81
E01002313,2. Professional occupations,210,54,156
E01002313,3. Associate professional and technical occupations,105,36,69
E01002313,4. Administrative and secretarial occupations,131,98,33
E01002313,5. Skilled trades occupations,130,85,45
E01002313,"6. Caring, leisure and other service occupations",122,71,51
E01002313,7. Sales and customer service occupations,78,68,10
E01002313,"8. Process, plant and machine operatives",85,58,27
E01002313,9. Elementary occupations,121,69,52
E01002314,"1. Managers, directors and senior officials",61,37,24
E01002314,2. Professional occupations,113,64,49
E01002314,3. Associate professional and technical occupations,63,31,32
E01002314,4. Administrative and secretarial occupations,90,93,-3
E01002314,5. Skilled trades occupations,109,89,20
E01002314,"6. Caring, leisure and other service occupations",88,85,3
E01002314,7. Sales and customer service occupations,76,65,11
E01002314,"8. Process, plant and machine operatives",49,69,-20
E01002314,9. Elementary occupations,128,104,24
E01002315,"1. Managers, directors and senior officials",69,52,17
E01002315,2. Professional occupations,106,77,29
E01002315,3. Associate professional and technical occupations,87,37,50
E01002315,4. Administrative and secretarial occupations,94,102,-8
E01002315,5. Skilled trades occupations,128,88,40
E01002315,"6. Caring, leisure and other service occupations",104,80,24
E01002315,7. Sales and customer service occupations,50,67,-17
E01002315,"8. Process, plant and machine operatives",82,54,28
E01002315,9. Elementary occupations,101,59,42
E01002316,"1. Managers, directors and senior officials",57,24,33
E01002316,2. Professional occupations,98,68,30
E01002316,3. Associate professional and technical occupations,69,24,45
E01002316,4. Administrative and secretarial occupations,55,65,-10
E01002316,5. Skilled trades occupations,87,65,22
E01002316,"6. Caring, leisure and other service occupations",125,79,46
E01002316,7. Sales and customer service occupations,79,62,17
E01002316,"8. Process, plant and machine operatives",74,65,9
E01002316,9. Elementary occupations,124,92,32
E01002317,"1. Managers, directors and senior officials",135,101,34
E01002317,2. Professional occupations,162,112,50
E01002317,3. Associate professional and technical occupations,127,46,81
E01002317,4. Administrative and secretarial occupations,124,155,-31
E01002317,5. Skilled trades occupations,84,89,-5
E01002317,"6. Caring, leisure and other service occupations",43,67,-24
E01002317,7. Sales and customer service occupations,35,56,-21
E01002317,"8. Process, plant and machine operatives",45,39,6
E01002317,9. Elementary occupations,42,48,-6
E01002318,"1. Managers, directors and senior officials",82,80,2
E01002318,2. Professional occupations,168,114,54
E01002318,3. Associate professional and technical occupations,122,47,75
E01002318,4. Administrative and secretarial occupations,114,158,-44
E01002318,5. Skilled trades occupations,80,93,-13
E01002318,"6. Caring, leisure and other service occupations",52,52,0
E01002318,7. Sales and customer service occupations,54,71,-17
E01002318,"8. Process, plant and machine operatives",47,66,-19
E01002318,9. Elementary occupations,36,55,-19
E01002319,"1. Managers, directors and senior officials",105,75,30
E01002319,2. Professional occupations,185,84,101
E01002319,3. Associate professional and technical occupations,112,51,61
E01002319,4. Administrative and secretarial occupations,120,154,-34
E01002319,5. Skilled trades occupations,88,80,8
E01002319,"6. Caring, leisure and other service occupations",66,71,-5
E01002319,7. Sales and customer service occupations,68,72,-4
E01002319,"8. Process, plant and machine operatives",70,52,18
E01002319,9. Elementary occupations,76,77,-1
E01002320,"1. Managers, directors and senior officials",100,81,19
E01002320,2. Professional occupations,150,124,26
E01002320,3. Associate professional and technical occupations,110,68,42
E01002320,4. Administrative and secretarial occupations,136,203,-67
E01002320,5. Skilled trades occupations,76,99,-23
E01002320,"6. Caring, leisure and other service occupations",61,68,-7
E01002320,7. Sales and customer service occupations,60,78,-18
E01002320,"8. Process, plant and machine operatives",43,74,-31
E01002320,9. Elementary occupations,76,66,10
E01002321,"1. Managers, directors and senior officials",117,75,42
E01002321,2. Professional occupations,160,92,68
E01002321,3. Associate professional and technical occupations,148,60,88
E01002321,4. Administrative and secretarial occupations,130,148,-18
E01002321,5. Skilled trades occupations,101,52,49
E01002321,"6. Caring, leisure and other service occupations",65,58,7
E01002321,7. Sales and customer service occupations,42,34,8
E01002321,"8. Process, plant and machine operatives",56,50,6
E01002321,9. Elementary occupations,42,45,-3
E01002322,"1. Managers, directors and senior officials",123,95,28
E01002322,2. Professional occupations,186,127,59
E01002322,3. Associate professional and technical occupations,159,84,75
E01002322,4. Administrative and secretarial occupations,156,204,-48
E01002322,5. Skilled trades occupations,122,139,-17
E01002322,"6. Caring, leisure and other service occupations",82,98,-16
E01002322,7. Sales and customer service occupations,48,99,-51
E01002322,"8. Process, plant and machine operatives",63,71,-8
E01002322,9. Elementary occupations,73,83,-10
E01002323,"1. Managers, directors and senior officials",113,72,41
E01002323,2. Professional occupations,195,101,94
E01002323,3. Associate professional and technical occupations,129,69,60
E01002323,4. Administrative and secretarial occupations,140,166,-26
E01002323,5. Skilled trades occupations,89,104,-15
E01002323,"6. Caring, leisure and other service occupations",72,65,7
E01002323,7. Sales and customer service occupations,56,69,-13
E01002323,"8. Process, plant and machine operatives",49,76,-27
E01002323,9. Elementary occupations,58,56,2
E01002324,"1. Managers, directors and senior officials",90,61,29
E01002324,2. Professional occupations,112,82,30
E01002324,3. Associate professional and technical occupations,96,34,62
E01002324,4. Administrative and secretarial occupations,94,121,-27
E01002324,5. Skilled trades occupations,93,79,14
E01002324,"6. Caring, leisure and other service occupations",50,60,-10
E01002324,7. Sales and customer service occupations,60,54,6
E01002324,"8. Process, plant and machine operatives",48,58,-10
E01002324,9. Elementary occupations,55,56,-1
E01002325,"1. Managers, directors and senior officials",77,47,30
E01002325,2. Professional occupations,124,61,63
E01002325,3. Associate professional and technical occupations,107,37,70
E01002325,4. Administrative and secretarial occupations,108,100,8
E01002325,5. Skilled trades occupations,139,93,46
E01002325,"6. Caring, leisure and other service occupations",113,90,23
E01002325,7. Sales and customer service occupations,69,65,4
E01002325,"8. Process, plant and machine operatives",67,82,-15
E01002325,9. Elementary occupations,105,89,16
E01002326,"1. Managers, directors and senior officials",81,67,14
E01002326,2. Professional occupations,113,66,47
E01002326,3. Associate professional and technical occupations,96,49,47
E01002326,4. Administrative and secretarial occupations,100,108,-8
E01002326,5. Skilled trades occupations,131,71,60
E01002326,"6. Caring, leisure and other service occupations",71,65,6
E01002326,7. Sales and customer service occupations,56,61,-5
E01002326,"8. Process, plant and machine operatives",62,59,3
E01002326,9. Elementary occupations,81,80,1
E01002327,"1. Managers, directors and senior officials",88,66,22
E01002327,2. Professional occupations,129,77,52
E01002327,3. Associate professional and technical occupations,112,49,63
E01002327,4. Administrative and secretarial occupations,105,131,-26
E01002327,5. Skilled trades occupations,110,96,14
E01002327,"6. Caring, leisure and other service occupations",55,71,-16
E01002327,7. Sales and customer service occupations,45,52,-7
E01002327,"8. Process, plant and machine operatives",39,58,-19
E01002327,9. Elementary occupations,73,45,28
E01002328,"1. Managers, directors and senior officials",105,75,30
E01002328,2. Professional occupations,173,93,80
E01002328,3. Associate professional and technical occupations,109,55,54
E01002328,4. Administrative and secretarial occupations,129,152,-23
E01002328,5. Skilled trades occupations,133,127,6
E01002328,"6. Caring, leisure and other service occupations",77,75,2
E01002328,7. Sales and customer service occupations,66,64,2
E01002328,"8. Process, plant and machine operatives",54,57,-3
E01002328,9. Elementary occupations,70,71,-1
E01002329,"1. Managers, directors and senior officials",113,111,2
E01002329,2. Professional occupations,168,130,38
E01002329,3. Associate professional and technical occupations,101,44,57
E01002329,4. Administrative and secretarial occupations,87,146,-59
E01002329,5. Skilled trades occupations,107,137,-30
E01002329,"6. Caring, leisure and other service occupations",70,87,-17
E01002329,7. Sales and customer service occupations,60,80,-20
E01002329,"8. Process, plant and machine operatives",76,92,-16
E01002329,9. Elementary occupations,68,86,-18
E01002330,"1. Managers, directors and senior officials",81,62,19
E01002330,2. Professional occupations,141,85,56
E01002330,3. Associate professional and technical occupations,117,34,83
E01002330,4. Administrative and secretarial occupations,128,93,35
E01002330,5. Skilled trades occupations,102,64,38
E01002330,"6. Caring, leisure and other service occupations",66,36,30
E01002330,7. Sales and customer service occupations,58,49,9
E01002330,"8. Process, plant and machine operatives",63,46,17
E01002330,9. Elementary occupations,96,75,21
E01002331,"1. Managers, directors and senior officials",79,49,30
E01002331,2. Professional occupations,138,50,88
E01002331,3. Associate professional and technical occupations,93,33,60
E01002331,4. Administrative and secretarial occupations,117,109,8
E01002331,5. Skilled trades occupations,111,81,30
E01002331,"6. Caring, leisure and other service occupations",61,45,16
E01002331,7. Sales and customer service occupations,47,52,-5
E01002331,"8. Process, plant and machine operatives",63,49,14
E01002331,9. Elementary occupations,84,53,31
E01002332,"1. Managers, directors and senior officials",83,62,21
E01002332,2. Professional occupations,122,85,37
E01002332,3. Associate professional and technical occupations,110,50,60
E01002332,4. Administrative and secretarial occupations,114,140,-26
E01002332,5. Skilled trades occupations,94,101,-7
E01002332,"6. Caring, leisure and other service occupations",66,70,-4
E01002332,7. Sales and customer service occupations,69,73,-4
E01002332,"8. Process, plant and machine operatives",65,67,-2
E01002332,9. Elementary occupations,68,71,-3
E01002333,"1. Managers, directors and senior officials",86,58,28
E01002333,2. Professional occupations,111,71,40
E01002333,3. Associate professional and technical occupations,85,32,53
E01002333,4. Administrative and secretarial occupations,90,115,-25
E01002333,5. Skilled trades occupations,85,87,-2
E01002333,"6. Caring, leisure and other service occupations",58,62,-4
E01002333,7. Sales and customer service occupations,35,67,-32
E01002333,"8. Process, plant and machine operatives",46,45,1
E01002333,9. Elementary occupations,42,48,-6
E01002334,"1. Managers, directors and senior officials",151,117,34
E01002334,2. Professional occupations,158,98,60
E01002334,3. Associate professional and technical occupations,110,49,61
E01002334,4. Administrative and secretarial occupations,110,151,-41
E01002334,5. Skilled trades occupations,82,94,-12
E01002334,"6. Caring, leisure and other service occupations",51,60,-9
E01002334,7. Sales and customer service occupations,40,38,2
E01002334,"8. Process, plant and machine operatives",50,71,-21
E01002334,9. Elementary occupations,42,51,-9
E01002335,"1. Managers, directors and senior officials",69,61,8
E01002335,2. Professional occupations,104,77,27
E01002335,3. Associate professional and technical occupations,71,51,20
E01002335,4. Administrative and secretarial occupations,95,134,-39
E01002335,5. Skilled trades occupations,108,79,29
E01002335,"6. Caring, leisure and other service occupations",57,68,-11
E01002335,7. Sales and customer service occupations,46,56,-10
E01002335,"8. Process, plant and machine operatives",43,57,-14
E01002335,9. Elementary occupations,65,80,-15
E01002336,"1. Managers, directors and senior officials",92,79,13
E01002336,2. Professional occupations,125,74,51
E01002336,3. Associate professional and technical occupations,100,40,60
E01002336,4. Administrative and secretarial occupations,96,145,-49
E01002336,5. Skilled trades occupations,117,95,22
E01002336,"6. Caring, leisure and other service occupations",68,59,9
E01002336,7. Sales and customer service occupations,48,56,-8
E01002336,"8. Process, plant and machine operatives",57,47,10
E01002336,9. Elementary occupations,83,44,39
E01002337,"1. Managers, directors and senior officials",153,129,24
E01002337,2. Professional occupations,143,105,38
E01002337,3. Associate professional and technical occupations,96,31,65
E01002337,4. Administrative and secretarial occupations,79,113,-34
E01002337,5. Skilled trades occupations,41,40,1
E01002337,"6. Caring, leisure and other service occupations",23,25,-2
E01002337,7. Sales and customer service occupations,31,26,5
E01002337,"8. Process, plant and machine operatives",18,22,-4
E01002337,9. Elementary occupations,23,11,12
E01002338,"1. Managers, directors and senior officials",70,57,13
E01002338,2. Professional occupations,137,86,51
E01002338,3. Associate professional and technical occupations,88,48,40
E01002338,4. Administrative and secretarial occupations,82,108,-26
E01002338,5. Skilled trades occupations,97,92,5
E01002338,"6. Caring, leisure and other service occupations",50,66,-16
E01002338,7. Sales and customer service occupations,38,62,-24
E01002338,"8. Process, plant and machine operatives",40,53,-13
E01002338,9. Elementary occupations,64,49,15
E01002339,"1. Managers, directors and senior officials",128,93,35
E01002339,2. Professional occupations,173,121,52
E01002339,3. Associate professional and technical occupations,114,50,64
E01002339,4. Administrative and secretarial occupations,102,142,-40
E01002339,5. Skilled trades occupations,70,90,-20
E01002339,"6. Caring, leisure and other service occupations",49,53,-4
E01002339,7. Sales and customer service occupations,48,60,-12
E01002339,"8. Process, plant and machine operatives",46,50,-4
E01002339,9. Elementary occupations,41,42,-1
E01002340,"1. Managers, directors and senior officials",80,51,29
E01002340,2. Professional occupations,178,113,65
E01002340,3. Associate professional and technical occupations,120,44,76
E01002340,4. Administrative and secretarial occupations,94,102,-8
E01002340,5. Skilled trades occupations,70,82,-12
E01002340,"6. Caring, leisure and other service occupations",50,60,-10
E01002340,7. Sales and customer service occupations,46,73,-27
E01002340,"8. Process, plant and machine operatives",39,45,-6
E01002340,9. Elementary occupations,60,49,11
E01002341,"1. Managers, directors and senior officials",76,68,8
E01002341,2. Professional occupations,123,76,47
E01002341,3. Associate professional and technical occupations,111,33,78
E01002341,4. Administrative and secretarial occupations,109,135,-26
E01002341,5. Skilled trades occupations,94,86,8
E01002341,"6. Caring, leisure and other service occupations",50,59,-9
E01002341,7. Sales and customer service occupations,53,55,-2
E01002341,"8. Process, plant and machine operatives",36,44,-8
E01002341,9. Elementary occupations,40,32,8
E01002342,"1. Managers, directors and senior officials",74,53,21
E01002342,2. Professional occupations,107,57,50
E01002342,3. Associate professional and technical occupations,65,34,31
E01002342,4. Administrative and secretarial occupations,81,108,-27
E01002342,5. Skilled trades occupations,101,86,15
E01002342,"6. Caring, leisure and other service occupations",88,66,22
E01002342,7. Sales and customer service occupations,74,92,-18
E01002342,"8. Process, plant and machine operatives",69,87,-18
E01002342,9. Elementary occupations,108,79,29
E01002343,"1. Managers, directors and senior officials",93,81,12
E01002343,2. Professional occupations,149,86,63
E01002343,3. Associate professional and technical occupations,92,42,50
E01002343,4. Administrative and secretarial occupations,131,144,-13
E01002343,5. Skilled trades occupations,111,119,-8
E01002343,"6. Caring, leisure and other service occupations",67,60,7
E01002343,7. Sales and customer service occupations,47,78,-31
E01002343,"8. Process, plant and machine operatives",73,73,0
E01002343,9. Elementary occupations,72,67,5
E01002344,"1. Managers, directors and senior officials",101,66,35
E01002344,2. Professional occupations,144,80,64
E01002344,3. Associate professional and technical occupations,118,33,85
E01002344,4. Administrative and secretarial occupations,132,124,8
E01002344,5. Skilled trades occupations,94,80,14
E01002344,"6. Caring, leisure and other service occupations",70,54,16
E01002344,7. Sales and customer service occupations,77,64,13
E01002344,"8. Process, plant and machine operatives",75,81,-6
E01002344,9. Elementary occupations,85,52,33
E01002345,"1. Managers, directors and senior officials",93,65,28
E01002345,2. Professional occupations,131,94,37
E01002345,3. Associate professional and technical occupations,84,35,49
E01002345,4. Administrative and secretarial occupations,107,135,-28
E01002345,5. Skilled trades occupations,97,86,11
E01002345,"6. Caring, leisure and other service occupations",94,70,24
E01002345,7. Sales and customer service occupations,68,56,12
E01002345,"8. Process, plant and machine operatives",90,59,31
E01002345,9. Elementary occupations,120,109,11
E01002346,"1. Managers, directors and senior officials",68,53,15
E01002346,2. Professional occupations,117,66,51
E01002346,3. Associate professional and technical occupations,78,35,43
E01002346,4. Administrative and secretarial occupations,103,134,-31
E01002346,5. Skilled trades occupations,93,90,3
E01002346,"6. Caring, leisure and other service occupations",46,65,-19
E01002346,7. Sales and customer service occupations,72,83,-11
E01002346,"8. Process, plant and machine operatives",62,73,-11
E01002346,9. Elementary occupations,98,93,5
E01002347,"1. Managers, directors and senior officials",87,61,26
E01002347,2. Professional occupations,119,60,59
E01002347,3. Associate professional and technical occupations,84,33,51
E01002347,4. Administrative and secretarial occupations,87,115,-28
E01002347,5. Skilled trades occupations,95,92,3
E01002347,"6. Caring, leisure and other service occupations",57,62,-5
E01002347,7. Sales and customer service occupations,57,62,-5
E01002347,"8. Process, plant and machine operatives",66,54,12
E01002347,9. Elementary occupations,70,74,-4
E01002348,"1. Managers, directors and senior officials",89,75,14
E01002348,2. Professional occupations,103,58,45
E01002348,3. Associate professional and technical occupations,106,39,67
E01002348,4. Administrative and secretarial occupations,126,135,-9
E01002348,5. Skilled trades occupations,104,115,-11
E01002348,"6. Caring, leisure and other service occupations",50,48,2
E01002348,7. Sales and customer service occupations,34,76,-42
E01002348,"8. Process, plant and machine operatives",62,70,-8
E01002348,9. Elementary occupations,60,50,10
E01002349,"1. Managers, directors and senior officials",78,73,5
E01002349,2. Professional occupations,100,58,42
E01002349,3. Associate professional and technical occupations,86,30,56
E01002349,4. Administrative and secretarial occupations,118,152,-34
E01002349,5. Skilled trades occupations,113,101,12
E01002349,"6. Caring, leisure and other service occupations",71,70,1
E01002349,7. Sales and customer service occupations,29,63,-34
E01002349,"8. Process, plant and machine operatives",64,82,-18
E01002349,9. Elementary occupations,77,66,11
E01002350,"1. Managers, directors and senior officials",82,62,20
E01002350,2. Professional occupations,162,133,29
E01002350,3. Associate professional and technical occupations,92,57,35
E01002350,4. Administrative and secretarial occupations,89,116,-27
E01002350,5. Skilled trades occupations,112,73,39
E01002350,"6. Caring, leisure and other service occupations",79,51,28
E01002350,7. Sales and customer service occupations,57,50,7
E01002350,"8. Process, plant and machine operatives",64,47,17
E01002350,9. Elementary occupations,95,80,15
E01002351,"1. Managers, directors and senior officials",109,83,26
E01002351,2. Professional occupations,193,124,69
E01002351,3. Associate professional and technical occupations,142,68,74
E01002351,4. Administrative and secretarial occupations,132,162,-30
E01002351,5. Skilled trades occupations,111,85,26
E01002351,"6. Caring, leisure and other service occupations",73,71,2
E01002351,7. Sales and customer service occupations,63,66,-3
E01002351,"8. Process, plant and machine operatives",58,53,5
E01002351,9. Elementary occupations,76,76,0
E01002352,"1. Managers, directors and senior officials",119,72,47
E01002352,2. Professional occupations,216,147,69
E01002352,3. Associate professional and technical occupations,153,61,92
E01002352,4. Administrative and secretarial occupations,120,154,-34
E01002352,5. Skilled trades occupations,96,91,5
E01002352,"6. Caring, leisure and other service occupations",76,71,5
E01002352,7. Sales and customer service occupations,68,81,-13
E01002352,"8. Process, plant and machine operatives",67,41,26
E01002352,9. Elementary occupations,84,64,20
E01002353,"1. Managers, directors and senior officials",133,106,27
E01002353,2. Professional occupations,229,194,35
E01002353,3. Associate professional and technical occupations,119,67,52
E01002353,4. Administrative and secretarial occupations,120,163,-43
E01002353,5. Skilled trades occupations,99,93,6
E01002353,"6. Caring, leisure and other service occupations",82,75,7
E01002353,7. Sales and customer service occupations,60,63,-3
E01002353,"8. Process, plant and machine operatives",49,47,2
E01002353,9. Elementary occupations,81,67,14
E01002354,"1. Managers, directors and senior officials",109,96,13
E01002354,2. Professional occupations,163,110,53
E01002354,3. Associate professional and technical occupations,120,45,75
E01002354,4. Administrative and secretarial occupations,98,128,-30
E01002354,5. Skilled trades occupations,45,64,-19
E01002354,"6. Caring, leisure and other service occupations",46,60,-14
E01002354,7. Sales and customer service occupations,31,43,-12
E01002354,"8. Process, plant and machine operatives",31,31,0
E01002354,9. Elementary occupations,34,27,7
E01002355,"1. Managers, directors and senior officials",133,87,46
E01002355,2. Professional occupations,188,123,65
E01002355,3. Associate professional and technical occupations,122,57,65
E01002355,4. Administrative and secretarial occupations,115,153,-38
E01002355,5. Skilled trades occupations,71,70,1
E01002355,"6. Caring, leisure and other service occupations",55,62,-7
E01002355,7. Sales and customer service occupations,47,41,6
E01002355,"8. Process, plant and machine operatives",48,55,-7
E01002355,9. Elementary occupations,35,38,-3
E01002356,"1. Managers, directors and senior officials",125,73,52
E01002356,2. Professional occupations,214,152,62
E01002356,3. Associate professional and technical occupations,133,76,57
E01002356,4. Administrative and secretarial occupations,113,148,-35
E01002356,5. Skilled trades occupations,115,117,-2
E01002356,"6. Caring, leisure and other service occupations",102,98,4
E01002356,7. Sales and customer service occupations,86,103,-17
E01002356,"8. Process, plant and machine operatives",78,54,24
E01002356,9. Elementary occupations,134,123,11
E01002358,"1. Managers, directors and senior officials",116,88,28
E01002358,2. Professional occupations,227,180,47
E01002358,3. Associate professional and technical occupations,149,66,83
E01002358,4. Administrative and secretarial occupations,139,165,-26
E01002358,5. Skilled trades occupations,145,108,37
E01002358,"6. Caring, leisure and other service occupations",93,63,30
E01002358,7. Sales and customer service occupations,78,69,9
E01002358,"8. Process, plant and machine operatives",69,66,3
E01002358,9. Elementary occupations,130,89,41
E01002359,"1. Managers, directors and senior officials",92,62,30
E01002359,2. Professional occupations,125,90,35
E01002359,3. Associate professional and technical occupations,115,62,53
E01002359,4. Administrative and secretarial occupations,107,127,-20
E01002359,5. Skilled trades occupations,76,82,-6
E01002359,"6. Caring, leisure and other service occupations",42,41,1
E01002359,7. Sales and customer service occupations,32,57,-25
E01002359,"8. Process, plant and machine operatives",32,38,-6
E01002359,9. Elementary occupations,36,30,6
E01002360,"1. Managers, directors and senior officials",85,71,14
E01002360,2. Professional occupations,130,75,55
E01002360,3. Associate professional and technical occupations,91,49,42
E01002360,4. Administrative and secretarial occupations,96,116,-20
E01002360,5. Skilled trades occupations,75,72,3
E01002360,"6. Caring, leisure and other service occupations",54,40,14
E01002360,7. Sales and customer service occupations,44,53,-9
E01002360,"8. Process, plant and machine operatives",31,52,-21
E01002360,9. Elementary occupations,42,40,2
E01002361,"1. Managers, directors and senior officials",113,70,43
E01002361,2. Professional occupations,163,107,56
E01002361,3. Associate professional and technical occupations,137,59,78
E01002361,4. Administrative and secretarial occupations,112,145,-33
E01002361,5. Skilled trades occupations,112,115,-3
E01002361,"6. Caring, leisure and other service occupations",98,68,30
E01002361,7. Sales and customer service occupations,69,67,2
E01002361,"8. Process, plant and machine operatives",66,64,2
E01002361,9. Elementary occupations,95,82,13
E01002362,"1. Managers, directors and senior officials",116,69,47
E01002362,2. Professional occupations,157,127,30
E01002362,3. Associate professional and technical occupations,148,63,85
E01002362,4. Administrative and secretarial occupations,146,146,0
E01002362,5. Skilled trades occupations,76,89,-13
E01002362,"6. Caring, leisure and other service occupations",40,53,-13
E01002362,7. Sales and customer service occupations,48,56,-8
E01002362,"8. Process, plant and machine operatives",36,42,-6
E01002362,9. Elementary occupations,27,37,-10
E01002363,"1. Managers, directors and senior officials",67,66,1
E01002363,2. Professional occupations,116,71,45
E01002363,3. Associate professional and technical occupations,94,41,53
E01002363,4. Administrative and secretarial occupations,105,114,-9
E01002363,5. Skilled trades occupations,90,109,-19
E01002363,"6. Caring, leisure and other service occupations",61,68,-7
E01002363,7. Sales and customer service occupations,51,65,-14
E01002363,"8. Process, plant and machine operatives",56,57,-1
E01002363,9. Elementary occupations,58,73,-15
E01002364,"1. Managers, directors and senior officials",91,68,23
E01002364,2. Professional occupations,146,89,57
E01002364,3. Associate professional and technical occupations,82,49,33
E01002364,4. Administrative and secretarial occupations,102,134,-32
E01002364,5. Skilled trades occupations,71,68,3
E01002364,"6. Caring, leisure and other service occupations",41,44,-3
E01002364,7. Sales and customer service occupations,34,56,-22
E01002364,"8. Process, plant and machine operatives",40,42,-2
E01002364,9. Elementary occupations,35,44,-9
E01002365,"1. Managers, directors and senior officials",57,48,9
E01002365,2. Professional occupations,114,73,41
E01002365,3. Associate professional and technical occupations,77,44,33
E01002365,4. Administrative and secretarial occupations,96,137,-41
E01002365,5. Skilled trades occupations,93,71,22
E01002365,"6. Caring, leisure and other service occupations",49,65,-16
E01002365,7. Sales and customer service occupations,40,75,-35
E01002365,"8. Process, plant and machine operatives",46,55,-9
E01002365,9. Elementary occupations,69,42,27
E01002366,"1. Managers, directors and senior officials",92,62,30
E01002366,2. Professional occupations,143,79,64
E01002366,3. Associate professional and technical occupations,107,58,49
E01002366,4. Administrative and secretarial occupations,119,148,-29
E01002366,5. Skilled trades occupations,103,92,11
E01002366,"6. Caring, leisure and other service occupations",53,61,-8
E01002366,7. Sales and customer service occupations,47,61,-14
E01002366,"8. Process, plant and machine operatives",47,65,-18
E01002366,9. Elementary occupations,63,59,4
E01002367,"1. Managers, directors and senior officials",125,76,49
E01002367,2. Professional occupations,206,131,75
E01002367,3. Associate professional and technical occupations,147,71,76
E01002367,4. Administrative and secretarial occupations,118,156,-38
E01002367,5. Skilled trades occupations,111,97,14
E01002367,"6. Caring, leisure and other service occupations",43,47,-4
E01002367,7. Sales and customer service occupations,48,57,-9
E01002367,"8. Process, plant and machine operatives",66,61,5
E01002367,9. Elementary occupations,53,44,9
E01002368,"1. Managers, directors and senior officials",107,58,49
E01002368,2. Professional occupations,206,73,133
E01002368,3. Associate professional and technical occupations,138,17,121
E01002368,4. Administrative and secretarial occupations,117,85,32
E01002368,5. Skilled trades occupations,106,94,12
E01002368,"6. Caring, leisure and other service occupations",97,74,23
E01002368,7. Sales and customer service occupations,93,58,35
E01002368,"8. Process, plant and machine operatives",119,83,36
E01002368,9. Elementary occupations,151,88,63
E01002369,"1. Managers, directors and senior officials",86,59,27
E01002369,2. Professional occupations,171,96,75
E01002369,3. Associate professional and technical occupations,127,44,83
E01002369,4. Administrative and secretarial occupations,116,140,-24
E01002369,5. Skilled trades occupations,96,124,-28
E01002369,"6. Caring, leisure and other service occupations",93,62,31
E01002369,7. Sales and customer service occupations,86,94,-8
E01002369,"8. Process, plant and machine operatives",65,76,-11
E01002369,9. Elementary occupations,104,85,19
E01002370,"1. Managers, directors and senior officials",110,71,39
E01002370,2. Professional occupations,169,107,62
E01002370,3. Associate professional and technical occupations,124,48,76
E01002370,4. Administrative and secretarial occupations,145,133,12
E01002370,5. Skilled trades occupations,163,99,64
E01002370,"6. Caring, leisure and other service occupations",117,68,49
E01002370,7. Sales and customer service occupations,96,104,-8
E01002370,"8. Process, plant and machine operatives",92,103,-11
E01002370,9. Elementary occupations,140,121,19
E01002371,"1. Managers, directors and senior officials",117,56,61
E01002371,2. Professional occupations,130,74,56
E01002371,3. Associate professional and technical occupations,80,33,47
E01002371,4. Administrative and secretarial occupations,95,121,-26
E01002371,5. Skilled trades occupations,91,112,-21
E01002371,"6. Caring, leisure and other service occupations",68,66,2
E01002371,7. Sales and customer service occupations,62,85,-23
E01002371,"8. Process, plant and machine operatives",62,66,-4
E01002371,9. Elementary occupations,84,71,13
E01002372,"1. Managers, directors and senior officials",91,69,22
E01002372,2. Professional occupations,116,73,43
E01002372,3. Associate professional and technical occupations,114,36,78
E01002372,4. Administrative and secretarial occupations,108,143,-35
E01002372,5. Skilled trades occupations,115,99,16
E01002372,"6. Caring, leisure and other service occupations",66,88,-22
E01002372,7. Sales and customer service occupations,56,78,-22
E01002372,"8. Process, plant and machine operatives",77,66,11
E01002372,9. Elementary occupations,87,65,22
E01002373,"1. Managers, directors and senior officials",82,59,23
E01002373,2. Professional occupations,136,65,71
E01002373,3. Associate professional and technical occupations,99,39,60
E01002373,4. Administrative and secretarial occupations,134,147,-13
E01002373,5. Skilled trades occupations,96,116,-20
E01002373,"6. Caring, leisure and other service occupations",65,60,5
E01002373,7. Sales and customer service occupations,56,81,-25
E01002373,"8. Process, plant and machine operatives",59,68,-9
E01002373,9. Elementary occupations,57,66,-9
E01002374,"1. Managers, directors and senior officials",83,54,29
E01002374,2. Professional occupations,120,65,55
E01002374,3. Associate professional and technical occupations,107,28,79
E01002374,4. Administrative and secretarial occupations,103,162,-59
E01002374,5. Skilled trades occupations,119,108,11
E01002374,"6. Caring, leisure and other service occupations",82,58,24
E01002374,7. Sales and customer service occupations,57,61,-4
E01002374,"8. Process, plant and machine operatives",63,65,-2
E01002374,9. Elementary occupations,106,78,28
E01002375,"1. Managers, directors and senior officials",60,49,11
E01002375,2. Professional occupations,123,55,68
E01002375,3. Associate professional and technical occupations,78,36,42
E01002375,4. Administrative and secretarial occupations,123,118,5
E01002375,5. Skilled trades occupations,129,90,39
E01002375,"6. Caring, leisure and other service occupations",100,75,25
E01002375,7. Sales and customer service occupations,64,68,-4
E01002375,"8. Process, plant and machine operatives",70,74,-4
E01002375,9. Elementary occupations,118,70,48
E01002376,"1. Managers, directors and senior officials",140,107,33
E01002376,2. Professional occupations,181,134,47
E01002376,3. Associate professional and technical occupations,129,50,79
E01002376,4. Administrative and secretarial occupations,110,159,-49
E01002376,5. Skilled trades occupations,53,79,-26
E01002376,"6. Caring, leisure and other service occupations",33,47,-14
E01002376,7. Sales and customer service occupations,29,33,-4
E01002376,"8. Process, plant and machine operatives",29,33,-4
E01002376,9. Elementary occupations,28,29,-1
E01002377,"1. Managers, directors and senior officials",138,81,57
E01002377,2. Professional occupations,194,109,85
E01002377,3. Associate professional and technical occupations,156,35,121
E01002377,4. Administrative and secretarial occupations,111,137,-26
E01002377,5. Skilled trades occupations,85,76,9
E01002377,"6. Caring, leisure and other service occupations",57,55,2
E01002377,7. Sales and customer service occupations,52,41,11
E01002377,"8. Process, plant and machine operatives",46,47,-1
E01002377,9. Elementary occupations,69,41,28
E01002378,"1. Managers, directors and senior officials",127,101,26
E01002378,2. Professional occupations,199,102,97
E01002378,3. Associate professional and technical occupations,122,74,48
E01002378,4. Administrative and secretarial occupations,148,209,-61
E01002378,5. Skilled trades occupations,102,136,-34
E01002378,"6. Caring, leisure and other service occupations",65,81,-16
E01002378,7. Sales and customer service occupations,60,90,-30
E01002378,"8. Process, plant and machine operatives",49,66,-17
E01002378,9. Elementary occupations,42,79,-37
E01002379,"1. Managers, directors and senior officials",111,103,8
E01002379,2. Professional occupations,195,133,62
E01002379,3. Associate professional and technical occupations,122,49,73
E01002379,4. Administrative and secretarial occupations,104,120,-16
E01002379,5. Skilled trades occupations,83,61,22
E01002379,"6. Caring, leisure and other service occupations",70,47,23
E01002379,7. Sales and customer service occupations,44,57,-13
E01002379,"8. Process, plant and machine operatives",32,34,-2
E01002379,9. Elementary occupations,55,39,16
E01002380,"1. Managers, directors and senior officials",158,125,33
E01002380,2. Professional occupations,260,184,76
E01002380,3. Associate professional and technical occupations,196,95,101
E01002380,4. Administrative and secretarial occupations,145,207,-62
E01002380,5. Skilled trades occupations,121,101,20
E01002380,"6. Caring, leisure and other service occupations",84,66,18
E01002380,7. Sales and customer service occupations,48,73,-25
E01002380,"8. Process, plant and machine operatives",48,59,-11
E01002380,9. Elementary occupations,96,75,21
E01002381,"1. Managers, directors and senior officials",104,74,30
E01002381,2. Professional occupations,147,112,35
E01002381,3. Associate professional and technical occupations,106,52,54
E01002381,4. Administrative and secretarial occupations,109,155,-46
E01002381,5. Skilled trades occupations,76,87,-11
E01002381,"6. Caring, leisure and other service occupations",48,63,-15
E01002381,7. Sales and customer service occupations,43,58,-15
E01002381,"8. Process, plant and machine operatives",41,43,-2
E01002381,9. Elementary occupations,43,49,-6
E01002382,"1. Managers, directors and senior officials",144,106,38
E01002382,2. Professional occupations,239,161,78
E01002382,3. Associate professional and technical occupations,135,79,56
E01002382,4. Administrative and secretarial occupations,104,175,-71
E01002382,5. Skilled trades occupations,76,95,-19
E01002382,"6. Caring, leisure and other service occupations",71,54,17
E01002382,7. Sales and customer service occupations,41,55,-14
E01002382,"8. Process, plant and machine operatives",45,44,1
E01002382,9. Elementary occupations,66,54,12
E01002383,"1. Managers, directors and senior officials",120,105,15
E01002383,2. Professional occupations,194,146,48
E01002383,3. Associate professional and technical occupations,116,52,64
E01002383,4. Administrative and secretarial occupations,110,147,-37
E01002383,5. Skilled trades occupations,68,74,-6
E01002383,"6. Caring, leisure and other service occupations",57,63,-6
E01002383,7. Sales and customer service occupations,45,51,-6
E01002383,"8. Process, plant and machine operatives",43,31,12
E01002383,9. Elementary occupations,61,52,9
E01002384,"1. Managers, directors and senior officials",126,113,13
E01002384,2. Professional occupations,189,127,62
E01002384,3. Associate professional and technical occupations,148,44,104
E01002384,4. Administrative and secretarial occupations,112,147,-35
E01002384,5. Skilled trades occupations,70,70,0
E01002384,"6. Caring, leisure and other service occupations",36,45,-9
E01002384,7. Sales and customer service occupations,30,37,-7
E01002384,"8. Process, plant and machine operatives",23,29,-6
E01002384,9. Elementary occupations,48,46,2
E01002385,"1. Managers, directors and senior officials",120,77,43
E01002385,2. Professional occupations,180,132,48
E01002385,3. Associate professional and technical occupations,116,55,61
E01002385,4. Administrative and secretarial occupations,122,134,-12
E01002385,5. Skilled trades occupations,84,100,-16
E01002385,"6. Caring, leisure and other service occupations",38,58,-20
E01002385,7. Sales and customer service occupations,33,49,-16
E01002385,"8. Process, plant and machine operatives",38,53,-15
E01002385,9. Elementary occupations,37,43,-6
E01002386,"1. Managers, directors and senior officials",166,120,46
E01002386,2. Professional occupations,242,199,43
E01002386,3. Associate professional and technical occupations,183,64,119
E01002386,4. Administrative and secretarial occupations,125,170,-45
E01002386,5. Skilled trades occupations,110,71,39
E01002386,"6. Caring, leisure and other service occupations",61,60,1
E01002386,7. Sales and customer service occupations,45,59,-14
E01002386,"8. Process, plant and machine operatives",35,46,-11
E01002386,9. Elementary occupations,73,50,23
E01002387,"1. Managers, directors and senior officials",131,97,34
E01002387,2. Professional occupations,176,147,29
E01002387,3. Associate professional and technical occupations,118,54,64
E01002387,4. Administrative and secretarial occupations,114,162,-48
E01002387,5. Skilled trades occupations,66,62,4
E01002387,"6. Caring, leisure and other service occupations",37,40,-3
E01002387,7. Sales and customer service occupations,25,37,-12
E01002387,"8. Process, plant and machine operatives",12,34,-22
E01002387,9. Elementary occupations,26,26,0
E01002388,"1. Managers, directors and senior officials",139,93,46
E01002388,2. Professional occupations,195,153,42
E01002388,3. Associate professional and technical occupations,131,65,66
E01002388,4. Administrative and secretarial occupations,133,149,-16
E01002388,5. Skilled trades occupations,55,55,0
E01002388,"6. Caring, leisure and other service occupations",49,54,-5
E01002388,7. Sales and customer service occupations,31,47,-16
E01002388,"8. Process, plant and machine operatives",20,38,-18
E01002388,9. Elementary occupations,34,38,-4
E01002389,"1. Managers, directors and senior officials",134,125,9
E01002389,2. Professional occupations,134,144,-10
E01002389,3. Associate professional and technical occupations,116,66,50
E01002389,4. Administrative and secretarial occupations,118,160,-42
E01002389,5. Skilled trades occupations,55,70,-15
E01002389,"6. Caring, leisure and other service occupations",38,55,-17
E01002389,7. Sales and customer service occupations,39,64,-25
E01002389,"8. Process, plant and machine operatives",29,49,-20
E01002389,9. Elementary occupations,33,37,-4
E01002390,"1. Managers, directors and senior officials",120,76,44
E01002390,2. Professional occupations,157,89,68
E01002390,3. Associate professional and technical occupations,135,37,98
E01002390,4. Administrative and secretarial occupations,114,86,28
E01002390,5. Skilled trades occupations,55,46,9
E01002390,"6. Caring, leisure and other service occupations",37,39,-2
E01002390,7. Sales and customer service occupations,27,35,-8
E01002390,"8. Process, plant and machine operatives",18,22,-4
E01002390,9. Elementary occupations,24,28,-4
E01002391,"1. Managers, directors and senior officials",123,88,35
E01002391,2. Professional occupations,180,105,75
E01002391,3. Associate professional and technical occupations,129,53,76
E01002391,4. Administrative and secretarial occupations,127,134,-7
E01002391,5. Skilled trades occupations,75,71,4
E01002391,"6. Caring, leisure and other service occupations",66,52,14
E01002391,7. Sales and customer service occupations,36,51,-15
E01002391,"8. Process, plant and machine operatives",40,40,0
E01002391,9. Elementary occupations,31,51,-20
E01002392,"1. Managers, directors and senior officials",50,45,5
E01002392,2. Professional occupations,94,79,15
E01002392,3. Associate professional and technical occupations,72,26,46
E01002392,4. Administrative and secretarial occupations,53,72,-19
E01002392,5. Skilled trades occupations,66,61,5
E01002392,"6. Caring, leisure and other service occupations",79,84,-5
E01002392,7. Sales and customer service occupations,73,68,5
E01002392,"8. Process, plant and machine operatives",84,69,15
E01002392,9. Elementary occupations,94,96,-2
E01002393,"1. Managers, directors and senior officials",74,68,6
E01002393,2. Professional occupations,148,124,24
E01002393,3. Associate professional and technical occupations,81,36,45
E01002393,4. Administrative and secretarial occupations,95,95,0
E01002393,5. Skilled trades occupations,96,96,0
E01002393,"6. Caring, leisure and other service occupations",97,97,0
E01002393,7. Sales and customer service occupations,115,84,31
E01002393,"8. Process, plant and machine operatives",110,86,24
E01002393,9. Elementary occupations,125,116,9
E01002394,"1. Managers, directors and senior officials",82,59,23
E01002394,2. Professional occupations,95,77,18
E01002394,3. Associate professional and technical occupations,74,28,46
E01002394,4. Administrative and secretarial occupations,58,85,-27
E01002394,5. Skilled trades occupations,91,57,34
E01002394,"6. Caring, leisure and other service occupations",52,59,-7
E01002394,7. Sales and customer service occupations,97,85,12
E01002394,"8. Process, plant and machine operatives",92,61,31
E01002394,9. Elementary occupations,103,101,2
E01002395,"1. Managers, directors and senior officials",40,55,-15
E01002395,2. Professional occupations,102,80,22
E01002395,3. Associate professional and technical occupations,68,41,27
E01002395,4. Administrative and secretarial occupations,54,84,-30
E01002395,5. Skilled trades occupations,72,65,7
E01002395,"6. Caring, leisure and other service occupations",48,54,-6
E01002395,7. Sales and customer service occupations,74,72,2
E01002395,"8. Process, plant and machine operatives",75,66,9
E01002395,9. Elementary occupations,90,92,-2
E01002396,"1. Managers, directors and senior officials",81,67,14
E01002396,2. Professional occupations,141,83,58
E01002396,3. Associate professional and technical occupations,91,32,59
E01002396,4. Administrative and secretarial occupations,66,87,-21
E01002396,5. Skilled trades occupations,80,46,34
E01002396,"6. Caring, leisure and other service occupations",70,74,-4
E01002396,7. Sales and customer service occupations,91,98,-7
E01002396,"8. Process, plant and machine operatives",79,75,4
E01002396,9. Elementary occupations,116,124,-8
E01002397,"1. Managers, directors and senior officials",66,57,9
E01002397,2. Professional occupations,110,73,37
E01002397,3. Associate professional and technical occupations,76,31,45
E01002397,4. Administrative and secretarial occupations,55,90,-35
E01002397,5. Skilled trades occupations,76,78,-2
E01002397,"6. Caring, leisure and other service occupations",60,68,-8
E01002397,7. Sales and customer service occupations,101,89,12
E01002397,"8. Process, plant and machine operatives",74,72,2
E01002397,9. Elementary occupations,148,139,9
E01002398,"1. Managers, directors and senior officials",79,55,24
E01002398,2. Professional occupations,134,106,28
E01002398,3. Associate professional and technical occupations,84,39,45
E01002398,4. Administrative and secretarial occupations,90,96,-6
E01002398,5. Skilled trades occupations,61,83,-22
E01002398,"6. Caring, leisure and other service occupations",70,55,15
E01002398,7. Sales and customer service occupations,103,124,-21
E01002398,"8. Process, plant and machine operatives",93,90,3
E01002398,9. Elementary occupations,112,140,-28
E01002399,"1. Managers, directors and senior officials",84,69,15
E01002399,2. Professional occupations,115,86,29
E01002399,3. Associate professional and technical occupations,80,29,51
E01002399,4. Administrative and secretarial occupations,69,90,-21
E01002399,5. Skilled trades occupations,85,62,23
E01002399,"6. Caring, leisure and other service occupations",47,60,-13
E01002399,7. Sales and customer service occupations,98,101,-3
E01002399,"8. Process, plant and machine operatives",77,89,-12
E01002399,9. Elementary occupations,113,130,-17
E01002400,"1. Managers, directors and senior officials",107,69,38
E01002400,2. Professional occupations,133,87,46
E01002400,3. Associate professional and technical occupations,101,44,57
E01002400,4. Administrative and secretarial occupations,91,91,0
E01002400,5. Skilled trades occupations,92,73,19
E01002400,"6. Caring, leisure and other service occupations",95,74,21
E01002400,7. Sales and customer service occupations,81,74,7
E01002400,"8. Process, plant and machine operatives",104,84,20
E01002400,9. Elementary occupations,102,134,-32
E01002401,"1. Managers, directors and senior officials",118,65,53
E01002401,2. Professional occupations,183,80,103
E01002401,3. Associate professional and technical occupations,78,27,51
E01002401,4. Administrative and secretarial occupations,92,96,-4
E01002401,5. Skilled trades occupations,97,70,27
E01002401,"6. Caring, leisure and other service occupations",100,73,27
E01002401,7. Sales and customer service occupations,97,97,0
E01002401,"8. Process, plant and machine operatives",88,89,-1
E01002401,9. Elementary occupations,137,100,37
E01002402,"1. Managers, directors and senior officials",41,53,-12
E01002402,2. Professional occupations,109,74,35
E01002402,3. Associate professional and technical occupations,83,32,51
E01002402,4. Administrative and secretarial occupations,65,72,-7
E01002402,5. Skilled trades occupations,86,59,27
E01002402,"6. Caring, leisure and other service occupations",75,67,8
E01002402,7. Sales and customer service occupations,100,97,3
E01002402,"8. Process, plant and machine operatives",88,71,17
E01002402,9. Elementary occupations,112,79,33
E01002403,"1. Managers, directors and senior officials",99,52,47
E01002403,2. Professional occupations,169,71,98
E01002403,3. Associate professional and technical occupations,101,24,77
E01002403,4. Administrative and secretarial occupations,110,97,13
E01002403,5. Skilled trades occupations,118,73,45
E01002403,"6. Caring, leisure and other service occupations",112,68,44
E01002403,7. Sales and customer service occupations,98,88,10
E01002403,"8. Process, plant and machine operatives",98,66,32
E01002403,9. Elementary occupations,142,137,5
E01002404,"1. Managers, directors and senior officials",74,57,17
E01002404,2. Professional occupations,119,78,41
E01002404,3. Associate professional and technical occupations,77,52,25
E01002404,4. Administrative and secretarial occupations,77,98,-21
E01002404,5. Skilled trades occupations,73,65,8
E01002404,"6. Caring, leisure and other service occupations",90,80,10
E01002404,7. Sales and customer service occupations,84,80,4
E01002404,"8. Process, plant and machine operatives",88,82,6
E01002404,9. Elementary occupations,121,126,-5
E01002405,"1. Managers, directors and senior officials",94,69,25
E01002405,2. Professional occupations,89,88,1
E01002405,3. Associate professional and technical occupations,81,45,36
E01002405,4. Administrative and secretarial occupations,80,105,-25
E01002405,5. Skilled trades occupations,86,76,10
E01002405,"6. Caring, leisure and other service occupations",87,82,5
E01002405,7. Sales and customer service occupations,83,73,10
E01002405,"8. Process, plant and machine operatives",91,108,-17
E01002405,9. Elementary occupations,146,159,-13
E01002408,"1. Managers, directors and senior officials",85,69,16
E01002408,2. Professional occupations,120,88,32
E01002408,3. Associate professional and technical occupations,67,46,21
E01002408,4. Administrative and secretarial occupations,73,102,-29
E01002408,5. Skilled trades occupations,75,70,5
E01002408,"6. Caring, leisure and other service occupations",81,51,30
E01002408,7. Sales and customer service occupations,53,90,-37
E01002408,"8. Process, plant and machine operatives",61,51,10
E01002408,9. Elementary occupations,76,110,-34
E01002409,"1. Managers, directors and senior officials",105,69,36
E01002409,2. Professional occupations,143,99,44
E01002409,3. Associate professional and technical occupations,105,52,53
E01002409,4. Administrative and secretarial occupations,88,98,-10
E01002409,5. Skilled trades occupations,83,73,10
E01002409,"6. Caring, leisure and other service occupations",100,77,23
E01002409,7. Sales and customer service occupations,67,78,-11
E01002409,"8. Process, plant and machine operatives",82,72,10
E01002409,9. Elementary occupations,102,88,14
E01002410,"1. Managers, directors and senior officials",115,81,34
E01002410,2. Professional occupations,171,152,19
E01002410,3. Associate professional and technical occupations,103,48,55
E01002410,4. Administrative and secretarial occupations,104,119,-15
E01002410,5. Skilled trades occupations,109,81,28
E01002410,"6. Caring, leisure and other service occupations",79,79,0
E01002410,7. Sales and customer service occupations,64,85,-21
E01002410,"8. Process, plant and machine operatives",67,61,6
E01002410,9. Elementary occupations,96,86,10
E01002411,"1. Managers, directors and senior officials",110,66,44
E01002411,2. Professional occupations,164,69,95
E01002411,3. Associate professional and technical occupations,104,34,70
E01002411,4. Administrative and secretarial occupations,76,89,-13
E01002411,5. Skilled trades occupations,108,75,33
E01002411,"6. Caring, leisure and other service occupations",117,81,36
E01002411,7. Sales and customer service occupations,74,93,-19
E01002411,"8. Process, plant and machine operatives",99,50,49
E01002411,9. Elementary occupations,112,109,3
E01002412,"1. Managers, directors and senior officials",127,92,35
E01002412,2. Professional occupations,392,328,64
E01002412,3. Associate professional and technical occupations,134,73,61
E01002412,4. Administrative and secretarial occupations,146,116,30
E01002412,5. Skilled trades occupations,71,88,-17
E01002412,"6. Caring, leisure and other service occupations",114,119,-5
E01002412,7. Sales and customer service occupations,60,98,-38
E01002412,"8. Process, plant and machine operatives",72,59,13
E01002412,9. Elementary occupations,113,94,19
E01002413,"1. Managers, directors and senior officials",73,53,20
E01002413,2. Professional occupations,98,74,24
E01002413,3. Associate professional and technical occupations,72,26,46
E01002413,4. Administrative and secretarial occupations,79,75,4
E01002413,5. Skilled trades occupations,75,83,-8
E01002413,"6. Caring, leisure and other service occupations",75,69,6
E01002413,7. Sales and customer service occupations,64,72,-8
E01002413,"8. Process, plant and machine operatives",70,66,4
E01002413,9. Elementary occupations,90,106,-16
E01002414,"1. Managers, directors and senior officials",85,64,21
E01002414,2. Professional occupations,162,158,4
E01002414,3. Associate professional and technical occupations,109,82,27
E01002414,4. Administrative and secretarial occupations,60,107,-47
E01002414,5. Skilled trades occupations,54,53,1
E01002414,"6. Caring, leisure and other service occupations",61,101,-40
E01002414,7. Sales and customer service occupations,109,241,-132
E01002414,"8. Process, plant and machine operatives",45,36,9
E01002414,9. Elementary occupations,92,139,-47
E01002415,"1. Managers, directors and senior officials",120,95,25
E01002415,2. Professional occupations,247,147,100
E01002415,3. Associate professional and technical occupations,152,69,83
E01002415,4. Administrative and secretarial occupations,104,143,-39
E01002415,5. Skilled trades occupations,94,113,-19
E01002415,"6. Caring, leisure and other service occupations",61,80,-19
E01002415,7. Sales and customer service occupations,44,76,-32
E01002415,"8. Process, plant and machine operatives",33,48,-15
E01002415,9. Elementary occupations,47,52,-5
E01002416,"1. Managers, directors and senior officials",135,89,46
E01002416,2. Professional occupations,190,125,65
E01002416,3. Associate professional and technical occupations,133,75,58
E01002416,4. Administrative and secretarial occupations,110,149,-39
E01002416,5. Skilled trades occupations,76,118,-42
E01002416,"6. Caring, leisure and other service occupations",83,90,-7
E01002416,7. Sales and customer service occupations,50,75,-25
E01002416,"8. Process, plant and machine operatives",45,58,-13
E01002416,9. Elementary occupations,42,54,-12
E01002417,"1. Managers, directors and senior officials",175,79,96
E01002417,2. Professional occupations,272,197,75
E01002417,3. Associate professional and technical occupations,129,56,73
E01002417,4. Administrative and secretarial occupations,109,129,-20
E01002417,5. Skilled trades occupations,83,61,22
E01002417,"6. Caring, leisure and other service occupations",48,61,-13
E01002417,7. Sales and customer service occupations,45,39,6
E01002417,"8. Process, plant and machine operatives",37,31,6
E01002417,9. Elementary occupations,48,47,1
E01002418,"1. Managers, directors and senior officials",110,90,20
E01002418,2. Professional occupations,235,142,93
E01002418,3. Associate professional and technical occupations,146,59,87
E01002418,4. Administrative and secretarial occupations,101,153,-52
E01002418,5. Skilled trades occupations,89,88,1
E01002418,"6. Caring, leisure and other service occupations",62,78,-16
E01002418,7. Sales and customer service occupations,50,60,-10
E01002418,"8. Process, plant and machine operatives",46,49,-3
E01002418,9. Elementary occupations,55,63,-8
E01002419,"1. Managers, directors and senior officials",139,87,52
E01002419,2. Professional occupations,277,181,96
E01002419,3. Associate professional and technical occupations,130,70,60
E01002419,4. Administrative and secretarial occupations,95,132,-37
E01002419,5. Skilled trades occupations,74,64,10
E01002419,"6. Caring, leisure and other service occupations",63,67,-4
E01002419,7. Sales and customer service occupations,49,46,3
E01002419,"8. Process, plant and machine operatives",44,31,13
E01002419,9. Elementary occupations,46,39,7
E01002420,"1. Managers, directors and senior officials",121,98,23
E01002420,2. Professional occupations,235,134,101
E01002420,3. Associate professional and technical occupations,104,66,38
E01002420,4. Administrative and secretarial occupations,97,149,-52
E01002420,5. Skilled trades occupations,63,73,-10
E01002420,"6. Caring, leisure and other service occupations",64,71,-7
E01002420,7. Sales and customer service occupations,31,44,-13
E01002420,"8. Process, plant and machine operatives",35,46,-11
E01002420,9. Elementary occupations,37,53,-16
E01002421,"1. Managers, directors and senior officials",147,101,46
E01002421,2. Professional occupations,212,149,63
E01002421,3. Associate professional and technical occupations,124,57,67
E01002421,4. Administrative and secretarial occupations,105,139,-34
E01002421,5. Skilled trades occupations,72,92,-20
E01002421,"6. Caring, leisure and other service occupations",55,65,-10
E01002421,7. Sales and customer service occupations,52,54,-2
E01002421,"8. Process, plant and machine operatives",38,43,-5
E01002421,9. Elementary occupations,44,47,-3
E01002422,"1. Managers, directors and senior officials",85,51,34
E01002422,2. Professional occupations,95,84,11
E01002422,3. Associate professional and technical occupations,68,23,45
E01002422,4. Administrative and secretarial occupations,70,97,-27
E01002422,5. Skilled trades occupations,94,66,28
E01002422,"6. Caring, leisure and other service occupations",84,79,5
E01002422,7. Sales and customer service occupations,74,83,-9
E01002422,"8. Process, plant and machine operatives",76,61,15
E01002422,9. Elementary occupations,81,73,8
E01002423,"1. Managers, directors and senior officials",100,59,41
E01002423,2. Professional occupations,164,117,47
E01002423,3. Associate professional and technical occupations,87,42,45
E01002423,4. Administrative and secretarial occupations,101,130,-29
E01002423,5. Skilled trades occupations,92,76,16
E01002423,"6. Caring, leisure and other service occupations",70,82,-12
E01002423,7. Sales and customer service occupations,85,68,17
E01002423,"8. Process, plant and machine operatives",82,80,2
E01002423,9. Elementary occupations,92,93,-1
E01002424,"1. Managers, directors and senior officials",93,83,10
E01002424,2. Professional occupations,113,97,16
E01002424,3. Associate professional and technical occupations,96,44,52
E01002424,4. Administrative and secretarial occupations,93,103,-10
E01002424,5. Skilled trades occupations,80,61,19
E01002424,"6. Caring, leisure and other service occupations",79,82,-3
E01002424,7. Sales and customer service occupations,70,73,-3
E01002424,"8. Process, plant and machine operatives",83,78,5
E01002424,9. Elementary occupations,98,84,14
E01002425,"1. Managers, directors and senior officials",77,65,12
E01002425,2. Professional occupations,114,85,29
E01002425,3. Associate professional and technical occupations,76,27,49
E01002425,4. Administrative and secretarial occupations,85,118,-33
E01002425,5. Skilled trades occupations,73,82,-9
E01002425,"6. Caring, leisure and other service occupations",73,71,2
E01002425,7. Sales and customer service occupations,67,77,-10
E01002425,"8. Process, plant and machine operatives",85,71,14
E01002425,9. Elementary occupations,99,114,-15
E01002426,"1. Managers, directors and senior officials",80,56,24
E01002426,2. Professional occupations,97,97,0
E01002426,3. Associate professional and technical occupations,76,28,48
E01002426,4. Administrative and secretarial occupations,90,104,-14
E01002426,5. Skilled trades occupations,86,78,8
E01002426,"6. Caring, leisure and other service occupations",93,75,18
E01002426,7. Sales and customer service occupations,110,85,25
E01002426,"8. Process, plant and machine operatives",89,68,21
E01002426,9. Elementary occupations,122,145,-23
E01002427,"1. Managers, directors and senior officials",88,52,36
E01002427,2. Professional occupations,125,83,42
E01002427,3. Associate professional and technical occupations,70,43,27
E01002427,4. Administrative and secretarial occupations,86,117,-31
E01002427,5. Skilled trades occupations,72,94,-22
E01002427,"6. Caring, leisure and other service occupations",65,99,-34
E01002427,7. Sales and customer service occupations,80,63,17
E01002427,"8. Process, plant and machine operatives",76,78,-2
E01002427,9. Elementary occupations,93,74,19
E01002428,"1. Managers, directors and senior officials",108,54,54
E01002428,2. Professional occupations,114,84,30
E01002428,3. Associate professional and technical occupations,93,41,52
E01002428,4. Administrative and secretarial occupations,79,113,-34
E01002428,5. Skilled trades occupations,92,104,-12
E01002428,"6. Caring, leisure and other service occupations",66,87,-21
E01002428,7. Sales and customer service occupations,75,67,8
E01002428,"8. Process, plant and machine operatives",86,52,34
E01002428,9. Elementary occupations,75,94,-19
E01002429,"1. Managers, directors and senior officials",70,48,22
E01002429,2. Professional occupations,98,78,20
E01002429,3. Associate professional and technical occupations,84,29,55
E01002429,4. Administrative and secretarial occupations,70,68,2
E01002429,5. Skilled trades occupations,75,72,3
E01002429,"6. Caring, leisure and other service occupations",74,64,10
E01002429,7. Sales and customer service occupations,72,57,15
E01002429,"8. Process, plant and machine operatives",91,63,28
E01002429,9. Elementary occupations,102,86,16
E01002430,"1. Managers, directors and senior officials",155,105,50
E01002430,2. Professional occupations,174,154,20
E01002430,3. Associate professional and technical occupations,111,59,52
E01002430,4. Administrative and secretarial occupations,79,123,-44
E01002430,5. Skilled trades occupations,39,73,-34
E01002430,"6. Caring, leisure and other service occupations",37,54,-17
E01002430,7. Sales and customer service occupations,25,47,-22
E01002430,"8. Process, plant and machine operatives",21,21,0
E01002430,9. Elementary occupations,22,31,-9
E01002431,"1. Managers, directors and senior officials",103,81,22
E01002431,2. Professional occupations,200,173,27
E01002431,3. Associate professional and technical occupations,105,69,36
E01002431,4. Administrative and secretarial occupations,65,99,-34
E01002431,5. Skilled trades occupations,45,46,-1
E01002431,"6. Caring, leisure and other service occupations",36,52,-16
E01002431,7. Sales and customer service occupations,34,44,-10
E01002431,"8. Process, plant and machine operatives",21,20,1
E01002431,9. Elementary occupations,19,31,-12
E01002432,"1. Managers, directors and senior officials",105,118,-13
E01002432,2. Professional occupations,203,181,22
E01002432,3. Associate professional and technical occupations,100,46,54
E01002432,4. Administrative and secretarial occupations,75,132,-57
E01002432,5. Skilled trades occupations,59,74,-15
E01002432,"6. Caring, leisure and other service occupations",41,51,-10
E01002432,7. Sales and customer service occupations,44,53,-9
E01002432,"8. Process, plant and machine operatives",37,39,-2
E01002432,9. Elementary occupations,44,55,-11
E01002433,"1. Managers, directors and senior officials",206,135,71
E01002433,2. Professional occupations,378,190,188
E01002433,3. Associate professional and technical occupations,184,70,114
E01002433,4. Administrative and secretarial occupations,122,106,16
E01002433,5. Skilled trades occupations,88,75,13
E01002433,"6. Caring, leisure and other service occupations",83,70,13
E01002433,7. Sales and customer service occupations,49,50,-1
E01002433,"8. Process, plant and machine operatives",46,40,6
E01002433,9. Elementary occupations,82,62,20
E01002434,"1. Managers, directors and senior officials",127,109,18
E01002434,2. Professional occupations,166,154,12
E01002434,3. Associate professional and technical occupations,108,39,69
E01002434,4. Administrative and secretarial occupations,81,104,-23
E01002434,5. Skilled trades occupations,44,54,-10
E01002434,"6. Caring, leisure and other service occupations",31,46,-15
E01002434,7. Sales and customer service occupations,35,29,6
E01002434,"8. Process, plant and machine operatives",23,19,4
E01002434,9. Elementary occupations,21,28,-7
E01002435,"1. Managers, directors and senior officials",143,108,35
E01002435,2. Professional occupations,214,151,63
E01002435,3. Associate professional and technical occupations,107,39,68
E01002435,4. Administrative and secretarial occupations,80,134,-54
E01002435,5. Skilled trades occupations,51,62,-11
E01002435,"6. Caring, leisure and other service occupations",42,51,-9
E01002435,7. Sales and customer service occupations,34,47,-13
E01002435,"8. Process, plant and machine operatives",13,21,-8
E01002435,9. Elementary occupations,28,31,-3
E01002436,"1. Managers, directors and senior officials",136,108,28
E01002436,2. Professional occupations,220,179,41
E01002436,3. Associate professional and technical occupations,119,52,67
E01002436,4. Administrative and secretarial occupations,81,102,-21
E01002436,5. Skilled trades occupations,79,79,0
E01002436,"6. Caring, leisure and other service occupations",65,76,-11
E01002436,7. Sales and customer service occupations,47,46,1
E01002436,"8. Process, plant and machine operatives",28,44,-16
E01002436,9. Elementary occupations,38,51,-13
E01002437,"1. Managers, directors and senior officials",126,111,15
E01002437,2. Professional occupations,205,177,28
E01002437,3. Associate professional and technical occupations,81,43,38
E01002437,4. Administrative and secretarial occupations,67,90,-23
E01002437,5. Skilled trades occupations,32,48,-16
E01002437,"6. Caring, leisure and other service occupations",27,47,-20
E01002437,7. Sales and customer service occupations,11,32,-21
E01002437,"8. Process, plant and machine operatives",11,18,-7
E01002437,9. Elementary occupations,8,27,-19
E01002438,"1. Managers, directors and senior officials",164,138,26
E01002438,2. Professional occupations,167,114,53
E01002438,3. Associate professional and technical occupations,95,44,51
E01002438,4. Administrative and secretarial occupations,92,92,0
E01002438,5. Skilled trades occupations,60,58,2
E01002438,"6. Caring, leisure and other service occupations",54,48,6
E01002438,7. Sales and customer service occupations,22,31,-9
E01002438,"8. Process, plant and machine operatives",32,37,-5
E01002438,9. Elementary occupations,52,45,7
E01002439,"1. Managers, directors and senior officials",75,84,-9
E01002439,2. Professional occupations,184,185,-1
E01002439,3. Associate professional and technical occupations,99,38,61
E01002439,4. Administrative and secretarial occupations,75,101,-26
E01002439,5. Skilled trades occupations,80,85,-5
E01002439,"6. Caring, leisure and other service occupations",85,79,6
E01002439,7. Sales and customer service occupations,31,33,-2
E01002439,"8. Process, plant and machine operatives",44,39,5
E01002439,9. Elementary occupations,60,100,-40
E01002440,"1. Managers, directors and senior officials",112,68,44
E01002440,2. Professional occupations,144,100,44
E01002440,3. Associate professional and technical occupations,105,38,67
E01002440,4. Administrative and secretarial occupations,96,101,-5
E01002440,5. Skilled trades occupations,99,90,9
E01002440,"6. Caring, leisure and other service occupations",87,76,11
E01002440,7. Sales and customer service occupations,45,27,18
E01002440,"8. Process, plant and machine operatives",42,45,-3
E01002440,9. Elementary occupations,72,71,1
E01002441,"1. Managers, directors and senior officials",131,85,46
E01002441,2. Professional occupations,170,116,54
E01002441,3. Associate professional and technical occupations,97,50,47
E01002441,4. Administrative and secretarial occupations,87,96,-9
E01002441,5. Skilled trades occupations,82,89,-7
E01002441,"6. Caring, leisure and other service occupations",65,79,-14
E01002441,7. Sales and customer service occupations,32,46,-14
E01002441,"8. Process, plant and machine operatives",40,56,-16
E01002441,9. Elementary occupations,54,70,-16
E01002442,"1. Managers, directors and senior officials",102,64,38
E01002442,2. Professional occupations,130,89,41
E01002442,3. Associate professional and technical occupations,103,52,51
E01002442,4. Administrative and secretarial occupations,114,105,9
E01002442,5. Skilled trades occupations,110,108,2
E01002442,"6. Caring, leisure and other service occupations",91,83,8
E01002442,7. Sales and customer service occupations,44,43,1
E01002442,"8. Process, plant and machine operatives",53,74,-21
E01002442,9. Elementary occupations,80,83,-3
E01002443,"1. Managers, directors and senior officials",84,62,22
E01002443,2. Professional occupations,119,77,42
E01002443,3. Associate professional and technical occupations,121,58,63
E01002443,4. Administrative and secretarial occupations,85,112,-27
E01002443,5. Skilled trades occupations,87,78,9
E01002443,"6. Caring, leisure and other service occupations",76,67,9
E01002443,7. Sales and customer service occupations,119,82,37
E01002443,"8. Process, plant and machine operatives",108,92,16
E01002443,9. Elementary occupations,275,176,99
E01002444,"1. Managers, directors and senior officials",85,95,-10
E01002444,2. Professional occupations,93,67,26
E01002444,3. Associate professional and technical occupations,93,62,31
E01002444,4. Administrative and secretarial occupations,99,91,8
E01002444,5. Skilled trades occupations,89,96,-7
E01002444,"6. Caring, leisure and other service occupations",75,95,-20
E01002444,7. Sales and customer service occupations,88,82,6
E01002444,"8. Process, plant and machine operatives",92,111,-19
E01002444,9. Elementary occupations,197,186,11
E01002445,"1. Managers, directors and senior officials",61,55,6
E01002445,2. Professional occupations,84,61,23
E01002445,3. Associate professional and technical occupations,82,30,52
E01002445,4. Administrative and secretarial occupations,64,82,-18
E01002445,5. Skilled trades occupations,80,79,1
E01002445,"6. Caring, leisure and other service occupations",80,74,6
E01002445,7. Sales and customer service occupations,64,59,5
E01002445,"8. Process, plant and machine operatives",78,67,11
E01002445,9. Elementary occupations,135,106,29
E01002446,"1. Managers, directors and senior officials",108,68,40
E01002446,2. Professional occupations,110,75,35
E01002446,3. Associate professional and technical occupations,100,39,61
E01002446,4. Administrative and secretarial occupations,126,108,18
E01002446,5. Skilled trades occupations,89,83,6
E01002446,"6. Caring, leisure and other service occupations",79,82,-3
E01002446,7. Sales and customer service occupations,84,65,19
E01002446,"8. Process, plant and machine operatives",109,97,12
E01002446,9. Elementary occupations,175,144,31
E01002447,"1. Managers, directors and senior officials",83,82,1
E01002447,2. Professional occupations,96,53,43
E01002447,3. Associate professional and technical occupations,104,34,70
E01002447,4. Administrative and secretarial occupations,112,88,24
E01002447,5. Skilled trades occupations,126,75,51
E01002447,"6. Caring, leisure and other service occupations",116,107,9
E01002447,7. Sales and customer service occupations,114,91,23
E01002447,"8. Process, plant and machine operatives",156,168,-12
E01002447,9. Elementary occupations,231,206,25
E01002448,"1. Managers, directors and senior officials",84,79,5
E01002448,2. Professional occupations,99,93,6
E01002448,3. Associate professional and technical occupations,82,51,31
E01002448,4. Administrative and secretarial occupations,88,105,-17
E01002448,5. Skilled trades occupations,103,101,2
E01002448,"6. Caring, leisure and other service occupations",114,85,29
E01002448,7. Sales and customer service occupations,104,93,11
E01002448,"8. Process, plant and machine operatives",115,100,15
E01002448,9. Elementary occupations,209,214,-5
E01002449,"1. Managers, directors and senior officials",79,87,-8
E01002449,2. Professional occupations,75,91,-16
E01002449,3. Associate professional and technical occupations,90,42,48
E01002449,4. Administrative and secretarial occupations,96,99,-3
E01002449,5. Skilled trades occupations,82,84,-2
E01002449,"6. Caring, leisure and other service occupations",112,109,3
E01002449,7. Sales and customer service occupations,100,120,-20
E01002449,"8. Process, plant and machine operatives",118,104,14
E01002449,9. Elementary occupations,271,218,53
E01002450,"1. Managers, directors and senior officials",93,73,20
E01002450,2. Professional occupations,166,99,67
E01002450,3. Associate professional and technical occupations,124,39,85
E01002450,4. Administrative and secretarial occupations,91,128,-37
E01002450,5. Skilled trades occupations,93,104,-11
E01002450,"6. Caring, leisure and other service occupations",68,77,-9
E01002450,7. Sales and customer service occupations,45,64,-19
E01002450,"8. Process, plant and machine operatives",50,37,13
E01002450,9. Elementary occupations,72,67,5
E01002451,"1. Managers, directors and senior officials",89,66,23
E01002451,2. Professional occupations,178,128,50
E01002451,3. Associate professional and technical occupations,103,49,54
E01002451,4. Administrative and secretarial occupations,94,112,-18
E01002451,5. Skilled trades occupations,58,81,-23
E01002451,"6. Caring, leisure and other service occupations",60,69,-9
E01002451,7. Sales and customer service occupations,48,71,-23
E01002451,"8. Process, plant and machine operatives",51,39,12
E01002451,9. Elementary occupations,63,75,-12
E01002452,"1. Managers, directors and senior officials",100,75,25
E01002452,2. Professional occupations,174,158,16
E01002452,3. Associate professional and technical occupations,124,49,75
E01002452,4. Administrative and secretarial occupations,100,128,-28
E01002452,5. Skilled trades occupations,78,95,-17
E01002452,"6. Caring, leisure and other service occupations",65,63,2
E01002452,7. Sales and customer service occupations,38,73,-35
E01002452,"8. Process, plant and machine operatives",45,39,6
E01002452,9. Elementary occupations,50,69,-19
E01002453,"1. Managers, directors and senior officials",99,59,40
E01002453,2. Professional occupations,197,132,65
E01002453,3. Associate professional and technical occupations,123,48,75
E01002453,4. Administrative and secretarial occupations,97,157,-60
E01002453,5. Skilled trades occupations,91,106,-15
E01002453,"6. Caring, leisure and other service occupations",64,78,-14
E01002453,7. Sales and customer service occupations,53,63,-10
E01002453,"8. Process, plant and machine operatives",51,65,-14
E01002453,9. Elementary occupations,88,83,5
E01002454,"1. Managers, directors and senior officials",100,72,28
E01002454,2. Professional occupations,166,105,61
E01002454,3. Associate professional and technical occupations,94,32,62
E01002454,4. Administrative and secretarial occupations,85,124,-39
E01002454,5. Skilled trades occupations,116,119,-3
E01002454,"6. Caring, leisure and other service occupations",94,75,19
E01002454,7. Sales and customer service occupations,49,67,-18
E01002454,"8. Process, plant and machine operatives",52,62,-10
E01002454,9. Elementary occupations,72,75,-3
E01002455,"1. Managers, directors and senior officials",94,67,27
E01002455,2. Professional occupations,180,122,58
E01002455,3. Associate professional and technical occupations,76,35,41
E01002455,4. Administrative and secretarial occupations,65,98,-33
E01002455,5. Skilled trades occupations,92,85,7
E01002455,"6. Caring, leisure and other service occupations",83,55,28
E01002455,7. Sales and customer service occupations,85,79,6
E01002455,"8. Process, plant and machine operatives",65,67,-2
E01002455,9. Elementary occupations,107,91,16
E01002456,"1. Managers, directors and senior officials",98,77,21
E01002456,2. Professional occupations,164,94,70
E01002456,3. Associate professional and technical occupations,107,46,61
E01002456,4. Administrative and secretarial occupations,91,111,-20
E01002456,5. Skilled trades occupations,78,80,-2
E01002456,"6. Caring, leisure and other service occupations",73,76,-3
E01002456,7. Sales and customer service occupations,57,55,2
E01002456,"8. Process, plant and machine operatives",48,50,-2
E01002456,9. Elementary occupations,57,88,-31
E01002457,"1. Managers, directors and senior officials",103,52,51
E01002457,2. Professional occupations,138,92,46
E01002457,3. Associate professional and technical occupations,92,33,59
E01002457,4. Administrative and secretarial occupations,66,81,-15
E01002457,5. Skilled trades occupations,58,71,-13
E01002457,"6. Caring, leisure and other service occupations",80,83,-3
E01002457,7. Sales and customer service occupations,49,66,-17
E01002457,"8. Process, plant and machine operatives",65,69,-4
E01002457,9. Elementary occupations,98,107,-9
E01002458,"1. Managers, directors and senior officials",144,96,48
E01002458,2. Professional occupations,189,159,30
E01002458,3. Associate professional and technical occupations,101,43,58
E01002458,4. Administrative and secretarial occupations,87,105,-18
E01002458,5. Skilled trades occupations,45,63,-18
E01002458,"6. Caring, leisure and other service occupations",41,40,1
E01002458,7. Sales and customer service occupations,22,35,-13
E01002458,"8. Process, plant and machine operatives",24,29,-5
E01002458,9. Elementary occupations,28,34,-6
E01002459,"1. Managers, directors and senior officials",146,101,45
E01002459,2. Professional occupations,223,169,54
E01002459,3. Associate professional and technical occupations,131,71,60
E01002459,4. Administrative and secretarial occupations,80,121,-41
E01002459,5. Skilled trades occupations,59,70,-11
E01002459,"6. Caring, leisure and other service occupations",48,59,-11
E01002459,7. Sales and customer service occupations,26,42,-16
E01002459,"8. Process, plant and machine operatives",23,36,-13
E01002459,9. Elementary occupations,38,33,5
E01002460,"1. Managers, directors and senior officials",145,78,67
E01002460,2. Professional occupations,195,123,72
E01002460,3. Associate professional and technical occupations,109,41,68
E01002460,4. Administrative and secretarial occupations,66,87,-21
E01002460,5. Skilled trades occupations,54,53,1
E01002460,"6. Caring, leisure and other service occupations",61,41,20
E01002460,7. Sales and customer service occupations,42,25,17
E01002460,"8. Process, plant and machine operatives",26,27,-1
E01002460,9. Elementary occupations,33,26,7
E01002461,"1. Managers, directors and senior officials",186,155,31
E01002461,2. Professional occupations,198,159,39
E01002461,3. Associate professional and technical occupations,108,38,70
E01002461,4. Administrative and secretarial occupations,84,91,-7
E01002461,5. Skilled trades occupations,46,55,-9
E01002461,"6. Caring, leisure and other service occupations",35,39,-4
E01002461,7. Sales and customer service occupations,34,62,-28
E01002461,"8. Process, plant and machine operatives",28,23,5
E01002461,9. Elementary occupations,36,34,2
E01002462,"1. Managers, directors and senior officials",160,109,51
E01002462,2. Professional occupations,198,184,14
E01002462,3. Associate professional and technical occupations,122,53,69
E01002462,4. Administrative and secretarial occupations,75,79,-4
E01002462,5. Skilled trades occupations,63,58,5
E01002462,"6. Caring, leisure and other service occupations",29,47,-18
E01002462,7. Sales and customer service occupations,40,40,0
E01002462,"8. Process, plant and machine operatives",26,34,-8
E01002462,9. Elementary occupations,29,37,-8
E01002463,"1. Managers, directors and senior officials",134,119,15
E01002463,2. Professional occupations,219,176,43
E01002463,3. Associate professional and technical occupations,110,43,67
E01002463,4. Administrative and secretarial occupations,68,100,-32
E01002463,5. Skilled trades occupations,50,67,-17
E01002463,"6. Caring, leisure and other service occupations",39,49,-10
E01002463,7. Sales and customer service occupations,44,49,-5
E01002463,"8. Process, plant and machine operatives",32,36,-4
E01002463,9. Elementary occupations,33,50,-17
E01002464,"1. Managers, directors and senior officials",120,88,32
E01002464,2. Professional occupations,239,170,69
E01002464,3. Associate professional and technical occupations,155,61,94
E01002464,4. Administrative and secretarial occupations,110,122,-12
E01002464,5. Skilled trades occupations,72,85,-13
E01002464,"6. Caring, leisure and other service occupations",56,59,-3
E01002464,7. Sales and customer service occupations,23,45,-22
E01002464,"8. Process, plant and machine operatives",30,48,-18
E01002464,9. Elementary occupations,34,39,-5
E01002465,"1. Managers, directors and senior officials",104,84,20
E01002465,2. Professional occupations,206,156,50
E01002465,3. Associate professional and technical occupations,110,63,47
E01002465,4. Administrative and secretarial occupations,100,127,-27
E01002465,5. Skilled trades occupations,118,90,28
E01002465,"6. Caring, leisure and other service occupations",64,80,-16
E01002465,7. Sales and customer service occupations,47,53,-6
E01002465,"8. Process, plant and machine operatives",44,42,2
E01002465,9. Elementary occupations,98,57,41
E01002466,"1. Managers, directors and senior officials",127,81,46
E01002466,2. Professional occupations,204,156,48
E01002466,3. Associate professional and technical occupations,138,66,72
E01002466,4. Administrative and secretarial occupations,117,156,-39
E01002466,5. Skilled trades occupations,86,101,-15
E01002466,"6. Caring, leisure and other service occupations",65,77,-12
E01002466,7. Sales and customer service occupations,40,64,-24
E01002466,"8. Process, plant and machine operatives",51,47,4
E01002466,9. Elementary occupations,51,51,0
E01002467,"1. Managers, directors and senior officials",124,81,43
E01002467,2. Professional occupations,194,122,72
E01002467,3. Associate professional and technical occupations,93,58,35
E01002467,4. Administrative and secretarial occupations,72,107,-35
E01002467,5. Skilled trades occupations,75,71,4
E01002467,"6. Caring, leisure and other service occupations",45,54,-9
E01002467,7. Sales and customer service occupations,50,57,-7
E01002467,"8. Process, plant and machine operatives",53,40,13
E01002467,9. Elementary occupations,42,37,5
E01002468,"1. Managers, directors and senior officials",117,90,27
E01002468,2. Professional occupations,241,157,84
E01002468,3. Associate professional and technical occupations,144,64,80
E01002468,4. Administrative and secretarial occupations,109,152,-43
E01002468,5. Skilled trades occupations,99,123,-24
E01002468,"6. Caring, leisure and other service occupations",97,80,17
E01002468,7. Sales and customer service occupations,62,77,-15
E01002468,"8. Process, plant and machine operatives",34,49,-15
E01002468,9. Elementary occupations,48,62,-14
E01002469,"1. Managers, directors and senior officials",129,85,44
E01002469,2. Professional occupations,222,144,78
E01002469,3. Associate professional and technical occupations,123,86,37
E01002469,4. Administrative and secretarial occupations,115,138,-23
E01002469,5. Skilled trades occupations,96,122,-26
E01002469,"6. Caring, leisure and other service occupations",56,81,-25
E01002469,7. Sales and customer service occupations,44,64,-20
E01002469,"8. Process, plant and machine operatives",47,58,-11
E01002469,9. Elementary occupations,43,52,-9
E01002470,"1. Managers, directors and senior officials",139,87,52
E01002470,2. Professional occupations,215,176,39
E01002470,3. Associate professional and technical occupations,117,70,47
E01002470,4. Administrative and secretarial occupations,79,107,-28
E01002470,5. Skilled trades occupations,88,99,-11
E01002470,"6. Caring, leisure and other service occupations",59,77,-18
E01002470,7. Sales and customer service occupations,43,60,-17
E01002470,"8. Process, plant and machine operatives",47,49,-2
E01002470,9. Elementary occupations,72,59,13
E01002471,"1. Managers, directors and senior officials",150,101,49
E01002471,2. Professional occupations,265,207,58
E01002471,3. Associate professional and technical occupations,120,73,47
E01002471,4. Administrative and secretarial occupations,95,118,-23
E01002471,5. Skilled trades occupations,72,78,-6
E01002471,"6. Caring, leisure and other service occupations",50,82,-32
E01002471,7. Sales and customer service occupations,41,53,-12
E01002471,"8. Process, plant and machine operatives",38,50,-12
E01002471,9. Elementary occupations,52,50,2
E01002472,"1. Managers, directors and senior officials",164,104,60
E01002472,2. Professional occupations,233,195,38
E01002472,3. Associate professional and technical occupations,111,48,63
E01002472,4. Administrative and secretarial occupations,59,95,-36
E01002472,5. Skilled trades occupations,54,49,5
E01002472,"6. Caring, leisure and other service occupations",49,46,3
E01002472,7. Sales and customer service occupations,47,42,5
E01002472,"8. Process, plant and machine operatives",20,30,-10
E01002472,9. Elementary occupations,46,48,-2
E01002473,"1. Managers, directors and senior officials",227,199,28
E01002473,2. Professional occupations,250,198,52
E01002473,3. Associate professional and technical occupations,111,32,79
E01002473,4. Administrative and secretarial occupations,85,107,-22
E01002473,5. Skilled trades occupations,18,25,-7
E01002473,"6. Caring, leisure and other service occupations",22,36,-14
E01002473,7. Sales and customer service occupations,35,41,-6
E01002473,"8. Process, plant and machine operatives",13,21,-8
E01002473,9. Elementary occupations,28,16,12
E01002474,"1. Managers, directors and senior officials",173,104,69
E01002474,2. Professional occupations,233,211,22
E01002474,3. Associate professional and technical occupations,112,51,61
E01002474,4. Administrative and secretarial occupations,91,97,-6
E01002474,5. Skilled trades occupations,71,49,22
E01002474,"6. Caring, leisure and other service occupations",51,52,-1
E01002474,7. Sales and customer service occupations,41,36,5
E01002474,"8. Process, plant and machine operatives",37,21,16
E01002474,9. Elementary occupations,59,41,18
E01002475,"1. Managers, directors and senior officials",134,96,38
E01002475,2. Professional occupations,225,163,62
E01002475,3. Associate professional and technical occupations,87,41,46
E01002475,4. Administrative and secretarial occupations,75,76,-1
E01002475,5. Skilled trades occupations,38,57,-19
E01002475,"6. Caring, leisure and other service occupations",50,67,-17
E01002475,7. Sales and customer service occupations,37,34,3
E01002475,"8. Process, plant and machine operatives",21,30,-9
E01002475,9. Elementary occupations,62,44,18
E01002476,"1. Managers, directors and senior officials",200,141,59
E01002476,2. Professional occupations,284,284,0
E01002476,3. Associate professional and technical occupations,94,40,54
E01002476,4. Administrative and secretarial occupations,80,105,-25
E01002476,5. Skilled trades occupations,13,15,-2
E01002476,"6. Caring, leisure and other service occupations",36,43,-7
E01002476,7. Sales and customer service occupations,27,29,-2
E01002476,"8. Process, plant and machine operatives",8,10,-2
E01002476,9. Elementary occupations,13,18,-5
E01002477,"1. Managers, directors and senior officials",126,105,21
E01002477,2. Professional occupations,236,210,26
E01002477,3. Associate professional and technical occupations,98,45,53
E01002477,4. Administrative and secretarial occupations,58,69,-11
E01002477,5. Skilled trades occupations,23,24,-1
E01002477,"6. Caring, leisure and other service occupations",23,40,-17
E01002477,7. Sales and customer service occupations,32,28,4
E01002477,"8. Process, plant and machine operatives",15,6,9
E01002477,9. Elementary occupations,8,12,-4
E01002478,"1. Managers, directors and senior officials",159,120,39
E01002478,2. Professional occupations,224,223,1
E01002478,3. Associate professional and technical occupations,101,56,45
E01002478,4. Administrative and secretarial occupations,75,96,-21
E01002478,5. Skilled trades occupations,55,49,6
E01002478,"6. Caring, leisure and other service occupations",58,53,5
E01002478,7. Sales and customer service occupations,28,30,-2
E01002478,"8. Process, plant and machine operatives",19,29,-10
E01002478,9. Elementary occupations,59,39,20
E01002479,"1. Managers, directors and senior officials",111,87,24
E01002479,2. Professional occupations,225,162,63
E01002479,3. Associate professional and technical occupations,131,55,76
E01002479,4. Administrative and secretarial occupations,84,99,-15
E01002479,5. Skilled trades occupations,81,85,-4
E01002479,"6. Caring, leisure and other service occupations",92,68,24
E01002479,7. Sales and customer service occupations,46,73,-27
E01002479,"8. Process, plant and machine operatives",40,34,6
E01002479,9. Elementary occupations,60,65,-5
E01002480,"1. Managers, directors and senior officials",184,125,59
E01002480,2. Professional occupations,304,256,48
E01002480,3. Associate professional and technical occupations,127,57,70
E01002480,4. Administrative and secretarial occupations,94,127,-33
E01002480,5. Skilled trades occupations,55,61,-6
E01002480,"6. Caring, leisure and other service occupations",48,62,-14
E01002480,7. Sales and customer service occupations,45,33,12
E01002480,"8. Process, plant and machine operatives",22,22,0
E01002480,9. Elementary occupations,32,38,-6
E01002481,"1. Managers, directors and senior officials",105,88,17
E01002481,2. Professional occupations,178,162,16
E01002481,3. Associate professional and technical occupations,104,53,51
E01002481,4. Administrative and secretarial occupations,85,100,-15
E01002481,5. Skilled trades occupations,83,81,2
E01002481,"6. Caring, leisure and other service occupations",76,82,-6
E01002481,7. Sales and customer service occupations,45,34,11
E01002481,"8. Process, plant and machine operatives",38,35,3
E01002481,9. Elementary occupations,51,62,-11
E01002482,"1. Managers, directors and senior officials",203,147,56
E01002482,2. Professional occupations,312,240,72
E01002482,3. Associate professional and technical occupations,92,32,60
E01002482,4. Administrative and secretarial occupations,83,93,-10
E01002482,5. Skilled trades occupations,30,28,2
E01002482,"6. Caring, leisure and other service occupations",30,48,-18
E01002482,7. Sales and customer service occupations,25,22,3
E01002482,"8. Process, plant and machine operatives",12,13,-1
E01002482,9. Elementary occupations,20,24,-4
E01002483,"1. Managers, directors and senior officials",140,92,48
E01002483,2. Professional occupations,258,227,31
E01002483,3. Associate professional and technical occupations,105,55,50
E01002483,4. Administrative and secretarial occupations,96,102,-6
E01002483,5. Skilled trades occupations,96,90,6
E01002483,"6. Caring, leisure and other service occupations",86,62,24
E01002483,7. Sales and customer service occupations,52,56,-4
E01002483,"8. Process, plant and machine operatives",44,44,0
E01002483,9. Elementary occupations,82,55,27
E01002484,"1. Managers, directors and senior officials",108,84,24
E01002484,2. Professional occupations,153,149,4
E01002484,3. Associate professional and technical occupations,90,42,48
E01002484,4. Administrative and secretarial occupations,64,88,-24
E01002484,5. Skilled trades occupations,77,75,2
E01002484,"6. Caring, leisure and other service occupations",62,71,-9
E01002484,7. Sales and customer service occupations,51,54,-3
E01002484,"8. Process, plant and machine operatives",30,35,-5
E01002484,9. Elementary occupations,54,58,-4
E01002485,"1. Managers, directors and senior officials",137,109,28
E01002485,2. Professional occupations,215,177,38
E01002485,3. Associate professional and technical occupations,130,54,76
E01002485,4. Administrative and secretarial occupations,111,129,-18
E01002485,5. Skilled trades occupations,95,71,24
E01002485,"6. Caring, leisure and other service occupations",73,80,-7
E01002485,7. Sales and customer service occupations,68,63,5
E01002485,"8. Process, plant and machine operatives",62,50,12
E01002485,9. Elementary occupations,115,65,50
E01002486,"1. Managers, directors and senior officials",87,74,13
E01002486,2. Professional occupations,138,112,26
E01002486,3. Associate professional and technical occupations,96,47,49
E01002486,4. Administrative and secretarial occupations,82,106,-24
E01002486,5. Skilled trades occupations,105,105,0
E01002486,"6. Caring, leisure and other service occupations",101,87,14
E01002486,7. Sales and customer service occupations,102,101,1
E01002486,"8. Process, plant and machine operatives",117,98,19
E01002486,9. Elementary occupations,160,138,22
E01002487,"1. Managers, directors and senior officials",74,73,1
E01002487,2. Professional occupations,111,75,36
E01002487,3. Associate professional and technical occupations,89,52,37
E01002487,4. Administrative and secretarial occupations,83,100,-17
E01002487,5. Skilled trades occupations,89,70,19
E01002487,"6. Caring, leisure and other service occupations",84,76,8
E01002487,7. Sales and customer service occupations,96,90,6
E01002487,"8. Process, plant and machine operatives",91,105,-14
E01002487,9. Elementary occupations,121,129,-8
E01002488,"1. Managers, directors and senior officials",76,66,10
E01002488,2. Professional occupations,99,83,16
E01002488,3. Associate professional and technical occupations,95,34,61
E01002488,4. Administrative and secretarial occupations,78,103,-25
E01002488,5. Skilled trades occupations,73,67,6
E01002488,"6. Caring, leisure and other service occupations",67,73,-6
E01002488,7. Sales and customer service occupations,76,84,-8
E01002488,"8. Process, plant and machine operatives",89,95,-6
E01002488,9. Elementary occupations,139,136,3
E01002489,"1. Managers, directors and senior officials",67,67,0
E01002489,2. Professional occupations,114,87,27
E01002489,3. Associate professional and technical occupations,60,34,26
E01002489,4. Administrative and secretarial occupations,104,102,2
E01002489,5. Skilled trades occupations,89,60,29
E01002489,"6. Caring, leisure and other service occupations",71,61,10
E01002489,7. Sales and customer service occupations,101,114,-13
E01002489,"8. Process, plant and machine operatives",117,107,10
E01002489,9. Elementary occupations,180,181,-1
E01002490,"1. Managers, directors and senior officials",90,76,14
E01002490,2. Professional occupations,116,78,38
E01002490,3. Associate professional and technical occupations,87,39,48
E01002490,4. Administrative and secretarial occupations,91,135,-44
E01002490,5. Skilled trades occupations,101,105,-4
E01002490,"6. Caring, leisure and other service occupations",91,102,-11
E01002490,7. Sales and customer service occupations,103,103,0
E01002490,"8. Process, plant and machine operatives",111,107,4
E01002490,9. Elementary occupations,193,179,14
E01002491,"1. Managers, directors and senior officials",70,43,27
E01002491,2. Professional occupations,96,72,24
E01002491,3. Associate professional and technical occupations,66,21,45
E01002491,4. Administrative and secretarial occupations,55,69,-14
E01002491,5. Skilled trades occupations,51,59,-8
E01002491,"6. Caring, leisure and other service occupations",76,58,18
E01002491,7. Sales and customer service occupations,81,87,-6
E01002491,"8. Process, plant and machine operatives",86,91,-5
E01002491,9. Elementary occupations,135,132,3
E01002492,"1. Managers, directors and senior officials",69,57,12
E01002492,2. Professional occupations,102,80,22
E01002492,3. Associate professional and technical occupations,92,26,66
E01002492,4. Administrative and secretarial occupations,71,96,-25
E01002492,5. Skilled trades occupations,69,73,-4
E01002492,"6. Caring, leisure and other service occupations",56,54,2
E01002492,7. Sales and customer service occupations,93,68,25
E01002492,"8. Process, plant and machine operatives",95,89,6
E01002492,9. Elementary occupations,140,139,1
E01002493,"1. Managers, directors and senior officials",79,47,32
E01002493,2. Professional occupations,83,74,9
E01002493,3. Associate professional and technical occupations,63,30,33
E01002493,4. Administrative and secretarial occupations,76,77,-1
E01002493,5. Skilled trades occupations,62,60,2
E01002493,"6. Caring, leisure and other service occupations",103,76,27
E01002493,7. Sales and customer service occupations,75,87,-12
E01002493,"8. Process, plant and machine operatives",98,85,13
E01002493,9. Elementary occupations,119,154,-35
E01002494,"1. Managers, directors and senior officials",113,90,23
E01002494,2. Professional occupations,207,141,66
E01002494,3. Associate professional and technical occupations,128,55,73
E01002494,4. Administrative and secretarial occupations,91,118,-27
E01002494,5. Skilled trades occupations,121,117,4
E01002494,"6. Caring, leisure and other service occupations",87,91,-4
E01002494,7. Sales and customer service occupations,60,82,-22
E01002494,"8. Process, plant and machine operatives",46,63,-17
E01002494,9. Elementary occupations,74,87,-13
E01002495,"1. Managers, directors and senior officials",137,206,-69
E01002495,2. Professional occupations,216,171,45
E01002495,3. Associate professional and technical occupations,167,400,-233
E01002495,4. Administrative and secretarial occupations,130,143,-13
E01002495,5. Skilled trades occupations,70,82,-12
E01002495,"6. Caring, leisure and other service occupations",89,83,6
E01002495,7. Sales and customer service occupations,61,59,2
E01002495,"8. Process, plant and machine operatives",74,65,9
E01002495,9. Elementary occupations,77,73,4
E01002496,"1. Managers, directors and senior officials",129,86,43
E01002496,2. Professional occupations,199,148,51
E01002496,3. Associate professional and technical occupations,146,59,87
E01002496,4. Administrative and secretarial occupations,116,148,-32
E01002496,5. Skilled trades occupations,102,103,-1
E01002496,"6. Caring, leisure and other service occupations",86,87,-1
E01002496,7. Sales and customer service occupations,81,74,7
E01002496,"8. Process, plant and machine operatives",76,71,5
E01002496,9. Elementary occupations,90,91,-1
E01002497,"1. Managers, directors and senior officials",176,84,92
E01002497,2. Professional occupations,304,136,168
E01002497,3. Associate professional and technical occupations,164,64,100
E01002497,4. Administrative and secretarial occupations,128,136,-8
E01002497,5. Skilled trades occupations,141,110,31
E01002497,"6. Caring, leisure and other service occupations",77,82,-5
E01002497,7. Sales and customer service occupations,80,69,11
E01002497,"8. Process, plant and machine operatives",77,61,16
E01002497,9. Elementary occupations,120,93,27
E01002498,"1. Managers, directors and senior officials",99,83,16
E01002498,2. Professional occupations,182,108,74
E01002498,3. Associate professional and technical occupations,110,39,71
E01002498,4. Administrative and secretarial occupations,88,116,-28
E01002498,5. Skilled trades occupations,62,80,-18
E01002498,"6. Caring, leisure and other service occupations",36,56,-20
E01002498,7. Sales and customer service occupations,47,52,-5
E01002498,"8. Process, plant and machine operatives",33,43,-10
E01002498,9. Elementary occupations,29,65,-36
E01002499,"1. Managers, directors and senior officials",156,98,58
E01002499,2. Professional occupations,159,124,35
E01002499,3. Associate professional and technical occupations,242,55,187
E01002499,4. Administrative and secretarial occupations,119,123,-4
E01002499,5. Skilled trades occupations,109,105,4
E01002499,"6. Caring, leisure and other service occupations",86,63,23
E01002499,7. Sales and customer service occupations,73,67,6
E01002499,"8. Process, plant and machine operatives",77,67,10
E01002499,9. Elementary occupations,79,79,0
E01002501,"1. Managers, directors and senior officials",68,65,3
E01002501,2. Professional occupations,129,113,16
E01002501,3. Associate professional and technical occupations,62,45,17
E01002501,4. Administrative and secretarial occupations,75,92,-17
E01002501,5. Skilled trades occupations,53,75,-22
E01002501,"6. Caring, leisure and other service occupations",51,62,-11
E01002501,7. Sales and customer service occupations,99,67,32
E01002501,"8. Process, plant and machine operatives",98,73,25
E01002501,9. Elementary occupations,129,110,19
E01002502,"1. Managers, directors and senior officials",80,70,10
E01002502,2. Professional occupations,95,63,32
E01002502,3. Associate professional and technical occupations,77,30,47
E01002502,4. Administrative and secretarial occupations,60,96,-36
E01002502,5. Skilled trades occupations,62,85,-23
E01002502,"6. Caring, leisure and other service occupations",84,79,5
E01002502,7. Sales and customer service occupations,72,100,-28
E01002502,"8. Process, plant and machine operatives",92,92,0
E01002502,9. Elementary occupations,102,146,-44
E01002503,"1. Managers, directors and senior officials",82,60,22
E01002503,2. Professional occupations,111,78,33
E01002503,3. Associate professional and technical occupations,79,28,51
E01002503,4. Administrative and secretarial occupations,52,65,-13
E01002503,5. Skilled trades occupations,69,58,11
E01002503,"6. Caring, leisure and other service occupations",69,65,4
E01002503,7. Sales and customer service occupations,77,95,-18
E01002503,"8. Process, plant and machine operatives",92,93,-1
E01002503,9. Elementary occupations,168,145,23
E01002505,"1. Managers, directors and senior officials",66,47,19
E01002505,2. Professional occupations,98,88,10
E01002505,3. Associate professional and technical occupations,69,31,38
E01002505,4. Administrative and secretarial occupations,87,102,-15
E01002505,5. Skilled trades occupations,72,69,3
E01002505,"6. Caring, leisure and other service occupations",84,77,7
E01002505,7. Sales and customer service occupations,78,74,4
E01002505,"8. Process, plant and machine operatives",90,80,10
E01002505,9. Elementary occupations,121,131,-10
E01002506,"1. Managers, directors and senior officials",64,54,10
E01002506,2. Professional occupations,78,88,-10
E01002506,3. Associate professional and technical occupations,57,27,30
E01002506,4. Administrative and secretarial occupations,55,76,-21
E01002506,5. Skilled trades occupations,93,64,29
E01002506,"6. Caring, leisure and other service occupations",82,61,21
E01002506,7. Sales and customer service occupations,110,94,16
E01002506,"8. Process, plant and machine operatives",94,71,23
E01002506,9. Elementary occupations,239,162,77
E01002507,"1. Managers, directors and senior officials",66,64,2
E01002507,2. Professional occupations,128,77,51
E01002507,3. Associate professional and technical occupations,78,25,53
E01002507,4. Administrative and secretarial occupations,88,72,16
E01002507,5. Skilled trades occupations,56,68,-12
E01002507,"6. Caring, leisure and other service occupations",76,56,20
E01002507,7. Sales and customer service occupations,94,90,4
E01002507,"8. Process, plant and machine operatives",127,77,50
E01002507,9. Elementary occupations,154,152,2
E01002508,"1. Managers, directors and senior officials",60,50,10
E01002508,2. Professional occupations,108,56,52
E01002508,3. Associate professional and technical occupations,74,35,39
E01002508,4. Administrative and secretarial occupations,69,80,-11
E01002508,5. Skilled trades occupations,78,65,13
E01002508,"6. Caring, leisure and other service occupations",96,70,26
E01002508,7. Sales and customer service occupations,119,91,28
E01002508,"8. Process, plant and machine operatives",87,71,16
E01002508,9. Elementary occupations,142,113,29
E01002509,"1. Managers, directors and senior officials",113,98,15
E01002509,2. Professional occupations,191,131,60
E01002509,3. Associate professional and technical occupations,85,41,44
E01002509,4. Administrative and secretarial occupations,106,112,-6
E01002509,5. Skilled trades occupations,58,73,-15
E01002509,"6. Caring, leisure and other service occupations",53,54,-1
E01002509,7. Sales and customer service occupations,36,45,-9
E01002509,"8. Process, plant and machine operatives",43,44,-1
E01002509,9. Elementary occupations,57,48,9
E01002511,"1. Managers, directors and senior officials",84,69,15
E01002511,2. Professional occupations,152,113,39
E01002511,3. Associate professional and technical occupations,98,49,49
E01002511,4. Administrative and secretarial occupations,96,129,-33
E01002511,5. Skilled trades occupations,78,71,7
E01002511,"6. Caring, leisure and other service occupations",70,62,8
E01002511,7. Sales and customer service occupations,52,46,6
E01002511,"8. Process, plant and machine operatives",47,49,-2
E01002511,9. Elementary occupations,61,47,14
E01002512,"1. Managers, directors and senior officials",171,132,39
E01002512,2. Professional occupations,352,218,134
E01002512,3. Associate professional and technical occupations,158,58,100
E01002512,4. Administrative and secretarial occupations,83,115,-32
E01002512,5. Skilled trades occupations,81,68,13
E01002512,"6. Caring, leisure and other service occupations",44,64,-20
E01002512,7. Sales and customer service occupations,67,47,20
E01002512,"8. Process, plant and machine operatives",47,42,5
E01002512,9. Elementary occupations,44,45,-1
E01002513,"1. Managers, directors and senior officials",115,104,11
E01002513,2. Professional occupations,176,162,14
E01002513,3. Associate professional and technical occupations,109,43,66
E01002513,4. Administrative and secretarial occupations,60,84,-24
E01002513,5. Skilled trades occupations,52,56,-4
E01002513,"6. Caring, leisure and other service occupations",42,60,-18
E01002513,7. Sales and customer service occupations,39,42,-3
E01002513,"8. Process, plant and machine operatives",25,23,2
E01002513,9. Elementary occupations,35,45,-10
E01002514,"1. Managers, directors and senior officials",134,125,9
E01002514,2. Professional occupations,318,265,53
E01002514,3. Associate professional and technical occupations,177,77,100
E01002514,4. Administrative and secretarial occupations,96,145,-49
E01002514,5. Skilled trades occupations,76,59,17
E01002514,"6. Caring, leisure and other service occupations",93,94,-1
E01002514,7. Sales and customer service occupations,39,60,-21
E01002514,"8. Process, plant and machine operatives",53,30,23
E01002514,9. Elementary occupations,58,71,-13
E01002516,"1. Managers, directors and senior officials",162,137,25
E01002516,2. Professional occupations,172,168,4
E01002516,3. Associate professional and technical occupations,119,49,70
E01002516,4. Administrative and secretarial occupations,68,117,-49
E01002516,5. Skilled trades occupations,46,41,5
E01002516,"6. Caring, leisure and other service occupations",40,45,-5
E01002516,7. Sales and customer service occupations,42,54,-12
E01002516,"8. Process, plant and machine operatives",26,35,-9
E01002516,9. Elementary occupations,39,35,4
E01002518,"1. Managers, directors and senior officials",70,66,4
E01002518,2. Professional occupations,133,123,10
E01002518,3. Associate professional and technical occupations,84,49,35
E01002518,4. Administrative and secretarial occupations,68,71,-3
E01002518,5. Skilled trades occupations,62,52,10
E01002518,"6. Caring, leisure and other service occupations",52,58,-6
E01002518,7. Sales and customer service occupations,41,61,-20
E01002518,"8. Process, plant and machine operatives",42,43,-1
E01002518,9. Elementary occupations,49,52,-3
E01002519,"1. Managers, directors and senior officials",105,57,48
E01002519,2. Professional occupations,204,113,91
E01002519,3. Associate professional and technical occupations,148,50,98
E01002519,4. Administrative and secretarial occupations,125,121,4
E01002519,5. Skilled trades occupations,118,62,56
E01002519,"6. Caring, leisure and other service occupations",90,69,21
E01002519,7. Sales and customer service occupations,59,54,5
E01002519,"8. Process, plant and machine operatives",77,90,-13
E01002519,9. Elementary occupations,77,69,8
E01002520,"1. Managers, directors and senior officials",117,85,32
E01002520,2. Professional occupations,229,139,90
E01002520,3. Associate professional and technical occupations,129,44,85
E01002520,4. Administrative and secretarial occupations,85,97,-12
E01002520,5. Skilled trades occupations,122,70,52
E01002520,"6. Caring, leisure and other service occupations",81,48,33
E01002520,7. Sales and customer service occupations,61,78,-17
E01002520,"8. Process, plant and machine operatives",63,42,21
E01002520,9. Elementary occupations,92,86,6
E01002521,"1. Managers, directors and senior officials",101,80,21
E01002521,2. Professional occupations,225,193,32
E01002521,3. Associate professional and technical occupations,134,63,71
E01002521,4. Administrative and secretarial occupations,100,114,-14
E01002521,5. Skilled trades occupations,66,60,6
E01002521,"6. Caring, leisure and other service occupations",78,56,22
E01002521,7. Sales and customer service occupations,57,60,-3
E01002521,"8. Process, plant and machine operatives",77,53,24
E01002521,9. Elementary occupations,111,67,44
E01002523,"1. Managers, directors and senior officials",100,73,27
E01002523,2. Professional occupations,177,155,22
E01002523,3. Associate professional and technical occupations,111,54,57
E01002523,4. Administrative and secretarial occupations,82,91,-9
E01002523,5. Skilled trades occupations,69,58,11
E01002523,"6. Caring, leisure and other service occupations",42,47,-5
E01002523,7. Sales and customer service occupations,66,93,-27
E01002523,"8. Process, plant and machine operatives",63,55,8
E01002523,9. Elementary occupations,74,68,6
E01002525,"1. Managers, directors and senior officials",117,83,34
E01002525,2. Professional occupations,205,149,56
E01002525,3. Associate professional and technical occupations,120,40,80
E01002525,4. Administrative and secretarial occupations,98,136,-38
E01002525,5. Skilled trades occupations,87,92,-5
E01002525,"6. Caring, leisure and other service occupations",61,80,-19
E01002525,7. Sales and customer service occupations,58,50,8
E01002525,"8. Process, plant and machine operatives",67,60,7
E01002525,9. Elementary occupations,71,75,-4
E01002526,"1. Managers, directors and senior officials",191,58,133
E01002526,2. Professional occupations,341,88,253
E01002526,3. Associate professional and technical occupations,173,42,131
E01002526,4. Administrative and secretarial occupations,119,98,21
E01002526,5. Skilled trades occupations,116,82,34
E01002526,"6. Caring, leisure and other service occupations",129,98,31
E01002526,7. Sales and customer service occupations,108,91,17
E01002526,"8. Process, plant and machine operatives",122,88,34
E01002526,9. Elementary occupations,161,129,32
E01002527,"1. Managers, directors and senior officials",82,78,4
E01002527,2. Professional occupations,162,131,31
E01002527,3. Associate professional and technical occupations,94,39,55
E01002527,4. Administrative and secretarial occupations,63,100,-37
E01002527,5. Skilled trades occupations,68,86,-18
E01002527,"6. Caring, leisure and other service occupations",70,72,-2
E01002527,7. Sales and customer service occupations,46,63,-17
E01002527,"8. Process, plant and machine operatives",70,78,-8
E01002527,9. Elementary occupations,78,89,-11
E01002528,"1. Managers, directors and senior officials",68,61,7
E01002528,2. Professional occupations,111,67,44
E01002528,3. Associate professional and technical occupations,86,33,53
E01002528,4. Administrative and secretarial occupations,77,89,-12
E01002528,5. Skilled trades occupations,93,86,7
E01002528,"6. Caring, leisure and other service occupations",96,75,21
E01002528,7. Sales and customer service occupations,68,65,3
E01002528,"8. Process, plant and machine operatives",106,89,17
E01002528,9. Elementary occupations,104,108,-4
E01002529,"1. Managers, directors and senior officials",143,68,75
E01002529,2. Professional occupations,250,209,41
E01002529,3. Associate professional and technical occupations,135,59,76
E01002529,4. Administrative and secretarial occupations,113,131,-18
E01002529,5. Skilled trades occupations,120,128,-8
E01002529,"6. Caring, leisure and other service occupations",116,84,32
E01002529,7. Sales and customer service occupations,92,90,2
E01002529,"8. Process, plant and machine operatives",125,85,40
E01002529,9. Elementary occupations,141,118,23
E01002530,"1. Managers, directors and senior officials",55,39,16
E01002530,2. Professional occupations,89,38,51
E01002530,3. Associate professional and technical occupations,72,18,54
E01002530,4. Administrative and secretarial occupations,69,53,16
E01002530,5. Skilled trades occupations,105,58,47
E01002530,"6. Caring, leisure and other service occupations",90,54,36
E01002530,7. Sales and customer service occupations,71,57,14
E01002530,"8. Process, plant and machine operatives",103,54,49
E01002530,9. Elementary occupations,125,88,37
E01002531,"1. Managers, directors and senior officials",122,98,24
E01002531,2. Professional occupations,161,122,39
E01002531,3. Associate professional and technical occupations,99,36,63
E01002531,4. Administrative and secretarial occupations,88,142,-54
E01002531,5. Skilled trades occupations,82,98,-16
E01002531,"6. Caring, leisure and other service occupations",78,80,-2
E01002531,7. Sales and customer service occupations,60,45,15
E01002531,"8. Process, plant and machine operatives",45,61,-16
E01002531,9. Elementary occupations,74,75,-1
E01002533,"1. Managers, directors and senior officials",122,63,59
E01002533,2. Professional occupations,144,122,22
E01002533,3. Associate professional and technical occupations,112,58,54
E01002533,4. Administrative and secretarial occupations,78,113,-35
E01002533,5. Skilled trades occupations,70,84,-14
E01002533,"6. Caring, leisure and other service occupations",66,70,-4
E01002533,7. Sales and customer service occupations,47,52,-5
E01002533,"8. Process, plant and machine operatives",42,35,7
E01002533,9. Elementary occupations,57,61,-4
E01002534,"1. Managers, directors and senior officials",115,99,16
E01002534,2. Professional occupations,190,149,41
E01002534,3. Associate professional and technical occupations,122,51,71
E01002534,4. Administrative and secretarial occupations,73,90,-17
E01002534,5. Skilled trades occupations,66,60,6
E01002534,"6. Caring, leisure and other service occupations",53,51,2
E01002534,7. Sales and customer service occupations,27,49,-22
E01002534,"8. Process, plant and machine operatives",23,23,0
E01002534,9. Elementary occupations,44,43,1
E01002535,"1. Managers, directors and senior officials",214,136,78
E01002535,2. Professional occupations,338,267,71
E01002535,3. Associate professional and technical occupations,173,70,103
E01002535,4. Administrative and secretarial occupations,140,136,4
E01002535,5. Skilled trades occupations,67,62,5
E01002535,"6. Caring, leisure and other service occupations",75,66,9
E01002535,7. Sales and customer service occupations,61,39,22
E01002535,"8. Process, plant and machine operatives",41,45,-4
E01002535,9. Elementary occupations,85,49,36
E01002536,"1. Managers, directors and senior officials",102,87,15
E01002536,2. Professional occupations,197,158,39
E01002536,3. Associate professional and technical occupations,160,127,33
E01002536,4. Administrative and secretarial occupations,57,121,-64
E01002536,5. Skilled trades occupations,53,55,-2
E01002536,"6. Caring, leisure and other service occupations",55,48,7
E01002536,7. Sales and customer service occupations,35,42,-7
E01002536,"8. Process, plant and machine operatives",37,42,-5
E01002536,9. Elementary occupations,45,36,9
E01002537,"1. Managers, directors and senior officials",231,86,145
E01002537,2. Professional occupations,397,181,216
E01002537,3. Associate professional and technical occupations,233,94,139
E01002537,4. Administrative and secretarial occupations,118,102,16
E01002537,5. Skilled trades occupations,81,60,21
E01002537,"6. Caring, leisure and other service occupations",78,65,13
E01002537,7. Sales and customer service occupations,53,45,8
E01002537,"8. Process, plant and machine operatives",60,36,24
E01002537,9. Elementary occupations,45,45,0
E01002538,"1. Managers, directors and senior officials",111,113,-2
E01002538,2. Professional occupations,175,149,26
E01002538,3. Associate professional and technical occupations,136,63,73
E01002538,4. Administrative and secretarial occupations,81,124,-43
E01002538,5. Skilled trades occupations,95,93,2
E01002538,"6. Caring, leisure and other service occupations",60,84,-24
E01002538,7. Sales and customer service occupations,35,58,-23
E01002538,"8. Process, plant and machine operatives",43,41,2
E01002538,9. Elementary occupations,35,42,-7
E01002539,"1. Managers, directors and senior officials",160,93,67
E01002539,2. Professional occupations,193,143,50
E01002539,3. Associate professional and technical occupations,116,47,69
E01002539,4. Administrative and secretarial occupations,98,115,-17
E01002539,5. Skilled trades occupations,54,75,-21
E01002539,"6. Caring, leisure and other service occupations",53,78,-25
E01002539,7. Sales and customer service occupations,35,41,-6
E01002539,"8. Process, plant and machine operatives",30,24,6
E01002539,9. Elementary occupations,27,42,-15
E01002540,"1. Managers, directors and senior officials",79,65,14
E01002540,2. Professional occupations,111,98,13
E01002540,3. Associate professional and technical occupations,76,41,35
E01002540,4. Administrative and secretarial occupations,62,105,-43
E01002540,5. Skilled trades occupations,95,77,18
E01002540,"6. Caring, leisure and other service occupations",88,77,11
E01002540,7. Sales and customer service occupations,71,81,-10
E01002540,"8. Process, plant and machine operatives",87,74,13
E01002540,9. Elementary occupations,111,115,-4
E01002541,"1. Managers, directors and senior officials",134,118,16
E01002541,2. Professional occupations,174,165,9
E01002541,3. Associate professional and technical occupations,113,61,52
E01002541,4. Administrative and secretarial occupations,106,142,-36
E01002541,5. Skilled trades occupations,103,95,8
E01002541,"6. Caring, leisure and other service occupations",86,98,-12
E01002541,7. Sales and customer service occupations,83,104,-21
E01002541,"8. Process, plant and machine operatives",85,65,20
E01002541,9. Elementary occupations,123,111,12
E01002542,"1. Managers, directors and senior officials",73,79,-6
E01002542,2. Professional occupations,87,92,-5
E01002542,3. Associate professional and technical occupations,56,40,16
E01002542,4. Administrative and secretarial occupations,62,87,-25
E01002542,5. Skilled trades occupations,99,77,22
E01002542,"6. Caring, leisure and other service occupations",99,72,27
E01002542,7. Sales and customer service occupations,95,73,22
E01002542,"8. Process, plant and machine operatives",109,76,33
E01002542,9. Elementary occupations,120,131,-11
E01002543,"1. Managers, directors and senior officials",62,58,4
E01002543,2. Professional occupations,108,94,14
E01002543,3. Associate professional and technical occupations,78,32,46
E01002543,4. Administrative and secretarial occupations,58,78,-20
E01002543,5. Skilled trades occupations,87,71,16
E01002543,"6. Caring, leisure and other service occupations",86,83,3
E01002543,7. Sales and customer service occupations,92,81,11
E01002543,"8. Process, plant and machine operatives",106,70,36
E01002543,9. Elementary occupations,114,106,8
E01002544,"1. Managers, directors and senior officials",105,79,26
E01002544,2. Professional occupations,143,144,-1
E01002544,3. Associate professional and technical occupations,77,44,33
E01002544,4. Administrative and secretarial occupations,85,99,-14
E01002544,5. Skilled trades occupations,92,63,29
E01002544,"6. Caring, leisure and other service occupations",59,63,-4
E01002544,7. Sales and customer service occupations,67,73,-6
E01002544,"8. Process, plant and machine operatives",76,82,-6
E01002544,9. Elementary occupations,102,93,9
E01002545,"1. Managers, directors and senior officials",50,31,19
E01002545,2. Professional occupations,53,74,-21
E01002545,3. Associate professional and technical occupations,65,21,44
E01002545,4. Administrative and secretarial occupations,44,66,-22
E01002545,5. Skilled trades occupations,58,43,15
E01002545,"6. Caring, leisure and other service occupations",76,67,9
E01002545,7. Sales and customer service occupations,69,76,-7
E01002545,"8. Process, plant and machine operatives",60,56,4
E01002545,9. Elementary occupations,76,85,-9
E01002546,"1. Managers, directors and senior officials",64,68,-4
E01002546,2. Professional occupations,86,75,11
E01002546,3. Associate professional and technical occupations,52,24,28
E01002546,4. Administrative and secretarial occupations,71,83,-12
E01002546,5. Skilled trades occupations,84,65,19
E01002546,"6. Caring, leisure and other service occupations",70,67,3
E01002546,7. Sales and customer service occupations,94,107,-13
E01002546,"8. Process, plant and machine operatives",100,92,8
E01002546,9. Elementary occupations,134,137,-3
E01002547,"1. Managers, directors and senior officials",69,63,6
E01002547,2. Professional occupations,89,85,4
E01002547,3. Associate professional and technical occupations,65,24,41
E01002547,4. Administrative and secretarial occupations,58,78,-20
E01002547,5. Skilled trades occupations,62,48,14
E01002547,"6. Caring, leisure and other service occupations",55,56,-1
E01002547,7. Sales and customer service occupations,88,83,5
E01002547,"8. Process, plant and machine operatives",75,72,3
E01002547,9. Elementary occupations,153,111,42
E01002548,"1. Managers, directors and senior officials",85,37,48
E01002548,2. Professional occupations,138,79,59
E01002548,3. Associate professional and technical occupations,91,35,56
E01002548,4. Administrative and secretarial occupations,72,71,1
E01002548,5. Skilled trades occupations,94,87,7
E01002548,"6. Caring, leisure and other service occupations",80,73,7
E01002548,7. Sales and customer service occupations,65,62,3
E01002548,"8. Process, plant and machine operatives",92,74,18
E01002548,9. Elementary occupations,100,93,7
E01002549,"1. Managers, directors and senior officials",94,104,-10
E01002549,2. Professional occupations,179,148,31
E01002549,3. Associate professional and technical occupations,97,60,37
E01002549,4. Administrative and secretarial occupations,97,170,-73
E01002549,5. Skilled trades occupations,81,102,-21
E01002549,"6. Caring, leisure and other service occupations",87,99,-12
E01002549,7. Sales and customer service occupations,53,82,-29
E01002549,"8. Process, plant and machine operatives",64,84,-20
E01002549,9. Elementary occupations,81,133,-52
E01002550,"1. Managers, directors and senior officials",85,63,22
E01002550,2. Professional occupations,161,171,-10
E01002550,3. Associate professional and technical occupations,122,52,70
E01002550,4. Administrative and secretarial occupations,84,134,-50
E01002550,5. Skilled trades occupations,96,74,22
E01002550,"6. Caring, leisure and other service occupations",82,99,-17
E01002550,7. Sales and customer service occupations,61,69,-8
E01002550,"8. Process, plant and machine operatives",98,91,7
E01002550,9. Elementary occupations,122,109,13
E01002551,"1. Managers, directors and senior officials",76,67,9
E01002551,2. Professional occupations,159,87,72
E01002551,3. Associate professional and technical occupations,126,30,96
E01002551,4. Administrative and secretarial occupations,78,85,-7
E01002551,5. Skilled trades occupations,93,79,14
E01002551,"6. Caring, leisure and other service occupations",143,68,75
E01002551,7. Sales and customer service occupations,43,59,-16
E01002551,"8. Process, plant and machine operatives",93,53,40
E01002551,9. Elementary occupations,116,105,11
E01002552,"1. Managers, directors and senior officials",86,49,37
E01002552,2. Professional occupations,147,87,60
E01002552,3. Associate professional and technical occupations,85,29,56
E01002552,4. Administrative and secretarial occupations,71,95,-24
E01002552,5. Skilled trades occupations,93,80,13
E01002552,"6. Caring, leisure and other service occupations",93,74,19
E01002552,7. Sales and customer service occupations,73,68,5
E01002552,"8. Process, plant and machine operatives",83,87,-4
E01002552,9. Elementary occupations,103,115,-12
E01002553,"1. Managers, directors and senior officials",64,59,5
E01002553,2. Professional occupations,129,83,46
E01002553,3. Associate professional and technical occupations,97,34,63
E01002553,4. Administrative and secretarial occupations,90,91,-1
E01002553,5. Skilled trades occupations,96,76,20
E01002553,"6. Caring, leisure and other service occupations",98,86,12
E01002553,7. Sales and customer service occupations,61,79,-18
E01002553,"8. Process, plant and machine operatives",74,74,0
E01002553,9. Elementary occupations,111,120,-9
E01002555,"1. Managers, directors and senior officials",104,87,17
E01002555,2. Professional occupations,126,126,0
E01002555,3. Associate professional and technical occupations,120,40,80
E01002555,4. Administrative and secretarial occupations,106,132,-26
E01002555,5. Skilled trades occupations,88,83,5
E01002555,"6. Caring, leisure and other service occupations",97,92,5
E01002555,7. Sales and customer service occupations,113,115,-2
E01002555,"8. Process, plant and machine operatives",103,116,-13
E01002555,9. Elementary occupations,190,172,18
E01002556,"1. Managers, directors and senior officials",83,75,8
E01002556,2. Professional occupations,111,88,23
E01002556,3. Associate professional and technical occupations,101,45,56
E01002556,4. Administrative and secretarial occupations,102,128,-26
E01002556,5. Skilled trades occupations,94,78,16
E01002556,"6. Caring, leisure and other service occupations",90,78,12
E01002556,7. Sales and customer service occupations,84,79,5
E01002556,"8. Process, plant and machine operatives",98,83,15
E01002556,9. Elementary occupations,150,116,34
E01002557,"1. Managers, directors and senior officials",100,83,17
E01002557,2. Professional occupations,101,96,5
E01002557,3. Associate professional and technical occupations,84,50,34
E01002557,4. Administrative and secretarial occupations,114,110,4
E01002557,5. Skilled trades occupations,128,90,38
E01002557,"6. Caring, leisure and other service occupations",98,115,-17
E01002557,7. Sales and customer service occupations,88,67,21
E01002557,"8. Process, plant and machine operatives",118,71,47
E01002557,9. Elementary occupations,162,162,0
E01002558,"1. Managers, directors and senior officials",89,68,21
E01002558,2. Professional occupations,126,70,56
E01002558,3. Associate professional and technical occupations,113,42,71
E01002558,4. Administrative and secretarial occupations,116,142,-26
E01002558,5. Skilled trades occupations,82,77,5
E01002558,"6. Caring, leisure and other service occupations",114,95,19
E01002558,7. Sales and customer service occupations,82,83,-1
E01002558,"8. Process, plant and machine operatives",99,98,1
E01002558,9. Elementary occupations,165,155,10
E01002559,"1. Managers, directors and senior officials",102,97,5
E01002559,2. Professional occupations,136,129,7
E01002559,3. Associate professional and technical occupations,139,52,87
E01002559,4. Administrative and secretarial occupations,135,153,-18
E01002559,5. Skilled trades occupations,129,126,3
E01002559,"6. Caring, leisure and other service occupations",147,99,48
E01002559,7. Sales and customer service occupations,145,113,32
E01002559,"8. Process, plant and machine operatives",146,121,25
E01002559,9. Elementary occupations,189,183,6
E01002560,"1. Managers, directors and senior officials",86,50,36
E01002560,2. Professional occupations,121,76,45
E01002560,3. Associate professional and technical occupations,101,50,51
E01002560,4. Administrative and secretarial occupations,89,111,-22
E01002560,5. Skilled trades occupations,100,71,29
E01002560,"6. Caring, leisure and other service occupations",91,89,2
E01002560,7. Sales and customer service occupations,74,78,-4
E01002560,"8. Process, plant and machine operatives",78,75,3
E01002560,9. Elementary occupations,172,143,29
E01002561,"1. Managers, directors and senior officials",79,45,34
E01002561,2. Professional occupations,85,43,42
E01002561,3. Associate professional and technical occupations,88,27,61
E01002561,4. Administrative and secretarial occupations,81,91,-10
E01002561,5. Skilled trades occupations,51,65,-14
E01002561,"6. Caring, leisure and other service occupations",77,72,5
E01002561,7. Sales and customer service occupations,75,67,8
E01002561,"8. Process, plant and machine operatives",70,92,-22
E01002561,9. Elementary occupations,166,97,69
E01002562,"1. Managers, directors and senior officials",87,80,7
E01002562,2. Professional occupations,147,91,56
E01002562,3. Associate professional and technical occupations,83,28,55
E01002562,4. Administrative and secretarial occupations,49,80,-31
E01002562,5. Skilled trades occupations,60,75,-15
E01002562,"6. Caring, leisure and other service occupations",56,66,-10
E01002562,7. Sales and customer service occupations,32,39,-7
E01002562,"8. Process, plant and machine operatives",45,44,1
E01002562,9. Elementary occupations,58,88,-30
E01002563,"1. Managers, directors and senior officials",155,106,49
E01002563,2. Professional occupations,281,226,55
E01002563,3. Associate professional and technical occupations,175,51,124
E01002563,4. Administrative and secretarial occupations,91,105,-14
E01002563,5. Skilled trades occupations,84,80,4
E01002563,"6. Caring, leisure and other service occupations",58,65,-7
E01002563,7. Sales and customer service occupations,39,66,-27
E01002563,"8. Process, plant and machine operatives",49,34,15
E01002563,9. Elementary occupations,61,77,-16
E01002564,"1. Managers, directors and senior officials",111,78,33
E01002564,2. Professional occupations,191,150,41
E01002564,3. Associate professional and technical occupations,134,55,79
E01002564,4. Administrative and secretarial occupations,84,94,-10
E01002564,5. Skilled trades occupations,78,101,-23
E01002564,"6. Caring, leisure and other service occupations",66,98,-32
E01002564,7. Sales and customer service occupations,76,55,21
E01002564,"8. Process, plant and machine operatives",68,56,12
E01002564,9. Elementary occupations,87,106,-19
E01002565,"1. Managers, directors and senior officials",200,143,57
E01002565,2. Professional occupations,328,305,23
E01002565,3. Associate professional and technical occupations,206,84,122
E01002565,4. Administrative and secretarial occupations,93,155,-62
E01002565,5. Skilled trades occupations,101,121,-20
E01002565,"6. Caring, leisure and other service occupations",99,102,-3
E01002565,7. Sales and customer service occupations,64,128,-64
E01002565,"8. Process, plant and machine operatives",72,51,21
E01002565,9. Elementary occupations,105,169,-64
E01002567,"1. Managers, directors and senior officials",161,150,11
E01002567,2. Professional occupations,252,268,-16
E01002567,3. Associate professional and technical occupations,201,65,136
E01002567,4. Administrative and secretarial occupations,101,106,-5
E01002567,5. Skilled trades occupations,65,84,-19
E01002567,"6. Caring, leisure and other service occupations",66,66,0
E01002567,7. Sales and customer service occupations,52,52,0
E01002567,"8. Process, plant and machine operatives",39,52,-13
E01002567,9. Elementary occupations,65,72,-7
E01002569,"1. Managers, directors and senior officials",300,199,101
E01002569,2. Professional occupations,371,288,83
E01002569,3. Associate professional and technical occupations,223,57,166
E01002569,4. Administrative and secretarial occupations,76,110,-34
E01002569,5. Skilled trades occupations,45,42,3
E01002569,"6. Caring, leisure and other service occupations",58,45,13
E01002569,7. Sales and customer service occupations,33,41,-8
E01002569,"8. Process, plant and machine operatives",22,27,-5
E01002569,9. Elementary occupations,16,31,-15
E01002570,"1. Managers, directors and senior officials",214,189,25
E01002570,2. Professional occupations,270,261,9
E01002570,3. Associate professional and technical occupations,171,63,108
E01002570,4. Administrative and secretarial occupations,62,86,-24
E01002570,5. Skilled trades occupations,40,54,-14
E01002570,"6. Caring, leisure and other service occupations",59,48,11
E01002570,7. Sales and customer service occupations,34,49,-15
E01002570,"8. Process, plant and machine operatives",16,19,-3
E01002570,9. Elementary occupations,41,44,-3
E01002571,"1. Managers, directors and senior officials",178,185,-7
E01002571,2. Professional occupations,208,221,-13
E01002571,3. Associate professional and technical occupations,140,29,111
E01002571,4. Administrative and secretarial occupations,39,60,-21
E01002571,5. Skilled trades occupations,24,37,-13
E01002571,"6. Caring, leisure and other service occupations",36,43,-7
E01002571,7. Sales and customer service occupations,18,22,-4
E01002571,"8. Process, plant and machine operatives",4,18,-14
E01002571,9. Elementary occupations,8,20,-12
E01002572,"1. Managers, directors and senior officials",100,82,18
E01002572,2. Professional occupations,141,118,23
E01002572,3. Associate professional and technical occupations,114,42,72
E01002572,4. Administrative and secretarial occupations,58,103,-45
E01002572,5. Skilled trades occupations,49,75,-26
E01002572,"6. Caring, leisure and other service occupations",67,78,-11
E01002572,7. Sales and customer service occupations,50,50,0
E01002572,"8. Process, plant and machine operatives",41,49,-8
E01002572,9. Elementary occupations,76,78,-2
E01002573,"1. Managers, directors and senior officials",225,183,42
E01002573,2. Professional occupations,241,259,-18
E01002573,3. Associate professional and technical occupations,147,38,109
E01002573,4. Administrative and secretarial occupations,48,64,-16
E01002573,5. Skilled trades occupations,18,36,-18
E01002573,"6. Caring, leisure and other service occupations",40,32,8
E01002573,7. Sales and customer service occupations,29,33,-4
E01002573,"8. Process, plant and machine operatives",15,11,4
E01002573,9. Elementary occupations,35,34,1
E01002574,"1. Managers, directors and senior officials",228,175,53
E01002574,2. Professional occupations,305,269,36
E01002574,3. Associate professional and technical occupations,177,53,124
E01002574,4. Administrative and secretarial occupations,71,71,0
E01002574,5. Skilled trades occupations,24,26,-2
E01002574,"6. Caring, leisure and other service occupations",44,38,6
E01002574,7. Sales and customer service occupations,74,35,39
E01002574,"8. Process, plant and machine operatives",24,9,15
E01002574,9. Elementary occupations,44,32,12
E01002575,"1. Managers, directors and senior officials",235,200,35
E01002575,2. Professional occupations,278,247,31
E01002575,3. Associate professional and technical occupations,141,53,88
E01002575,4. Administrative and secretarial occupations,47,88,-41
E01002575,5. Skilled trades occupations,27,36,-9
E01002575,"6. Caring, leisure and other service occupations",34,49,-15
E01002575,7. Sales and customer service occupations,30,31,-1
E01002575,"8. Process, plant and machine operatives",22,16,6
E01002575,9. Elementary occupations,44,36,8
E01002576,"1. Managers, directors and senior officials",175,139,36
E01002576,2. Professional occupations,212,170,42
E01002576,3. Associate professional and technical occupations,173,36,137
E01002576,4. Administrative and secretarial occupations,59,51,8
E01002576,5. Skilled trades occupations,40,34,6
E01002576,"6. Caring, leisure and other service occupations",61,56,5
E01002576,7. Sales and customer service occupations,39,44,-5
E01002576,"8. Process, plant and machine operatives",43,17,26
E01002576,9. Elementary occupations,38,39,-1
E01002577,"1. Managers, directors and senior officials",213,210,3
E01002577,2. Professional occupations,271,307,-36
E01002577,3. Associate professional and technical occupations,188,70,118
E01002577,4. Administrative and secretarial occupations,57,98,-41
E01002577,5. Skilled trades occupations,57,34,23
E01002577,"6. Caring, leisure and other service occupations",46,62,-16
E01002577,7. Sales and customer service occupations,34,51,-17
E01002577,"8. Process, plant and machine operatives",20,29,-9
E01002577,9. Elementary occupations,46,52,-6
E01002578,"1. Managers, directors and senior officials",178,152,26
E01002578,2. Professional occupations,222,231,-9
E01002578,3. Associate professional and technical occupations,136,46,90
E01002578,4. Administrative and secretarial occupations,44,69,-25
E01002578,5. Skilled trades occupations,27,29,-2
E01002578,"6. Caring, leisure and other service occupations",35,32,3
E01002578,7. Sales and customer service occupations,19,21,-2
E01002578,"8. Process, plant and machine operatives",26,22,4
E01002578,9. Elementary occupations,25,39,-14
E01002579,"1. Managers, directors and senior officials",227,218,9
E01002579,2. Professional occupations,278,283,-5
E01002579,3. Associate professional and technical occupations,137,54,83
E01002579,4. Administrative and secretarial occupations,55,68,-13
E01002579,5. Skilled trades occupations,23,39,-16
E01002579,"6. Caring, leisure and other service occupations",36,46,-10
E01002579,7. Sales and customer service occupations,17,29,-12
E01002579,"8. Process, plant and machine operatives",6,7,-1
E01002579,9. Elementary occupations,24,32,-8
E01002580,"1. Managers, directors and senior officials",146,112,34
E01002580,2. Professional occupations,220,190,30
E01002580,3. Associate professional and technical occupations,124,49,75
E01002580,4. Administrative and secretarial occupations,47,90,-43
E01002580,5. Skilled trades occupations,48,35,13
E01002580,"6. Caring, leisure and other service occupations",43,43,0
E01002580,7. Sales and customer service occupations,36,39,-3
E01002580,"8. Process, plant and machine operatives",11,21,-10
E01002580,9. Elementary occupations,64,38,26
E01002581,"1. Managers, directors and senior officials",231,186,45
E01002581,2. Professional occupations,343,345,-2
E01002581,3. Associate professional and technical occupations,226,73,153
E01002581,4. Administrative and secretarial occupations,63,99,-36
E01002581,5. Skilled trades occupations,48,51,-3
E01002581,"6. Caring, leisure and other service occupations",50,60,-10
E01002581,7. Sales and customer service occupations,44,54,-10
E01002581,"8. Process, plant and machine operatives",22,17,5
E01002581,9. Elementary occupations,51,59,-8
E01002582,"1. Managers, directors and senior officials",237,187,50
E01002582,2. Professional occupations,292,269,23
E01002582,3. Associate professional and technical occupations,175,66,109
E01002582,4. Administrative and secretarial occupations,53,73,-20
E01002582,5. Skilled trades occupations,32,39,-7
E01002582,"6. Caring, leisure and other service occupations",39,43,-4
E01002582,7. Sales and customer service occupations,30,29,1
E01002582,"8. Process, plant and machine operatives",9,10,-1
E01002582,9. Elementary occupations,14,42,-28
E01002583,"1. Managers, directors and senior officials",86,59,27
E01002583,2. Professional occupations,116,74,42
E01002583,3. Associate professional and technical occupations,80,28,52
E01002583,4. Administrative and secretarial occupations,93,85,8
E01002583,5. Skilled trades occupations,71,43,28
E01002583,"6. Caring, leisure and other service occupations",69,36,33
E01002583,7. Sales and customer service occupations,82,59,23
E01002583,"8. Process, plant and machine operatives",63,54,9
E01002583,9. Elementary occupations,175,99,76
E01002584,"1. Managers, directors and senior officials",69,54,15
E01002584,2. Professional occupations,85,89,-4
E01002584,3. Associate professional and technical occupations,72,35,37
E01002584,4. Administrative and secretarial occupations,104,106,-2
E01002584,5. Skilled trades occupations,79,64,15
E01002584,"6. Caring, leisure and other service occupations",75,54,21
E01002584,7. Sales and customer service occupations,112,98,14
E01002584,"8. Process, plant and machine operatives",103,88,15
E01002584,9. Elementary occupations,276,176,100
E01002585,"1. Managers, directors and senior officials",72,54,18
E01002585,2. Professional occupations,91,67,24
E01002585,3. Associate professional and technical occupations,65,29,36
E01002585,4. Administrative and secretarial occupations,75,69,6
E01002585,5. Skilled trades occupations,91,74,17
E01002585,"6. Caring, leisure and other service occupations",66,73,-7
E01002585,7. Sales and customer service occupations,87,90,-3
E01002585,"8. Process, plant and machine operatives",94,97,-3
E01002585,9. Elementary occupations,235,168,67
E01002586,"1. Managers, directors and senior officials",73,75,-2
E01002586,2. Professional occupations,90,96,-6
E01002586,3. Associate professional and technical occupations,84,50,34
E01002586,4. Administrative and secretarial occupations,70,120,-50
E01002586,5. Skilled trades occupations,75,91,-16
E01002586,"6. Caring, leisure and other service occupations",71,64,7
E01002586,7. Sales and customer service occupations,89,114,-25
E01002586,"8. Process, plant and machine operatives",116,129,-13
E01002586,9. Elementary occupations,246,270,-24
E01002587,"1. Managers, directors and senior officials",126,53,73
E01002587,2. Professional occupations,135,130,5
E01002587,3. Associate professional and technical occupations,94,33,61
E01002587,4. Administrative and secretarial occupations,93,84,9
E01002587,5. Skilled trades occupations,104,77,27
E01002587,"6. Caring, leisure and other service occupations",87,73,14
E01002587,7. Sales and customer service occupations,87,107,-20
E01002587,"8. Process, plant and machine operatives",95,75,20
E01002587,9. Elementary occupations,241,192,49
E01002588,"1. Managers, directors and senior officials",63,34,29
E01002588,2. Professional occupations,92,59,33
E01002588,3. Associate professional and technical occupations,65,25,40
E01002588,4. Administrative and secretarial occupations,63,96,-33
E01002588,5. Skilled trades occupations,81,44,37
E01002588,"6. Caring, leisure and other service occupations",96,76,20
E01002588,7. Sales and customer service occupations,96,68,28
E01002588,"8. Process, plant and machine operatives",92,71,21
E01002588,9. Elementary occupations,148,136,12
E01002589,"1. Managers, directors and senior officials",90,60,30
E01002589,2. Professional occupations,140,80,60
E01002589,3. Associate professional and technical occupations,135,59,76
E01002589,4. Administrative and secretarial occupations,103,101,2
E01002589,5. Skilled trades occupations,82,78,4
E01002589,"6. Caring, leisure and other service occupations",107,68,39
E01002589,7. Sales and customer service occupations,109,95,14
E01002589,"8. Process, plant and machine operatives",111,89,22
E01002589,9. Elementary occupations,238,187,51
E01002590,"1. Managers, directors and senior officials",114,86,28
E01002590,2. Professional occupations,176,107,69
E01002590,3. Associate professional and technical occupations,144,48,96
E01002590,4. Administrative and secretarial occupations,101,136,-35
E01002590,5. Skilled trades occupations,101,87,14
E01002590,"6. Caring, leisure and other service occupations",104,104,0
E01002590,7. Sales and customer service occupations,109,82,27
E01002590,"8. Process, plant and machine operatives",110,99,11
E01002590,9. Elementary occupations,148,123,25
E01002591,"1. Managers, directors and senior officials",99,67,32
E01002591,2. Professional occupations,123,64,59
E01002591,3. Associate professional and technical occupations,93,43,50
E01002591,4. Administrative and secretarial occupations,123,122,1
E01002591,5. Skilled trades occupations,113,98,15
E01002591,"6. Caring, leisure and other service occupations",87,68,19
E01002591,7. Sales and customer service occupations,85,82,3
E01002591,"8. Process, plant and machine operatives",83,102,-19
E01002591,9. Elementary occupations,158,154,4
E01002592,"1. Managers, directors and senior officials",79,64,15
E01002592,2. Professional occupations,113,77,36
E01002592,3. Associate professional and technical occupations,94,34,60
E01002592,4. Administrative and secretarial occupations,88,119,-31
E01002592,5. Skilled trades occupations,107,94,13
E01002592,"6. Caring, leisure and other service occupations",101,91,10
E01002592,7. Sales and customer service occupations,81,105,-24
E01002592,"8. Process, plant and machine operatives",101,91,10
E01002592,9. Elementary occupations,213,194,19
E01002593,"1. Managers, directors and senior officials",92,79,13
E01002593,2. Professional occupations,142,101,41
E01002593,3. Associate professional and technical occupations,90,45,45
E01002593,4. Administrative and secretarial occupations,103,151,-48
E01002593,5. Skilled trades occupations,141,92,49
E01002593,"6. Caring, leisure and other service occupations",103,108,-5
E01002593,7. Sales and customer service occupations,102,91,11
E01002593,"8. Process, plant and machine operatives",90,98,-8
E01002593,9. Elementary occupations,231,197,34
E01002594,"1. Managers, directors and senior officials",96,52,44
E01002594,2. Professional occupations,154,111,43
E01002594,3. Associate professional and technical occupations,105,50,55
E01002594,4. Administrative and secretarial occupations,105,130,-25
E01002594,5. Skilled trades occupations,107,72,35
E01002594,"6. Caring, leisure and other service occupations",110,89,21
E01002594,7. Sales and customer service occupations,90,107,-17
E01002594,"8. Process, plant and machine operatives",129,82,47
E01002594,9. Elementary occupations,185,174,11
E01002595,"1. Managers, directors and senior officials",75,58,17
E01002595,2. Professional occupations,140,71,69
E01002595,3. Associate professional and technical occupations,100,47,53
E01002595,4. Administrative and secretarial occupations,92,117,-25
E01002595,5. Skilled trades occupations,87,77,10
E01002595,"6. Caring, leisure and other service occupations",132,93,39
E01002595,7. Sales and customer service occupations,93,94,-1
E01002595,"8. Process, plant and machine operatives",86,115,-29
E01002595,9. Elementary occupations,231,210,21
E01002596,"1. Managers, directors and senior officials",109,72,37
E01002596,2. Professional occupations,125,120,5
E01002596,3. Associate professional and technical occupations,111,72,39
E01002596,4. Administrative and secretarial occupations,103,133,-30
E01002596,5. Skilled trades occupations,103,88,15
E01002596,"6. Caring, leisure and other service occupations",118,108,10
E01002596,7. Sales and customer service occupations,85,77,8
E01002596,"8. Process, plant and machine operatives",100,96,4
E01002596,9. Elementary occupations,157,149,8
E01002598,"1. Managers, directors and senior officials",77,61,16
E01002598,2. Professional occupations,138,63,75
E01002598,3. Associate professional and technical occupations,99,42,57
E01002598,4. Administrative and secretarial occupations,89,117,-28
E01002598,5. Skilled trades occupations,119,111,8
E01002598,"6. Caring, leisure and other service occupations",94,97,-3
E01002598,7. Sales and customer service occupations,85,88,-3
E01002598,"8. Process, plant and machine operatives",95,65,30
E01002598,9. Elementary occupations,184,168,16
E01002599,"1. Managers, directors and senior officials",73,53,20
E01002599,2. Professional occupations,102,74,28
E01002599,3. Associate professional and technical occupations,91,36,55
E01002599,4. Administrative and secretarial occupations,76,101,-25
E01002599,5. Skilled trades occupations,98,92,6
E01002599,"6. Caring, leisure and other service occupations",74,72,2
E01002599,7. Sales and customer service occupations,77,72,5
E01002599,"8. Process, plant and machine operatives",56,64,-8
E01002599,9. Elementary occupations,101,119,-18
E01002600,"1. Managers, directors and senior officials",65,46,19
E01002600,2. Professional occupations,77,65,12
E01002600,3. Associate professional and technical occupations,87,36,51
E01002600,4. Administrative and secretarial occupations,79,92,-13
E01002600,5. Skilled trades occupations,86,86,0
E01002600,"6. Caring, leisure and other service occupations",89,64,25
E01002600,7. Sales and customer service occupations,73,98,-25
E01002600,"8. Process, plant and machine operatives",80,86,-6
E01002600,9. Elementary occupations,148,118,30
E01002601,"1. Managers, directors and senior officials",103,81,22
E01002601,2. Professional occupations,156,129,27
E01002601,3. Associate professional and technical occupations,146,59,87
E01002601,4. Administrative and secretarial occupations,87,127,-40
E01002601,5. Skilled trades occupations,105,106,-1
E01002601,"6. Caring, leisure and other service occupations",85,83,2
E01002601,7. Sales and customer service occupations,76,77,-1
E01002601,"8. Process, plant and machine operatives",85,81,4
E01002601,9. Elementary occupations,110,127,-17
E01002602,"1. Managers, directors and senior officials",108,61,47
E01002602,2. Professional occupations,115,89,26
E01002602,3. Associate professional and technical occupations,109,63,46
E01002602,4. Administrative and secretarial occupations,97,141,-44
E01002602,5. Skilled trades occupations,89,96,-7
E01002602,"6. Caring, leisure and other service occupations",66,89,-23
E01002602,7. Sales and customer service occupations,49,61,-12
E01002602,"8. Process, plant and machine operatives",66,57,9
E01002602,9. Elementary occupations,84,87,-3
E01002603,"1. Managers, directors and senior officials",73,89,-16
E01002603,2. Professional occupations,141,123,18
E01002603,3. Associate professional and technical occupations,95,52,43
E01002603,4. Administrative and secretarial occupations,109,122,-13
E01002603,5. Skilled trades occupations,92,75,17
E01002603,"6. Caring, leisure and other service occupations",92,105,-13
E01002603,7. Sales and customer service occupations,98,101,-3
E01002603,"8. Process, plant and machine operatives",94,77,17
E01002603,9. Elementary occupations,171,150,21
E01002604,"1. Managers, directors and senior officials",51,46,5
E01002604,2. Professional occupations,82,58,24
E01002604,3. Associate professional and technical occupations,64,25,39
E01002604,4. Administrative and secretarial occupations,48,65,-17
E01002604,5. Skilled trades occupations,93,69,24
E01002604,"6. Caring, leisure and other service occupations",75,85,-10
E01002604,7. Sales and customer service occupations,77,97,-20
E01002604,"8. Process, plant and machine operatives",78,59,19
E01002604,9. Elementary occupations,115,109,6
E01002605,"1. Managers, directors and senior officials",93,61,32
E01002605,2. Professional occupations,108,87,21
E01002605,3. Associate professional and technical occupations,104,33,71
E01002605,4. Administrative and secretarial occupations,96,101,-5
E01002605,5. Skilled trades occupations,172,108,64
E01002605,"6. Caring, leisure and other service occupations",131,106,25
E01002605,7. Sales and customer service occupations,98,79,19
E01002605,"8. Process, plant and machine operatives",100,94,6
E01002605,9. Elementary occupations,143,118,25
E01002606,"1. Managers, directors and senior officials",56,32,24
E01002606,2. Professional occupations,84,49,35
E01002606,3. Associate professional and technical occupations,50,28,22
E01002606,4. Administrative and secretarial occupations,59,83,-24
E01002606,5. Skilled trades occupations,81,70,11
E01002606,"6. Caring, leisure and other service occupations",88,79,9
E01002606,7. Sales and customer service occupations,69,92,-23
E01002606,"8. Process, plant and machine operatives",80,77,3
E01002606,9. Elementary occupations,133,131,2
E01002607,"1. Managers, directors and senior officials",130,69,61
E01002607,2. Professional occupations,160,85,75
E01002607,3. Associate professional and technical occupations,161,50,111
E01002607,4. Administrative and secretarial occupations,68,109,-41
E01002607,5. Skilled trades occupations,147,116,31
E01002607,"6. Caring, leisure and other service occupations",131,105,26
E01002607,7. Sales and customer service occupations,121,86,35
E01002607,"8. Process, plant and machine operatives",116,86,30
E01002607,9. Elementary occupations,200,157,43
E01002608,"1. Managers, directors and senior officials",79,52,27
E01002608,2. Professional occupations,114,89,25
E01002608,3. Associate professional and technical occupations,90,48,42
E01002608,4. Administrative and secretarial occupations,67,97,-30
E01002608,5. Skilled trades occupations,96,84,12
E01002608,"6. Caring, leisure and other service occupations",122,84,38
E01002608,7. Sales and customer service occupations,70,70,0
E01002608,"8. Process, plant and machine operatives",90,72,18
E01002608,9. Elementary occupations,120,112,8
E01002609,"1. Managers, directors and senior officials",120,69,51
E01002609,2. Professional occupations,124,133,-9
E01002609,3. Associate professional and technical occupations,109,60,49
E01002609,4. Administrative and secretarial occupations,109,118,-9
E01002609,5. Skilled trades occupations,124,113,11
E01002609,"6. Caring, leisure and other service occupations",68,76,-8
E01002609,7. Sales and customer service occupations,64,84,-20
E01002609,"8. Process, plant and machine operatives",64,71,-7
E01002609,9. Elementary occupations,80,103,-23
E01002610,"1. Managers, directors and senior officials",74,64,10
E01002610,2. Professional occupations,91,65,26
E01002610,3. Associate professional and technical occupations,89,25,64
E01002610,4. Administrative and secretarial occupations,37,87,-50
E01002610,5. Skilled trades occupations,89,60,29
E01002610,"6. Caring, leisure and other service occupations",88,79,9
E01002610,7. Sales and customer service occupations,51,88,-37
E01002610,"8. Process, plant and machine operatives",79,61,18
E01002610,9. Elementary occupations,116,98,18
E01002611,"1. Managers, directors and senior officials",75,61,14
E01002611,2. Professional occupations,157,111,46
E01002611,3. Associate professional and technical occupations,105,40,65
E01002611,4. Administrative and secretarial occupations,96,118,-22
E01002611,5. Skilled trades occupations,112,108,4
E01002611,"6. Caring, leisure and other service occupations",117,82,35
E01002611,7. Sales and customer service occupations,81,86,-5
E01002611,"8. Process, plant and machine operatives",93,81,12
E01002611,9. Elementary occupations,153,140,13
E01002612,"1. Managers, directors and senior officials",116,63,53
E01002612,2. Professional occupations,203,113,90
E01002612,3. Associate professional and technical occupations,139,43,96
E01002612,4. Administrative and secretarial occupations,101,96,5
E01002612,5. Skilled trades occupations,105,65,40
E01002612,"6. Caring, leisure and other service occupations",89,89,0
E01002612,7. Sales and customer service occupations,83,65,18
E01002612,"8. Process, plant and machine operatives",80,77,3
E01002612,9. Elementary occupations,147,128,19
E01002613,"1. Managers, directors and senior officials",103,75,28
E01002613,2. Professional occupations,145,106,39
E01002613,3. Associate professional and technical occupations,96,36,60
E01002613,4. Administrative and secretarial occupations,98,131,-33
E01002613,5. Skilled trades occupations,102,102,0
E01002613,"6. Caring, leisure and other service occupations",71,99,-28
E01002613,7. Sales and customer service occupations,90,81,9
E01002613,"8. Process, plant and machine operatives",104,78,26
E01002613,9. Elementary occupations,131,126,5
E01002614,"1. Managers, directors and senior officials",102,83,19
E01002614,2. Professional occupations,201,119,82
E01002614,3. Associate professional and technical occupations,112,61,51
E01002614,4. Administrative and secretarial occupations,100,142,-42
E01002614,5. Skilled trades occupations,134,104,30
E01002614,"6. Caring, leisure and other service occupations",99,95,4
E01002614,7. Sales and customer service occupations,78,85,-7
E01002614,"8. Process, plant and machine operatives",89,75,14
E01002614,9. Elementary occupations,147,117,30
E01002615,"1. Managers, directors and senior officials",64,42,22
E01002615,2. Professional occupations,85,64,21
E01002615,3. Associate professional and technical occupations,68,43,25
E01002615,4. Administrative and secretarial occupations,57,68,-11
E01002615,5. Skilled trades occupations,78,75,3
E01002615,"6. Caring, leisure and other service occupations",69,84,-15
E01002615,7. Sales and customer service occupations,66,77,-11
E01002615,"8. Process, plant and machine operatives",64,52,12
E01002615,9. Elementary occupations,110,112,-2
E01002616,"1. Managers, directors and senior officials",64,52,12
E01002616,2. Professional occupations,109,67,42
E01002616,3. Associate professional and technical occupations,83,31,52
E01002616,4. Administrative and secretarial occupations,100,119,-19
E01002616,5. Skilled trades occupations,94,68,26
E01002616,"6. Caring, leisure and other service occupations",67,59,8
E01002616,7. Sales and customer service occupations,69,46,23
E01002616,"8. Process, plant and machine operatives",78,79,-1
E01002616,9. Elementary occupations,123,104,19
E01002617,"1. Managers, directors and senior officials",132,82,50
E01002617,2. Professional occupations,139,111,28
E01002617,3. Associate professional and technical occupations,110,69,41
E01002617,4. Administrative and secretarial occupations,99,125,-26
E01002617,5. Skilled trades occupations,97,99,-2
E01002617,"6. Caring, leisure and other service occupations",70,69,1
E01002617,7. Sales and customer service occupations,58,60,-2
E01002617,"8. Process, plant and machine operatives",64,60,4
E01002617,9. Elementary occupations,98,107,-9
E01002618,"1. Managers, directors and senior officials",113,85,28
E01002618,2. Professional occupations,176,125,51
E01002618,3. Associate professional and technical occupations,102,48,54
E01002618,4. Administrative and secretarial occupations,94,149,-55
E01002618,5. Skilled trades occupations,70,54,16
E01002618,"6. Caring, leisure and other service occupations",64,52,12
E01002618,7. Sales and customer service occupations,99,103,-4
E01002618,"8. Process, plant and machine operatives",73,65,8
E01002618,9. Elementary occupations,120,83,37
E01002619,"1. Managers, directors and senior officials",110,71,39
E01002619,2. Professional occupations,139,127,12
E01002619,3. Associate professional and technical occupations,75,41,34
E01002619,4. Administrative and secretarial occupations,77,126,-49
E01002619,5. Skilled trades occupations,86,72,14
E01002619,"6. Caring, leisure and other service occupations",68,69,-1
E01002619,7. Sales and customer service occupations,106,100,6
E01002619,"8. Process, plant and machine operatives",85,85,0
E01002619,9. Elementary occupations,167,130,37
E01002620,"1. Managers, directors and senior officials",123,59,64
E01002620,2. Professional occupations,232,128,104
E01002620,3. Associate professional and technical occupations,119,23,96
E01002620,4. Administrative and secretarial occupations,126,72,54
E01002620,5. Skilled trades occupations,94,52,42
E01002620,"6. Caring, leisure and other service occupations",90,76,14
E01002620,7. Sales and customer service occupations,137,93,44
E01002620,"8. Process, plant and machine operatives",105,78,27
E01002620,9. Elementary occupations,191,109,82
E01002621,"1. Managers, directors and senior officials",94,95,-1
E01002621,2. Professional occupations,150,142,8
E01002621,3. Associate professional and technical occupations,101,53,48
E01002621,4. Administrative and secretarial occupations,80,97,-17
E01002621,5. Skilled trades occupations,89,80,9
E01002621,"6. Caring, leisure and other service occupations",79,73,6
E01002621,7. Sales and customer service occupations,96,85,11
E01002621,"8. Process, plant and machine operatives",70,52,18
E01002621,9. Elementary occupations,175,124,51
E01002622,"1. Managers, directors and senior officials",87,59,28
E01002622,2. Professional occupations,149,137,12
E01002622,3. Associate professional and technical occupations,77,51,26
E01002622,4. Administrative and secretarial occupations,77,115,-38
E01002622,5. Skilled trades occupations,74,55,19
E01002622,"6. Caring, leisure and other service occupations",74,81,-7
E01002622,7. Sales and customer service occupations,94,110,-16
E01002622,"8. Process, plant and machine operatives",87,85,2
E01002622,9. Elementary occupations,136,141,-5
E01002623,"1. Managers, directors and senior officials",63,74,-11
E01002623,2. Professional occupations,127,96,31
E01002623,3. Associate professional and technical occupations,92,30,62
E01002623,4. Administrative and secretarial occupations,88,89,-1
E01002623,5. Skilled trades occupations,78,59,19
E01002623,"6. Caring, leisure and other service occupations",68,67,1
E01002623,7. Sales and customer service occupations,96,99,-3
E01002623,"8. Process, plant and machine operatives",63,48,15
E01002623,9. Elementary occupations,159,123,36
E01002624,"1. Managers, directors and senior officials",73,55,18
E01002624,2. Professional occupations,110,138,-28
E01002624,3. Associate professional and technical occupations,82,34,48
E01002624,4. Administrative and secretarial occupations,64,101,-37
E01002624,5. Skilled trades occupations,72,53,19
E01002624,"6. Caring, leisure and other service occupations",69,54,15
E01002624,7. Sales and customer service occupations,85,73,12
E01002624,"8. Process, plant and machine operatives",59,46,13
E01002624,9. Elementary occupations,186,156,30
E01002625,"1. Managers, directors and senior officials",122,68,54
E01002625,2. Professional occupations,116,102,14
E01002625,3. Associate professional and technical occupations,93,38,55
E01002625,4. Administrative and secretarial occupations,67,103,-36
E01002625,5. Skilled trades occupations,61,75,-14
E01002625,"6. Caring, leisure and other service occupations",43,63,-20
E01002625,7. Sales and customer service occupations,83,98,-15
E01002625,"8. Process, plant and machine operatives",65,85,-20
E01002625,9. Elementary occupations,116,129,-13
E01002626,"1. Managers, directors and senior officials",137,82,55
E01002626,2. Professional occupations,107,103,4
E01002626,3. Associate professional and technical occupations,79,39,40
E01002626,4. Administrative and secretarial occupations,96,114,-18
E01002626,5. Skilled trades occupations,59,65,-6
E01002626,"6. Caring, leisure and other service occupations",45,59,-14
E01002626,7. Sales and customer service occupations,89,91,-2
E01002626,"8. Process, plant and machine operatives",66,78,-12
E01002626,9. Elementary occupations,83,109,-26
E01002627,"1. Managers, directors and senior officials",74,53,21
E01002627,2. Professional occupations,97,91,6
E01002627,3. Associate professional and technical occupations,70,27,43
E01002627,4. Administrative and secretarial occupations,73,81,-8
E01002627,5. Skilled trades occupations,48,71,-23
E01002627,"6. Caring, leisure and other service occupations",64,62,2
E01002627,7. Sales and customer service occupations,79,93,-14
E01002627,"8. Process, plant and machine operatives",73,66,7
E01002627,9. Elementary occupations,113,111,2
E01002628,"1. Managers, directors and senior officials",98,87,11
E01002628,2. Professional occupations,169,153,16
E01002628,3. Associate professional and technical occupations,110,47,63
E01002628,4. Administrative and secretarial occupations,94,135,-41
E01002628,5. Skilled trades occupations,105,92,13
E01002628,"6. Caring, leisure and other service occupations",78,73,5
E01002628,7. Sales and customer service occupations,120,117,3
E01002628,"8. Process, plant and machine operatives",61,63,-2
E01002628,9. Elementary occupations,140,133,7
E01002629,"1. Managers, directors and senior officials",155,95,60
E01002629,2. Professional occupations,262,204,58
E01002629,3. Associate professional and technical occupations,138,54,84
E01002629,4. Administrative and secretarial occupations,126,120,6
E01002629,5. Skilled trades occupations,118,61,57
E01002629,"6. Caring, leisure and other service occupations",91,85,6
E01002629,7. Sales and customer service occupations,121,93,28
E01002629,"8. Process, plant and machine operatives",88,63,25
E01002629,9. Elementary occupations,168,111,57
E01002630,"1. Managers, directors and senior officials",100,84,16
E01002630,2. Professional occupations,189,174,15
E01002630,3. Associate professional and technical occupations,121,27,94
E01002630,4. Administrative and secretarial occupations,78,112,-34
E01002630,5. Skilled trades occupations,84,75,9
E01002630,"6. Caring, leisure and other service occupations",78,65,13
E01002630,7. Sales and customer service occupations,109,93,16
E01002630,"8. Process, plant and machine operatives",52,51,1
E01002630,9. Elementary occupations,184,103,81
E01002631,"1. Managers, directors and senior officials",72,64,8
E01002631,2. Professional occupations,124,96,28
E01002631,3. Associate professional and technical occupations,79,38,41
E01002631,4. Administrative and secretarial occupations,74,83,-9
E01002631,5. Skilled trades occupations,47,66,-19
E01002631,"6. Caring, leisure and other service occupations",65,74,-9
E01002631,7. Sales and customer service occupations,97,84,13
E01002631,"8. Process, plant and machine operatives",91,79,12
E01002631,9. Elementary occupations,120,113,7
E01002632,"1. Managers, directors and senior officials",94,72,22
E01002632,2. Professional occupations,154,136,18
E01002632,3. Associate professional and technical occupations,86,46,40
E01002632,4. Administrative and secretarial occupations,94,117,-23
E01002632,5. Skilled trades occupations,69,66,3
E01002632,"6. Caring, leisure and other service occupations",53,82,-29
E01002632,7. Sales and customer service occupations,100,101,-1
E01002632,"8. Process, plant and machine operatives",78,81,-3
E01002632,9. Elementary occupations,125,124,1
E01002633,"1. Managers, directors and senior officials",80,37,43
E01002633,2. Professional occupations,115,51,64
E01002633,3. Associate professional and technical occupations,90,14,76
E01002633,4. Administrative and secretarial occupations,67,65,2
E01002633,5. Skilled trades occupations,68,55,13
E01002633,"6. Caring, leisure and other service occupations",82,56,26
E01002633,7. Sales and customer service occupations,107,76,31
E01002633,"8. Process, plant and machine operatives",119,85,34
E01002633,9. Elementary occupations,124,144,-20
E01002634,"1. Managers, directors and senior officials",56,43,13
E01002634,2. Professional occupations,67,46,21
E01002634,3. Associate professional and technical occupations,56,25,31
E01002634,4. Administrative and secretarial occupations,59,72,-13
E01002634,5. Skilled trades occupations,68,46,22
E01002634,"6. Caring, leisure and other service occupations",85,61,24
E01002634,7. Sales and customer service occupations,82,79,3
E01002634,"8. Process, plant and machine operatives",85,65,20
E01002634,9. Elementary occupations,112,124,-12
E01002635,"1. Managers, directors and senior officials",110,62,48
E01002635,2. Professional occupations,126,124,2
E01002635,3. Associate professional and technical occupations,124,55,69
E01002635,4. Administrative and secretarial occupations,115,115,0
E01002635,5. Skilled trades occupations,70,73,-3
E01002635,"6. Caring, leisure and other service occupations",56,53,3
E01002635,7. Sales and customer service occupations,86,73,13
E01002635,"8. Process, plant and machine operatives",73,75,-2
E01002635,9. Elementary occupations,161,150,11
E01002636,"1. Managers, directors and senior officials",109,78,31
E01002636,2. Professional occupations,143,118,25
E01002636,3. Associate professional and technical occupations,98,30,68
E01002636,4. Administrative and secretarial occupations,95,117,-22
E01002636,5. Skilled trades occupations,94,80,14
E01002636,"6. Caring, leisure and other service occupations",72,77,-5
E01002636,7. Sales and customer service occupations,109,110,-1
E01002636,"8. Process, plant and machine operatives",76,100,-24
E01002636,9. Elementary occupations,159,151,8
E01002637,"1. Managers, directors and senior officials",73,47,26
E01002637,2. Professional occupations,71,51,20
E01002637,3. Associate professional and technical occupations,85,32,53
E01002637,4. Administrative and secretarial occupations,74,72,2
E01002637,5. Skilled trades occupations,59,40,19
E01002637,"6. Caring, leisure and other service occupations",57,60,-3
E01002637,7. Sales and customer service occupations,98,68,30
E01002637,"8. Process, plant and machine operatives",119,97,22
E01002637,9. Elementary occupations,160,144,16
E01002638,"1. Managers, directors and senior officials",79,61,18
E01002638,2. Professional occupations,94,62,32
E01002638,3. Associate professional and technical occupations,80,29,51
E01002638,4. Administrative and secretarial occupations,87,95,-8
E01002638,5. Skilled trades occupations,66,51,15
E01002638,"6. Caring, leisure and other service occupations",94,69,25
E01002638,7. Sales and customer service occupations,143,111,32
E01002638,"8. Process, plant and machine operatives",111,77,34
E01002638,9. Elementary occupations,166,116,50
E01002639,"1. Managers, directors and senior officials",77,49,28
E01002639,2. Professional occupations,156,156,0
E01002639,3. Associate professional and technical occupations,75,44,31
E01002639,4. Administrative and secretarial occupations,86,118,-32
E01002639,5. Skilled trades occupations,99,101,-2
E01002639,"6. Caring, leisure and other service occupations",71,50,21
E01002639,7. Sales and customer service occupations,90,102,-12
E01002639,"8. Process, plant and machine operatives",73,46,27
E01002639,9. Elementary occupations,159,197,-38
E01002640,"1. Managers, directors and senior officials",98,69,29
E01002640,2. Professional occupations,220,192,28
E01002640,3. Associate professional and technical occupations,90,41,49
E01002640,4. Administrative and secretarial occupations,78,86,-8
E01002640,5. Skilled trades occupations,121,92,29
E01002640,"6. Caring, leisure and other service occupations",73,72,1
E01002640,7. Sales and customer service occupations,124,138,-14
E01002640,"8. Process, plant and machine operatives",123,39,84
E01002640,9. Elementary occupations,258,174,84
E01002641,"1. Managers, directors and senior officials",110,70,40
E01002641,2. Professional occupations,269,184,85
E01002641,3. Associate professional and technical occupations,154,41,113
E01002641,4. Administrative and secretarial occupations,110,126,-16
E01002641,5. Skilled trades occupations,162,100,62
E01002641,"6. Caring, leisure and other service occupations",126,89,37
E01002641,7. Sales and customer service occupations,127,86,41
E01002641,"8. Process, plant and machine operatives",72,55,17
E01002641,9. Elementary occupations,199,160,39
E01002643,"1. Managers, directors and senior officials",124,101,23
E01002643,2. Professional occupations,299,228,71
E01002643,3. Associate professional and technical occupations,139,55,84
E01002643,4. Administrative and secretarial occupations,107,124,-17
E01002643,5. Skilled trades occupations,109,90,19
E01002643,"6. Caring, leisure and other service occupations",110,102,8
E01002643,7. Sales and customer service occupations,123,103,20
E01002643,"8. Process, plant and machine operatives",84,63,21
E01002643,9. Elementary occupations,162,129,33
E01002645,"1. Managers, directors and senior officials",87,63,24
E01002645,2. Professional occupations,154,163,-9
E01002645,3. Associate professional and technical occupations,105,57,48
E01002645,4. Administrative and secretarial occupations,69,91,-22
E01002645,5. Skilled trades occupations,143,134,9
E01002645,"6. Caring, leisure and other service occupations",119,107,12
E01002645,7. Sales and customer service occupations,94,132,-38
E01002645,"8. Process, plant and machine operatives",92,66,26
E01002645,9. Elementary occupations,235,152,83
E01002646,"1. Managers, directors and senior officials",69,61,8
E01002646,2. Professional occupations,112,126,-14
E01002646,3. Associate professional and technical occupations,77,37,40
E01002646,4. Administrative and secretarial occupations,102,94,8
E01002646,5. Skilled trades occupations,113,72,41
E01002646,"6. Caring, leisure and other service occupations",94,79,15
E01002646,7. Sales and customer service occupations,110,103,7
E01002646,"8. Process, plant and machine operatives",81,52,29
E01002646,9. Elementary occupations,188,150,38
E01002647,"1. Managers, directors and senior officials",96,73,23
E01002647,2. Professional occupations,154,160,-6
E01002647,3. Associate professional and technical occupations,106,49,57
E01002647,4. Administrative and secretarial occupations,79,102,-23
E01002647,5. Skilled trades occupations,87,65,22
E01002647,"6. Caring, leisure and other service occupations",78,96,-18
E01002647,7. Sales and customer service occupations,89,124,-35
E01002647,"8. Process, plant and machine operatives",85,85,0
E01002647,9. Elementary occupations,166,148,18
E01002649,"1. Managers, directors and senior officials",95,75,20
E01002649,2. Professional occupations,154,162,-8
E01002649,3. Associate professional and technical occupations,122,45,77
E01002649,4. Administrative and secretarial occupations,71,105,-34
E01002649,5. Skilled trades occupations,127,97,30
E01002649,"6. Caring, leisure and other service occupations",87,81,6
E01002649,7. Sales and customer service occupations,76,130,-54
E01002649,"8. Process, plant and machine operatives",71,64,7
E01002649,9. Elementary occupations,189,183,6
E01002650,"1. Managers, directors and senior officials",122,94,28
E01002650,2. Professional occupations,178,205,-27
E01002650,3. Associate professional and technical occupations,120,54,66
E01002650,4. Administrative and secretarial occupations,121,135,-14
E01002650,5. Skilled trades occupations,104,74,30
E01002650,"6. Caring, leisure and other service occupations",112,86,26
E01002650,7. Sales and customer service occupations,112,107,5
E01002650,"8. Process, plant and machine operatives",109,75,34
E01002650,9. Elementary occupations,154,173,-19
E01002651,"1. Managers, directors and senior officials",99,58,41
E01002651,2. Professional occupations,148,141,7
E01002651,3. Associate professional and technical occupations,73,45,28
E01002651,4. Administrative and secretarial occupations,100,104,-4
E01002651,5. Skilled trades occupations,93,74,19
E01002651,"6. Caring, leisure and other service occupations",54,72,-18
E01002651,7. Sales and customer service occupations,84,117,-33
E01002651,"8. Process, plant and machine operatives",77,68,9
E01002651,9. Elementary occupations,170,165,5
E01002652,"1. Managers, directors and senior officials",86,67,19
E01002652,2. Professional occupations,159,137,22
E01002652,3. Associate professional and technical occupations,107,37,70
E01002652,4. Administrative and secretarial occupations,81,109,-28
E01002652,5. Skilled trades occupations,120,80,40
E01002652,"6. Caring, leisure and other service occupations",63,61,2
E01002652,7. Sales and customer service occupations,101,102,-1
E01002652,"8. Process, plant and machine operatives",88,84,4
E01002652,9. Elementary occupations,134,129,5
E01002653,"1. Managers, directors and senior officials",125,72,53
E01002653,2. Professional occupations,185,159,26
E01002653,3. Associate professional and technical occupations,129,56,73
E01002653,4. Administrative and secretarial occupations,87,117,-30
E01002653,5. Skilled trades occupations,88,77,11
E01002653,"6. Caring, leisure and other service occupations",64,60,4
E01002653,7. Sales and customer service occupations,79,93,-14
E01002653,"8. Process, plant and machine operatives",73,68,5
E01002653,9. Elementary occupations,114,115,-1
E01002654,"1. Managers, directors and senior officials",125,77,48
E01002654,2. Professional occupations,194,166,28
E01002654,3. Associate professional and technical occupations,100,60,40
E01002654,4. Administrative and secretarial occupations,103,134,-31
E01002654,5. Skilled trades occupations,125,97,28
E01002654,"6. Caring, leisure and other service occupations",68,90,-22
E01002654,7. Sales and customer service occupations,69,79,-10
E01002654,"8. Process, plant and machine operatives",66,74,-8
E01002654,9. Elementary occupations,114,113,1
E01002655,"1. Managers, directors and senior officials",106,72,34
E01002655,2. Professional occupations,173,185,-12
E01002655,3. Associate professional and technical occupations,106,49,57
E01002655,4. Administrative and secretarial occupations,95,126,-31
E01002655,5. Skilled trades occupations,96,105,-9
E01002655,"6. Caring, leisure and other service occupations",81,88,-7
E01002655,7. Sales and customer service occupations,76,79,-3
E01002655,"8. Process, plant and machine operatives",65,73,-8
E01002655,9. Elementary occupations,113,128,-15
E01002656,"1. Managers, directors and senior officials",100,57,43
E01002656,2. Professional occupations,172,125,47
E01002656,3. Associate professional and technical occupations,90,47,43
E01002656,4. Administrative and secretarial occupations,62,96,-34
E01002656,5. Skilled trades occupations,93,55,38
E01002656,"6. Caring, leisure and other service occupations",48,65,-17
E01002656,7. Sales and customer service occupations,40,47,-7
E01002656,"8. Process, plant and machine operatives",58,47,11
E01002656,9. Elementary occupations,65,69,-4
E01002657,"1. Managers, directors and senior officials",143,93,50
E01002657,2. Professional occupations,218,216,2
E01002657,3. Associate professional and technical occupations,158,62,96
E01002657,4. Administrative and secretarial occupations,97,122,-25
E01002657,5. Skilled trades occupations,90,82,8
E01002657,"6. Caring, leisure and other service occupations",66,75,-9
E01002657,7. Sales and customer service occupations,60,92,-32
E01002657,"8. Process, plant and machine operatives",63,38,25
E01002657,9. Elementary occupations,102,104,-2
E01002658,"1. Managers, directors and senior officials",118,84,34
E01002658,2. Professional occupations,191,170,21
E01002658,3. Associate professional and technical occupations,107,40,67
E01002658,4. Administrative and secretarial occupations,52,70,-18
E01002658,5. Skilled trades occupations,66,68,-2
E01002658,"6. Caring, leisure and other service occupations",47,65,-18
E01002658,7. Sales and customer service occupations,30,57,-27
E01002658,"8. Process, plant and machine operatives",43,31,12
E01002658,9. Elementary occupations,62,49,13
E01002659,"1. Managers, directors and senior officials",95,77,18
E01002659,2. Professional occupations,196,106,90
E01002659,3. Associate professional and technical occupations,98,37,61
E01002659,4. Administrative and secretarial occupations,53,89,-36
E01002659,5. Skilled trades occupations,74,56,18
E01002659,"6. Caring, leisure and other service occupations",58,70,-12
E01002659,7. Sales and customer service occupations,45,68,-23
E01002659,"8. Process, plant and machine operatives",47,48,-1
E01002659,9. Elementary occupations,89,81,8
E01002660,"1. Managers, directors and senior officials",87,65,22
E01002660,2. Professional occupations,136,121,15
E01002660,3. Associate professional and technical occupations,69,39,30
E01002660,4. Administrative and secretarial occupations,79,100,-21
E01002660,5. Skilled trades occupations,105,71,34
E01002660,"6. Caring, leisure and other service occupations",79,75,4
E01002660,7. Sales and customer service occupations,88,110,-22
E01002660,"8. Process, plant and machine operatives",93,61,32
E01002660,9. Elementary occupations,267,209,58
E01002661,"1. Managers, directors and senior officials",73,89,-16
E01002661,2. Professional occupations,135,114,21
E01002661,3. Associate professional and technical occupations,62,37,25
E01002661,4. Administrative and secretarial occupations,98,82,16
E01002661,5. Skilled trades occupations,107,80,27
E01002661,"6. Caring, leisure and other service occupations",90,69,21
E01002661,7. Sales and customer service occupations,115,111,4
E01002661,"8. Process, plant and machine operatives",108,83,25
E01002661,9. Elementary occupations,350,224,126
E01002662,"1. Managers, directors and senior officials",131,103,28
E01002662,2. Professional occupations,293,201,92
E01002662,3. Associate professional and technical occupations,138,28,110
E01002662,4. Administrative and secretarial occupations,132,126,6
E01002662,5. Skilled trades occupations,118,100,18
E01002662,"6. Caring, leisure and other service occupations",87,88,-1
E01002662,7. Sales and customer service occupations,129,133,-4
E01002662,"8. Process, plant and machine operatives",74,57,17
E01002662,9. Elementary occupations,233,193,40
E01002663,"1. Managers, directors and senior officials",77,102,-25
E01002663,2. Professional occupations,106,129,-23
E01002663,3. Associate professional and technical occupations,81,47,34
E01002663,4. Administrative and secretarial occupations,96,129,-33
E01002663,5. Skilled trades occupations,131,84,47
E01002663,"6. Caring, leisure and other service occupations",88,125,-37
E01002663,7. Sales and customer service occupations,112,141,-29
E01002663,"8. Process, plant and machine operatives",71,98,-27
E01002663,9. Elementary occupations,199,235,-36
E01002665,"1. Managers, directors and senior officials",46,54,-8
E01002665,2. Professional occupations,109,82,27
E01002665,3. Associate professional and technical occupations,76,28,48
E01002665,4. Administrative and secretarial occupations,75,78,-3
E01002665,5. Skilled trades occupations,60,61,-1
E01002665,"6. Caring, leisure and other service occupations",73,53,20
E01002665,7. Sales and customer service occupations,103,104,-1
E01002665,"8. Process, plant and machine operatives",72,77,-5
E01002665,9. Elementary occupations,161,170,-9
E01002666,"1. Managers, directors and senior officials",79,50,29
E01002666,2. Professional occupations,111,75,36
E01002666,3. Associate professional and technical occupations,160,194,-34
E01002666,4. Administrative and secretarial occupations,78,83,-5
E01002666,5. Skilled trades occupations,90,55,35
E01002666,"6. Caring, leisure and other service occupations",68,45,23
E01002666,7. Sales and customer service occupations,71,78,-7
E01002666,"8. Process, plant and machine operatives",81,57,24
E01002666,9. Elementary occupations,178,132,46
E01002667,"1. Managers, directors and senior officials",211,108,103
E01002667,2. Professional occupations,280,187,93
E01002667,3. Associate professional and technical occupations,174,51,123
E01002667,4. Administrative and secretarial occupations,87,77,10
E01002667,5. Skilled trades occupations,74,48,26
E01002667,"6. Caring, leisure and other service occupations",90,58,32
E01002667,7. Sales and customer service occupations,57,69,-12
E01002667,"8. Process, plant and machine operatives",53,37,16
E01002667,9. Elementary occupations,67,69,-2
E01002668,"1. Managers, directors and senior officials",185,126,59
E01002668,2. Professional occupations,319,277,42
E01002668,3. Associate professional and technical occupations,171,80,91
E01002668,4. Administrative and secretarial occupations,102,147,-45
E01002668,5. Skilled trades occupations,80,71,9
E01002668,"6. Caring, leisure and other service occupations",90,107,-17
E01002668,7. Sales and customer service occupations,60,53,7
E01002668,"8. Process, plant and machine operatives",65,48,17
E01002668,9. Elementary occupations,79,65,14
E01002669,"1. Managers, directors and senior officials",99,67,32
E01002669,2. Professional occupations,155,139,16
E01002669,3. Associate professional and technical occupations,122,61,61
E01002669,4. Administrative and secretarial occupations,80,104,-24
E01002669,5. Skilled trades occupations,94,86,8
E01002669,"6. Caring, leisure and other service occupations",119,83,36
E01002669,7. Sales and customer service occupations,60,80,-20
E01002669,"8. Process, plant and machine operatives",96,57,39
E01002669,9. Elementary occupations,107,106,1
E01002670,"1. Managers, directors and senior officials",170,105,65
E01002670,2. Professional occupations,245,172,73
E01002670,3. Associate professional and technical occupations,157,60,97
E01002670,4. Administrative and secretarial occupations,76,103,-27
E01002670,5. Skilled trades occupations,74,85,-11
E01002670,"6. Caring, leisure and other service occupations",82,82,0
E01002670,7. Sales and customer service occupations,52,83,-31
E01002670,"8. Process, plant and machine operatives",60,58,2
E01002670,9. Elementary occupations,78,83,-5
E01002671,"1. Managers, directors and senior officials",167,95,72
E01002671,2. Professional occupations,210,189,21
E01002671,3. Associate professional and technical occupations,153,56,97
E01002671,4. Administrative and secretarial occupations,61,97,-36
E01002671,5. Skilled trades occupations,67,65,2
E01002671,"6. Caring, leisure and other service occupations",62,59,3
E01002671,7. Sales and customer service occupations,49,52,-3
E01002671,"8. Process, plant and machine operatives",35,33,2
E01002671,9. Elementary occupations,58,75,-17
E01002672,"1. Managers, directors and senior officials",88,72,16
E01002672,2. Professional occupations,164,156,8
E01002672,3. Associate professional and technical occupations,106,45,61
E01002672,4. Administrative and secretarial occupations,47,75,-28
E01002672,5. Skilled trades occupations,62,59,3
E01002672,"6. Caring, leisure and other service occupations",96,77,19
E01002672,7. Sales and customer service occupations,73,78,-5
E01002672,"8. Process, plant and machine operatives",75,50,25
E01002672,9. Elementary occupations,100,109,-9
E01002673,"1. Managers, directors and senior officials",15,36,-21
E01002673,2. Professional occupations,69,55,14
E01002673,3. Associate professional and technical occupations,57,22,35
E01002673,4. Administrative and secretarial occupations,42,54,-12
E01002673,5. Skilled trades occupations,45,39,6
E01002673,"6. Caring, leisure and other service occupations",108,88,20
E01002673,7. Sales and customer service occupations,55,93,-38
E01002673,"8. Process, plant and machine operatives",62,70,-8
E01002673,9. Elementary occupations,75,100,-25
E01002674,"1. Managers, directors and senior officials",166,108,58
E01002674,2. Professional occupations,313,258,55
E01002674,3. Associate professional and technical occupations,145,41,104
E01002674,4. Administrative and secretarial occupations,109,103,6
E01002674,5. Skilled trades occupations,87,64,23
E01002674,"6. Caring, leisure and other service occupations",57,55,2
E01002674,7. Sales and customer service occupations,67,56,11
E01002674,"8. Process, plant and machine operatives",46,54,-8
E01002674,9. Elementary occupations,83,84,-1
E01002675,"1. Managers, directors and senior officials",211,181,30
E01002675,2. Professional occupations,415,365,50
E01002675,3. Associate professional and technical occupations,215,116,99
E01002675,4. Administrative and secretarial occupations,121,165,-44
E01002675,5. Skilled trades occupations,75,103,-28
E01002675,"6. Caring, leisure and other service occupations",78,114,-36
E01002675,7. Sales and customer service occupations,65,85,-20
E01002675,"8. Process, plant and machine operatives",59,62,-3
E01002675,9. Elementary occupations,95,116,-21
E01002676,"1. Managers, directors and senior officials",149,125,24
E01002676,2. Professional occupations,220,230,-10
E01002676,3. Associate professional and technical occupations,107,47,60
E01002676,4. Administrative and secretarial occupations,92,101,-9
E01002676,5. Skilled trades occupations,73,37,36
E01002676,"6. Caring, leisure and other service occupations",57,70,-13
E01002676,7. Sales and customer service occupations,45,61,-16
E01002676,"8. Process, plant and machine operatives",39,37,2
E01002676,9. Elementary occupations,85,55,30
E01002677,"1. Managers, directors and senior officials",182,87,95
E01002677,2. Professional occupations,300,147,153
E01002677,3. Associate professional and technical occupations,165,31,134
E01002677,4. Administrative and secretarial occupations,96,73,23
E01002677,5. Skilled trades occupations,101,53,48
E01002677,"6. Caring, leisure and other service occupations",87,63,24
E01002677,7. Sales and customer service occupations,67,57,10
E01002677,"8. Process, plant and machine operatives",58,35,23
E01002677,9. Elementary occupations,107,62,45
E01002678,"1. Managers, directors and senior officials",185,146,39
E01002678,2. Professional occupations,264,247,17
E01002678,3. Associate professional and technical occupations,160,50,110
E01002678,4. Administrative and secretarial occupations,95,137,-42
E01002678,5. Skilled trades occupations,90,66,24
E01002678,"6. Caring, leisure and other service occupations",57,66,-9
E01002678,7. Sales and customer service occupations,61,78,-17
E01002678,"8. Process, plant and machine operatives",52,63,-11
E01002678,9. Elementary occupations,86,79,7
E01002679,"1. Managers, directors and senior officials",145,110,35
E01002679,2. Professional occupations,245,244,1
E01002679,3. Associate professional and technical occupations,110,55,55
E01002679,4. Administrative and secretarial occupations,64,100,-36
E01002679,5. Skilled trades occupations,98,99,-1
E01002679,"6. Caring, leisure and other service occupations",64,86,-22
E01002679,7. Sales and customer service occupations,56,69,-13
E01002679,"8. Process, plant and machine operatives",64,54,10
E01002679,9. Elementary occupations,110,83,27
E01002680,"1. Managers, directors and senior officials",158,129,29
E01002680,2. Professional occupations,279,252,27
E01002680,3. Associate professional and technical occupations,136,61,75
E01002680,4. Administrative and secretarial occupations,115,134,-19
E01002680,5. Skilled trades occupations,110,84,26
E01002680,"6. Caring, leisure and other service occupations",76,78,-2
E01002680,7. Sales and customer service occupations,71,54,17
E01002680,"8. Process, plant and machine operatives",55,57,-2
E01002680,9. Elementary occupations,84,97,-13
E01002681,"1. Managers, directors and senior officials",158,107,51
E01002681,2. Professional occupations,325,221,104
E01002681,3. Associate professional and technical occupations,152,62,90
E01002681,4. Administrative and secretarial occupations,114,117,-3
E01002681,5. Skilled trades occupations,124,96,28
E01002681,"6. Caring, leisure and other service occupations",95,101,-6
E01002681,7. Sales and customer service occupations,87,74,13
E01002681,"8. Process, plant and machine operatives",77,65,12
E01002681,9. Elementary occupations,98,110,-12
E01002682,"1. Managers, directors and senior officials",164,113,51
E01002682,2. Professional occupations,342,298,44
E01002682,3. Associate professional and technical occupations,185,81,104
E01002682,4. Administrative and secretarial occupations,75,127,-52
E01002682,5. Skilled trades occupations,89,109,-20
E01002682,"6. Caring, leisure and other service occupations",101,119,-18
E01002682,7. Sales and customer service occupations,69,70,-1
E01002682,"8. Process, plant and machine operatives",77,67,10
E01002682,9. Elementary occupations,102,109,-7
E01002686,"1. Managers, directors and senior officials",84,71,13
E01002686,2. Professional occupations,127,79,48
E01002686,3. Associate professional and technical occupations,87,28,59
E01002686,4. Administrative and secretarial occupations,65,111,-46
E01002686,5. Skilled trades occupations,91,102,-11
E01002686,"6. Caring, leisure and other service occupations",86,91,-5
E01002686,7. Sales and customer service occupations,61,67,-6
E01002686,"8. Process, plant and machine operatives",64,58,6
E01002686,9. Elementary occupations,105,135,-30
E01002687,"1. Managers, directors and senior officials",186,157,29
E01002687,2. Professional occupations,310,256,54
E01002687,3. Associate professional and technical occupations,170,60,110
E01002687,4. Administrative and secretarial occupations,55,88,-33
E01002687,5. Skilled trades occupations,34,31,3
E01002687,"6. Caring, leisure and other service occupations",54,41,13
E01002687,7. Sales and customer service occupations,44,38,6
E01002687,"8. Process, plant and machine operatives",25,24,1
E01002687,9. Elementary occupations,52,41,11
E01002689,"1. Managers, directors and senior officials",184,158,26
E01002689,2. Professional occupations,210,217,-7
E01002689,3. Associate professional and technical occupations,146,43,103
E01002689,4. Administrative and secretarial occupations,61,75,-14
E01002689,5. Skilled trades occupations,14,39,-25
E01002689,"6. Caring, leisure and other service occupations",49,42,7
E01002689,7. Sales and customer service occupations,22,30,-8
E01002689,"8. Process, plant and machine operatives",19,29,-10
E01002689,9. Elementary occupations,38,28,10
E01002690,"1. Managers, directors and senior officials",196,167,29
E01002690,2. Professional occupations,193,225,-32
E01002690,3. Associate professional and technical occupations,123,44,79
E01002690,4. Administrative and secretarial occupations,53,59,-6
E01002690,5. Skilled trades occupations,35,33,2
E01002690,"6. Caring, leisure and other service occupations",40,35,5
E01002690,7. Sales and customer service occupations,16,29,-13
E01002690,"8. Process, plant and machine operatives",15,10,5
E01002690,9. Elementary occupations,32,26,6
E01002691,"1. Managers, directors and senior officials",151,119,32
E01002691,2. Professional occupations,233,212,21
E01002691,3. Associate professional and technical occupations,144,41,103
E01002691,4. Administrative and secretarial occupations,75,122,-47
E01002691,5. Skilled trades occupations,63,86,-23
E01002691,"6. Caring, leisure and other service occupations",43,61,-18
E01002691,7. Sales and customer service occupations,43,51,-8
E01002691,"8. Process, plant and machine operatives",34,22,12
E01002691,9. Elementary occupations,83,76,7
E01002692,"1. Managers, directors and senior officials",242,162,80
E01002692,2. Professional occupations,385,291,94
E01002692,3. Associate professional and technical occupations,224,74,150
E01002692,4. Administrative and secretarial occupations,72,96,-24
E01002692,5. Skilled trades occupations,49,49,0
E01002692,"6. Caring, leisure and other service occupations",51,44,7
E01002692,7. Sales and customer service occupations,72,64,8
E01002692,"8. Process, plant and machine operatives",34,34,0
E01002692,9. Elementary occupations,51,41,10
E01002693,"1. Managers, directors and senior officials",222,177,45
E01002693,2. Professional occupations,261,241,20
E01002693,3. Associate professional and technical occupations,194,53,141
E01002693,4. Administrative and secretarial occupations,62,79,-17
E01002693,5. Skilled trades occupations,28,46,-18
E01002693,"6. Caring, leisure and other service occupations",36,56,-20
E01002693,7. Sales and customer service occupations,21,38,-17
E01002693,"8. Process, plant and machine operatives",8,17,-9
E01002693,9. Elementary occupations,41,43,-2
E01002694,"1. Managers, directors and senior officials",59,61,-2
E01002694,2. Professional occupations,175,126,49
E01002694,3. Associate professional and technical occupations,98,26,72
E01002694,4. Administrative and secretarial occupations,38,53,-15
E01002694,5. Skilled trades occupations,49,36,13
E01002694,"6. Caring, leisure and other service occupations",93,59,34
E01002694,7. Sales and customer service occupations,93,60,33
E01002694,"8. Process, plant and machine operatives",32,23,9
E01002694,9. Elementary occupations,94,74,20
E01002695,"1. Managers, directors and senior officials",133,108,25
E01002695,2. Professional occupations,352,304,48
E01002695,3. Associate professional and technical occupations,173,72,101
E01002695,4. Administrative and secretarial occupations,69,100,-31
E01002695,5. Skilled trades occupations,40,31,9
E01002695,"6. Caring, leisure and other service occupations",32,49,-17
E01002695,7. Sales and customer service occupations,30,57,-27
E01002695,"8. Process, plant and machine operatives",31,29,2
E01002695,9. Elementary occupations,50,54,-4
E01002696,"1. Managers, directors and senior officials",189,181,8
E01002696,2. Professional occupations,454,415,39
E01002696,3. Associate professional and technical occupations,230,63,167
E01002696,4. Administrative and secretarial occupations,69,87,-18
E01002696,5. Skilled trades occupations,23,37,-14
E01002696,"6. Caring, leisure and other service occupations",34,33,1
E01002696,7. Sales and customer service occupations,40,41,-1
E01002696,"8. Process, plant and machine operatives",11,21,-10
E01002696,9. Elementary occupations,31,39,-8
E01002697,"1. Managers, directors and senior officials",96,57,39
E01002697,2. Professional occupations,211,146,65
E01002697,3. Associate professional and technical occupations,142,47,95
E01002697,4. Administrative and secretarial occupations,60,74,-14
E01002697,5. Skilled trades occupations,71,35,36
E01002697,"6. Caring, leisure and other service occupations",90,39,51
E01002697,7. Sales and customer service occupations,83,61,22
E01002697,"8. Process, plant and machine operatives",70,44,26
E01002697,9. Elementary occupations,86,81,5
E01002698,"1. Managers, directors and senior officials",276,189,87
E01002698,2. Professional occupations,519,480,39
E01002698,3. Associate professional and technical occupations,239,73,166
E01002698,4. Administrative and secretarial occupations,65,100,-35
E01002698,5. Skilled trades occupations,34,52,-18
E01002698,"6. Caring, leisure and other service occupations",36,48,-12
E01002698,7. Sales and customer service occupations,36,51,-15
E01002698,"8. Process, plant and machine operatives",23,14,9
E01002698,9. Elementary occupations,31,39,-8
E01002699,"1. Managers, directors and senior officials",128,97,31
E01002699,2. Professional occupations,347,274,73
E01002699,3. Associate professional and technical occupations,146,38,108
E01002699,4. Administrative and secretarial occupations,63,59,4
E01002699,5. Skilled trades occupations,22,21,1
E01002699,"6. Caring, leisure and other service occupations",45,26,19
E01002699,7. Sales and customer service occupations,42,34,8
E01002699,"8. Process, plant and machine operatives",32,23,9
E01002699,9. Elementary occupations,40,34,6
E01002700,"1. Managers, directors and senior officials",178,167,11
E01002700,2. Professional occupations,299,402,-103
E01002700,3. Associate professional and technical occupations,155,54,101
E01002700,4. Administrative and secretarial occupations,36,57,-21
E01002700,5. Skilled trades occupations,10,33,-23
E01002700,"6. Caring, leisure and other service occupations",18,29,-11
E01002700,7. Sales and customer service occupations,9,26,-17
E01002700,"8. Process, plant and machine operatives",11,11,0
E01002700,9. Elementary occupations,15,22,-7
E01002701,"1. Managers, directors and senior officials",94,84,10
E01002701,2. Professional occupations,195,152,43
E01002701,3. Associate professional and technical occupations,137,45,92
E01002701,4. Administrative and secretarial occupations,57,70,-13
E01002701,5. Skilled trades occupations,33,33,0
E01002701,"6. Caring, leisure and other service occupations",43,37,6
E01002701,7. Sales and customer service occupations,41,54,-13
E01002701,"8. Process, plant and machine operatives",36,33,3
E01002701,9. Elementary occupations,47,68,-21
E01002702,"1. Managers, directors and senior officials",152,98,54
E01002702,2. Professional occupations,363,198,165
E01002702,3. Associate professional and technical occupations,178,36,142
E01002702,4. Administrative and secretarial occupations,70,89,-19
E01002702,5. Skilled trades occupations,46,36,10
E01002702,"6. Caring, leisure and other service occupations",88,61,27
E01002702,7. Sales and customer service occupations,62,55,7
E01002702,"8. Process, plant and machine operatives",55,33,22
E01002702,9. Elementary occupations,94,73,21
E01002703,"1. Managers, directors and senior officials",180,76,104
E01002703,2. Professional occupations,431,174,257
E01002703,3. Associate professional and technical occupations,200,40,160
E01002703,4. Administrative and secretarial occupations,89,76,13
E01002703,5. Skilled trades occupations,41,39,2
E01002703,"6. Caring, leisure and other service occupations",69,47,22
E01002703,7. Sales and customer service occupations,69,58,11
E01002703,"8. Process, plant and machine operatives",49,26,23
E01002703,9. Elementary occupations,86,75,11
E01002704,"1. Managers, directors and senior officials",193,159,34
E01002704,2. Professional occupations,452,261,191
E01002704,3. Associate professional and technical occupations,207,57,150
E01002704,4. Administrative and secretarial occupations,72,88,-16
E01002704,5. Skilled trades occupations,46,42,4
E01002704,"6. Caring, leisure and other service occupations",79,56,23
E01002704,7. Sales and customer service occupations,47,56,-9
E01002704,"8. Process, plant and machine operatives",31,35,-4
E01002704,9. Elementary occupations,92,106,-14
E01002706,"1. Managers, directors and senior officials",127,100,27
E01002706,2. Professional occupations,305,264,41
E01002706,3. Associate professional and technical occupations,206,52,154
E01002706,4. Administrative and secretarial occupations,79,102,-23
E01002706,5. Skilled trades occupations,59,49,10
E01002706,"6. Caring, leisure and other service occupations",71,72,-1
E01002706,7. Sales and customer service occupations,40,52,-12
E01002706,"8. Process, plant and machine operatives",33,45,-12
E01002706,9. Elementary occupations,65,86,-21
E01002707,"1. Managers, directors and senior officials",166,134,32
E01002707,2. Professional occupations,368,298,70
E01002707,3. Associate professional and technical occupations,171,60,111
E01002707,4. Administrative and secretarial occupations,76,87,-11
E01002707,5. Skilled trades occupations,32,52,-20
E01002707,"6. Caring, leisure and other service occupations",45,28,17
E01002707,7. Sales and customer service occupations,43,40,3
E01002707,"8. Process, plant and machine operatives",45,28,17
E01002707,9. Elementary occupations,56,47,9
E01002708,"1. Managers, directors and senior officials",149,94,55
E01002708,2. Professional occupations,372,228,144
E01002708,3. Associate professional and technical occupations,201,57,144
E01002708,4. Administrative and secretarial occupations,73,112,-39
E01002708,5. Skilled trades occupations,40,56,-16
E01002708,"6. Caring, leisure and other service occupations",71,65,6
E01002708,7. Sales and customer service occupations,65,62,3
E01002708,"8. Process, plant and machine operatives",35,26,9
E01002708,9. Elementary occupations,79,80,-1
E01002709,"1. Managers, directors and senior officials",79,48,31
E01002709,2. Professional occupations,259,194,65
E01002709,3. Associate professional and technical occupations,146,51,95
E01002709,4. Administrative and secretarial occupations,75,87,-12
E01002709,5. Skilled trades occupations,51,55,-4
E01002709,"6. Caring, leisure and other service occupations",61,56,5
E01002709,7. Sales and customer service occupations,52,71,-19
E01002709,"8. Process, plant and machine operatives",37,34,3
E01002709,9. Elementary occupations,57,74,-17
E01002710,"1. Managers, directors and senior officials",89,66,23
E01002710,2. Professional occupations,221,163,58
E01002710,3. Associate professional and technical occupations,123,49,74
E01002710,4. Administrative and secretarial occupations,68,93,-25
E01002710,5. Skilled trades occupations,43,50,-7
E01002710,"6. Caring, leisure and other service occupations",53,51,2
E01002710,7. Sales and customer service occupations,36,51,-15
E01002710,"8. Process, plant and machine operatives",41,44,-3
E01002710,9. Elementary occupations,65,56,9
E01002711,"1. Managers, directors and senior officials",161,152,9
E01002711,2. Professional occupations,392,367,25
E01002711,3. Associate professional and technical occupations,184,81,103
E01002711,4. Administrative and secretarial occupations,64,117,-53
E01002711,5. Skilled trades occupations,26,43,-17
E01002711,"6. Caring, leisure and other service occupations",46,60,-14
E01002711,7. Sales and customer service occupations,50,66,-16
E01002711,"8. Process, plant and machine operatives",30,29,1
E01002711,9. Elementary occupations,47,66,-19
E01002712,"1. Managers, directors and senior officials",111,69,42
E01002712,2. Professional occupations,286,190,96
E01002712,3. Associate professional and technical occupations,152,43,109
E01002712,4. Administrative and secretarial occupations,38,58,-20
E01002712,5. Skilled trades occupations,42,58,-16
E01002712,"6. Caring, leisure and other service occupations",41,34,7
E01002712,7. Sales and customer service occupations,34,52,-18
E01002712,"8. Process, plant and machine operatives",22,20,2
E01002712,9. Elementary occupations,44,94,-50
E01002713,"1. Managers, directors and senior officials",107,48,59
E01002713,2. Professional occupations,267,119,148
E01002713,3. Associate professional and technical occupations,223,48,175
E01002713,4. Administrative and secretarial occupations,67,87,-20
E01002713,5. Skilled trades occupations,83,37,46
E01002713,"6. Caring, leisure and other service occupations",72,65,7
E01002713,7. Sales and customer service occupations,73,42,31
E01002713,"8. Process, plant and machine operatives",85,27,58
E01002713,9. Elementary occupations,113,86,27
E01002714,"1. Managers, directors and senior officials",187,136,51
E01002714,2. Professional occupations,369,388,-19
E01002714,3. Associate professional and technical occupations,204,70,134
E01002714,4. Administrative and secretarial occupations,51,80,-29
E01002714,5. Skilled trades occupations,22,39,-17
E01002714,"6. Caring, leisure and other service occupations",35,53,-18
E01002714,7. Sales and customer service occupations,33,39,-6
E01002714,"8. Process, plant and machine operatives",15,10,5
E01002714,9. Elementary occupations,32,49,-17
E01002715,"1. Managers, directors and senior officials",70,36,34
E01002715,2. Professional occupations,160,109,51
E01002715,3. Associate professional and technical occupations,123,34,89
E01002715,4. Administrative and secretarial occupations,62,65,-3
E01002715,5. Skilled trades occupations,38,46,-8
E01002715,"6. Caring, leisure and other service occupations",96,49,47
E01002715,7. Sales and customer service occupations,48,53,-5
E01002715,"8. Process, plant and machine operatives",29,27,2
E01002715,9. Elementary occupations,60,91,-31
E01002716,"1. Managers, directors and senior officials",149,111,38
E01002716,2. Professional occupations,318,284,34
E01002716,3. Associate professional and technical occupations,196,83,113
E01002716,4. Administrative and secretarial occupations,81,117,-36
E01002716,5. Skilled trades occupations,61,39,22
E01002716,"6. Caring, leisure and other service occupations",92,86,6
E01002716,7. Sales and customer service occupations,75,69,6
E01002716,"8. Process, plant and machine operatives",37,29,8
E01002716,9. Elementary occupations,71,80,-9
E01002717,"1. Managers, directors and senior officials",108,85,23
E01002717,2. Professional occupations,250,250,0
E01002717,3. Associate professional and technical occupations,116,60,56
E01002717,4. Administrative and secretarial occupations,35,54,-19
E01002717,5. Skilled trades occupations,28,27,1
E01002717,"6. Caring, leisure and other service occupations",19,34,-15
E01002717,7. Sales and customer service occupations,25,34,-9
E01002717,"8. Process, plant and machine operatives",13,19,-6
E01002717,9. Elementary occupations,27,32,-5
E01002718,"1. Managers, directors and senior officials",191,156,35
E01002718,2. Professional occupations,388,409,-21
E01002718,3. Associate professional and technical occupations,241,92,149
E01002718,4. Administrative and secretarial occupations,53,82,-29
E01002718,5. Skilled trades occupations,31,41,-10
E01002718,"6. Caring, leisure and other service occupations",28,37,-9
E01002718,7. Sales and customer service occupations,35,41,-6
E01002718,"8. Process, plant and machine operatives",7,13,-6
E01002718,9. Elementary occupations,14,45,-31
E01002719,"1. Managers, directors and senior officials",167,149,18
E01002719,2. Professional occupations,333,280,53
E01002719,3. Associate professional and technical occupations,153,62,91
E01002719,4. Administrative and secretarial occupations,41,69,-28
E01002719,5. Skilled trades occupations,28,21,7
E01002719,"6. Caring, leisure and other service occupations",33,42,-9
E01002719,7. Sales and customer service occupations,31,33,-2
E01002719,"8. Process, plant and machine operatives",15,17,-2
E01002719,9. Elementary occupations,25,38,-13
E01002720,"1. Managers, directors and senior officials",107,77,30
E01002720,2. Professional occupations,248,184,64
E01002720,3. Associate professional and technical occupations,163,63,100
E01002720,4. Administrative and secretarial occupations,76,115,-39
E01002720,5. Skilled trades occupations,69,52,17
E01002720,"6. Caring, leisure and other service occupations",77,98,-21
E01002720,7. Sales and customer service occupations,55,68,-13
E01002720,"8. Process, plant and machine operatives",45,41,4
E01002720,9. Elementary occupations,93,103,-10
E01002721,"1. Managers, directors and senior officials",179,127,52
E01002721,2. Professional occupations,338,277,61
E01002721,3. Associate professional and technical occupations,211,55,156
E01002721,4. Administrative and secretarial occupations,50,73,-23
E01002721,5. Skilled trades occupations,39,34,5
E01002721,"6. Caring, leisure and other service occupations",53,61,-8
E01002721,7. Sales and customer service occupations,34,54,-20
E01002721,"8. Process, plant and machine operatives",24,27,-3
E01002721,9. Elementary occupations,34,54,-20
E01002722,"1. Managers, directors and senior officials",133,65,68
E01002722,2. Professional occupations,264,165,99
E01002722,3. Associate professional and technical occupations,128,37,91
E01002722,4. Administrative and secretarial occupations,34,63,-29
E01002722,5. Skilled trades occupations,31,29,2
E01002722,"6. Caring, leisure and other service occupations",55,49,6
E01002722,7. Sales and customer service occupations,34,32,2
E01002722,"8. Process, plant and machine operatives",19,19,0
E01002722,9. Elementary occupations,53,47,6
E01002723,"1. Managers, directors and senior officials",94,75,19
E01002723,2. Professional occupations,249,170,79
E01002723,3. Associate professional and technical occupations,125,57,68
E01002723,4. Administrative and secretarial occupations,62,65,-3
E01002723,5. Skilled trades occupations,43,39,4
E01002723,"6. Caring, leisure and other service occupations",48,46,2
E01002723,7. Sales and customer service occupations,48,54,-6
E01002723,"8. Process, plant and machine operatives",15,29,-14
E01002723,9. Elementary occupations,45,65,-20
E01002724,"1. Managers, directors and senior officials",220,240,-20
E01002724,2. Professional occupations,481,433,48
E01002724,3. Associate professional and technical occupations,190,61,129
E01002724,4. Administrative and secretarial occupations,63,59,4
E01002724,5. Skilled trades occupations,29,39,-10
E01002724,"6. Caring, leisure and other service occupations",25,37,-12
E01002724,7. Sales and customer service occupations,42,38,4
E01002724,"8. Process, plant and machine operatives",19,17,2
E01002724,9. Elementary occupations,34,38,-4
E01002725,"1. Managers, directors and senior officials",80,63,17
E01002725,2. Professional occupations,143,160,-17
E01002725,3. Associate professional and technical occupations,99,39,60
E01002725,4. Administrative and secretarial occupations,42,73,-31
E01002725,5. Skilled trades occupations,28,32,-4
E01002725,"6. Caring, leisure and other service occupations",46,48,-2
E01002725,7. Sales and customer service occupations,32,38,-6
E01002725,"8. Process, plant and machine operatives",41,29,12
E01002725,9. Elementary occupations,74,77,-3
E01002726,"1. Managers, directors and senior officials",131,99,32
E01002726,2. Professional occupations,289,293,-4
E01002726,3. Associate professional and technical occupations,171,72,99
E01002726,4. Administrative and secretarial occupations,51,61,-10
E01002726,5. Skilled trades occupations,34,39,-5
E01002726,"6. Caring, leisure and other service occupations",41,50,-9
E01002726,7. Sales and customer service occupations,37,47,-10
E01002726,"8. Process, plant and machine operatives",31,21,10
E01002726,9. Elementary occupations,49,45,4
E01002727,"1. Managers, directors and senior officials",178,132,46
E01002727,2. Professional occupations,331,306,25
E01002727,3. Associate professional and technical occupations,212,67,145
E01002727,4. Administrative and secretarial occupations,52,80,-28
E01002727,5. Skilled trades occupations,28,29,-1
E01002727,"6. Caring, leisure and other service occupations",44,36,8
E01002727,7. Sales and customer service occupations,36,35,1
E01002727,"8. Process, plant and machine operatives",25,25,0
E01002727,9. Elementary occupations,25,44,-19
E01002728,"1. Managers, directors and senior officials",62,58,4
E01002728,2. Professional occupations,167,184,-17
E01002728,3. Associate professional and technical occupations,78,26,52
E01002728,4. Administrative and secretarial occupations,29,34,-5
E01002728,5. Skilled trades occupations,15,26,-11
E01002728,"6. Caring, leisure and other service occupations",31,33,-2
E01002728,7. Sales and customer service occupations,38,42,-4
E01002728,"8. Process, plant and machine operatives",23,15,8
E01002728,9. Elementary occupations,28,53,-25
E01002729,"1. Managers, directors and senior officials",146,123,23
E01002729,2. Professional occupations,242,272,-30
E01002729,3. Associate professional and technical occupations,137,44,93
E01002729,4. Administrative and secretarial occupations,69,78,-9
E01002729,5. Skilled trades occupations,49,43,6
E01002729,"6. Caring, leisure and other service occupations",30,39,-9
E01002729,7. Sales and customer service occupations,32,34,-2
E01002729,"8. Process, plant and machine operatives",29,22,7
E01002729,9. Elementary occupations,33,40,-7
E01002730,"1. Managers, directors and senior officials",119,81,38
E01002730,2. Professional occupations,326,238,88
E01002730,3. Associate professional and technical occupations,229,89,140
E01002730,4. Administrative and secretarial occupations,69,116,-47
E01002730,5. Skilled trades occupations,50,56,-6
E01002730,"6. Caring, leisure and other service occupations",61,57,4
E01002730,7. Sales and customer service occupations,52,65,-13
E01002730,"8. Process, plant and machine operatives",26,24,2
E01002730,9. Elementary occupations,93,81,12
E01002732,"1. Managers, directors and senior officials",76,56,20
E01002732,2. Professional occupations,205,181,24
E01002732,3. Associate professional and technical occupations,143,54,89
E01002732,4. Administrative and secretarial occupations,64,89,-25
E01002732,5. Skilled trades occupations,54,64,-10
E01002732,"6. Caring, leisure and other service occupations",63,74,-11
E01002732,7. Sales and customer service occupations,57,66,-9
E01002732,"8. Process, plant and machine operatives",45,32,13
E01002732,9. Elementary occupations,84,74,10
E01002733,"1. Managers, directors and senior officials",133,126,7
E01002733,2. Professional occupations,332,392,-60
E01002733,3. Associate professional and technical occupations,188,102,86
E01002733,4. Administrative and secretarial occupations,53,95,-42
E01002733,5. Skilled trades occupations,45,46,-1
E01002733,"6. Caring, leisure and other service occupations",39,45,-6
E01002733,7. Sales and customer service occupations,21,63,-42
E01002733,"8. Process, plant and machine operatives",10,15,-5
E01002733,9. Elementary occupations,49,52,-3
E01002734,"1. Managers, directors and senior officials",99,45,54
E01002734,2. Professional occupations,275,100,175
E01002734,3. Associate professional and technical occupations,175,43,132
E01002734,4. Administrative and secretarial occupations,60,68,-8
E01002734,5. Skilled trades occupations,68,62,6
E01002734,"6. Caring, leisure and other service occupations",120,64,56
E01002734,7. Sales and customer service occupations,79,73,6
E01002734,"8. Process, plant and machine operatives",49,25,24
E01002734,9. Elementary occupations,143,105,38
E01002735,"1. Managers, directors and senior officials",221,74,147
E01002735,2. Professional occupations,570,246,324
E01002735,3. Associate professional and technical occupations,357,79,278
E01002735,4. Administrative and secretarial occupations,97,108,-11
E01002735,5. Skilled trades occupations,62,66,-4
E01002735,"6. Caring, leisure and other service occupations",111,59,52
E01002735,7. Sales and customer service occupations,79,73,6
E01002735,"8. Process, plant and machine operatives",55,25,30
E01002735,9. Elementary occupations,101,74,27
E01002736,"1. Managers, directors and senior officials",50,36,14
E01002736,2. Professional occupations,117,76,41
E01002736,3. Associate professional and technical occupations,78,30,48
E01002736,4. Administrative and secretarial occupations,34,56,-22
E01002736,5. Skilled trades occupations,42,48,-6
E01002736,"6. Caring, leisure and other service occupations",61,48,13
E01002736,7. Sales and customer service occupations,42,53,-11
E01002736,"8. Process, plant and machine operatives",44,35,9
E01002736,9. Elementary occupations,55,69,-14
E01002737,"1. Managers, directors and senior officials",76,66,10
E01002737,2. Professional occupations,233,159,74
E01002737,3. Associate professional and technical occupations,147,52,95
E01002737,4. Administrative and secretarial occupations,53,72,-19
E01002737,5. Skilled trades occupations,45,54,-9
E01002737,"6. Caring, leisure and other service occupations",89,63,26
E01002737,7. Sales and customer service occupations,60,60,0
E01002737,"8. Process, plant and machine operatives",38,33,5
E01002737,9. Elementary occupations,94,83,11
E01002738,"1. Managers, directors and senior officials",181,123,58
E01002738,2. Professional occupations,386,297,89
E01002738,3. Associate professional and technical occupations,219,61,158
E01002738,4. Administrative and secretarial occupations,52,74,-22
E01002738,5. Skilled trades occupations,22,27,-5
E01002738,"6. Caring, leisure and other service occupations",45,42,3
E01002738,7. Sales and customer service occupations,43,41,2
E01002738,"8. Process, plant and machine operatives",26,13,13
E01002738,9. Elementary occupations,44,63,-19
E01002739,"1. Managers, directors and senior officials",180,146,34
E01002739,2. Professional occupations,455,389,66
E01002739,3. Associate professional and technical occupations,240,75,165
E01002739,4. Administrative and secretarial occupations,56,93,-37
E01002739,5. Skilled trades occupations,19,32,-13
E01002739,"6. Caring, leisure and other service occupations",29,39,-10
E01002739,7. Sales and customer service occupations,27,37,-10
E01002739,"8. Process, plant and machine operatives",12,9,3
E01002739,9. Elementary occupations,30,30,0
E01002740,"1. Managers, directors and senior officials",314,219,95
E01002740,2. Professional occupations,573,418,155
E01002740,3. Associate professional and technical occupations,262,70,192
E01002740,4. Administrative and secretarial occupations,75,84,-9
E01002740,5. Skilled trades occupations,31,27,4
E01002740,"6. Caring, leisure and other service occupations",39,30,9
E01002740,7. Sales and customer service occupations,44,33,11
E01002740,"8. Process, plant and machine operatives",14,9,5
E01002740,9. Elementary occupations,41,37,4
E01002741,"1. Managers, directors and senior officials",64,58,6
E01002741,2. Professional occupations,170,144,26
E01002741,3. Associate professional and technical occupations,145,48,97
E01002741,4. Administrative and secretarial occupations,59,70,-11
E01002741,5. Skilled trades occupations,49,35,14
E01002741,"6. Caring, leisure and other service occupations",69,55,14
E01002741,7. Sales and customer service occupations,50,58,-8
E01002741,"8. Process, plant and machine operatives",31,31,0
E01002741,9. Elementary occupations,61,57,4
E01002742,"1. Managers, directors and senior officials",214,118,96
E01002742,2. Professional occupations,405,413,-8
E01002742,3. Associate professional and technical occupations,217,68,149
E01002742,4. Administrative and secretarial occupations,77,72,5
E01002742,5. Skilled trades occupations,32,24,8
E01002742,"6. Caring, leisure and other service occupations",58,41,17
E01002742,7. Sales and customer service occupations,97,25,72
E01002742,"8. Process, plant and machine operatives",40,23,17
E01002742,9. Elementary occupations,29,25,4
E01002743,"1. Managers, directors and senior officials",174,102,72
E01002743,2. Professional occupations,315,278,37
E01002743,3. Associate professional and technical occupations,192,69,123
E01002743,4. Administrative and secretarial occupations,40,51,-11
E01002743,5. Skilled trades occupations,29,24,5
E01002743,"6. Caring, leisure and other service occupations",43,30,13
E01002743,7. Sales and customer service occupations,21,46,-25
E01002743,"8. Process, plant and machine operatives",7,11,-4
E01002743,9. Elementary occupations,37,47,-10
E01002744,"1. Managers, directors and senior officials",153,97,56
E01002744,2. Professional occupations,298,317,-19
E01002744,3. Associate professional and technical occupations,170,59,111
E01002744,4. Administrative and secretarial occupations,47,59,-12
E01002744,5. Skilled trades occupations,44,30,14
E01002744,"6. Caring, leisure and other service occupations",35,55,-20
E01002744,7. Sales and customer service occupations,29,34,-5
E01002744,"8. Process, plant and machine operatives",22,19,3
E01002744,9. Elementary occupations,24,35,-11
E01002745,"1. Managers, directors and senior officials",155,119,36
E01002745,2. Professional occupations,323,320,3
E01002745,3. Associate professional and technical occupations,183,52,131
E01002745,4. Administrative and secretarial occupations,47,51,-4
E01002745,5. Skilled trades occupations,18,31,-13
E01002745,"6. Caring, leisure and other service occupations",47,49,-2
E01002745,7. Sales and customer service occupations,43,39,4
E01002745,"8. Process, plant and machine operatives",18,20,-2
E01002745,9. Elementary occupations,38,35,3
E01002747,"1. Managers, directors and senior officials",140,94,46
E01002747,2. Professional occupations,361,310,51
E01002747,3. Associate professional and technical occupations,169,79,90
E01002747,4. Administrative and secretarial occupations,66,92,-26
E01002747,5. Skilled trades occupations,29,44,-15
E01002747,"6. Caring, leisure and other service occupations",32,42,-10
E01002747,7. Sales and customer service occupations,29,36,-7
E01002747,"8. Process, plant and machine operatives",19,12,7
E01002747,9. Elementary occupations,45,58,-13
E01002748,"1. Managers, directors and senior officials",119,70,49
E01002748,2. Professional occupations,243,187,56
E01002748,3. Associate professional and technical occupations,151,55,96
E01002748,4. Administrative and secretarial occupations,49,71,-22
E01002748,5. Skilled trades occupations,44,36,8
E01002748,"6. Caring, leisure and other service occupations",70,36,34
E01002748,7. Sales and customer service occupations,51,45,6
E01002748,"8. Process, plant and machine operatives",31,24,7
E01002748,9. Elementary occupations,80,60,20
E01002749,"1. Managers, directors and senior officials",131,66,65
E01002749,2. Professional occupations,248,194,54
E01002749,3. Associate professional and technical occupations,170,45,125
E01002749,4. Administrative and secretarial occupations,62,54,8
E01002749,5. Skilled trades occupations,32,35,-3
E01002749,"6. Caring, leisure and other service occupations",52,43,9
E01002749,7. Sales and customer service occupations,37,44,-7
E01002749,"8. Process, plant and machine operatives",19,16,3
E01002749,9. Elementary occupations,40,41,-1
E01002751,"1. Managers, directors and senior officials",83,70,13
E01002751,2. Professional occupations,218,159,59
E01002751,3. Associate professional and technical occupations,147,62,85
E01002751,4. Administrative and secretarial occupations,72,87,-15
E01002751,5. Skilled trades occupations,48,58,-10
E01002751,"6. Caring, leisure and other service occupations",75,69,6
E01002751,7. Sales and customer service occupations,44,63,-19
E01002751,"8. Process, plant and machine operatives",51,42,9
E01002751,9. Elementary occupations,103,99,4
E01002752,"1. Managers, directors and senior officials",148,103,45
E01002752,2. Professional occupations,322,239,83
E01002752,3. Associate professional and technical occupations,209,40,169
E01002752,4. Administrative and secretarial occupations,51,65,-14
E01002752,5. Skilled trades occupations,31,30,1
E01002752,"6. Caring, leisure and other service occupations",53,48,5
E01002752,7. Sales and customer service occupations,43,50,-7
E01002752,"8. Process, plant and machine operatives",28,12,16
E01002752,9. Elementary occupations,38,39,-1
E01002753,"1. Managers, directors and senior officials",86,71,15
E01002753,2. Professional occupations,243,174,69
E01002753,3. Associate professional and technical occupations,129,47,82
E01002753,4. Administrative and secretarial occupations,60,80,-20
E01002753,5. Skilled trades occupations,27,58,-31
E01002753,"6. Caring, leisure and other service occupations",81,56,25
E01002753,7. Sales and customer service occupations,55,51,4
E01002753,"8. Process, plant and machine operatives",32,23,9
E01002753,9. Elementary occupations,59,70,-11
E01002754,"1. Managers, directors and senior officials",140,118,22
E01002754,2. Professional occupations,264,246,18
E01002754,3. Associate professional and technical occupations,173,47,126
E01002754,4. Administrative and secretarial occupations,50,74,-24
E01002754,5. Skilled trades occupations,40,39,1
E01002754,"6. Caring, leisure and other service occupations",39,47,-8
E01002754,7. Sales and customer service occupations,47,34,13
E01002754,"8. Process, plant and machine operatives",15,12,3
E01002754,9. Elementary occupations,46,46,0
E01002755,"1. Managers, directors and senior officials",71,65,6
E01002755,2. Professional occupations,173,120,53
E01002755,3. Associate professional and technical occupations,90,31,59
E01002755,4. Administrative and secretarial occupations,55,72,-17
E01002755,5. Skilled trades occupations,53,45,8
E01002755,"6. Caring, leisure and other service occupations",62,52,10
E01002755,7. Sales and customer service occupations,29,32,-3
E01002755,"8. Process, plant and machine operatives",32,27,5
E01002755,9. Elementary occupations,49,48,1
E01002756,"1. Managers, directors and senior officials",111,76,35
E01002756,2. Professional occupations,265,237,28
E01002756,3. Associate professional and technical occupations,177,69,108
E01002756,4. Administrative and secretarial occupations,36,73,-37
E01002756,5. Skilled trades occupations,39,47,-8
E01002756,"6. Caring, leisure and other service occupations",46,40,6
E01002756,7. Sales and customer service occupations,16,31,-15
E01002756,"8. Process, plant and machine operatives",11,14,-3
E01002756,9. Elementary occupations,47,35,12
E01002757,"1. Managers, directors and senior officials",130,87,43
E01002757,2. Professional occupations,213,197,16
E01002757,3. Associate professional and technical occupations,128,36,92
E01002757,4. Administrative and secretarial occupations,40,81,-41
E01002757,5. Skilled trades occupations,33,34,-1
E01002757,"6. Caring, leisure and other service occupations",52,35,17
E01002757,7. Sales and customer service occupations,37,41,-4
E01002757,"8. Process, plant and machine operatives",23,14,9
E01002757,9. Elementary occupations,33,43,-10
E01002758,"1. Managers, directors and senior officials",73,26,47
E01002758,2. Professional occupations,174,88,86
E01002758,3. Associate professional and technical occupations,128,25,103
E01002758,4. Administrative and secretarial occupations,57,58,-1
E01002758,5. Skilled trades occupations,66,53,13
E01002758,"6. Caring, leisure and other service occupations",85,49,36
E01002758,7. Sales and customer service occupations,54,31,23
E01002758,"8. Process, plant and machine operatives",30,24,6
E01002758,9. Elementary occupations,85,60,25
E01002759,"1. Managers, directors and senior officials",118,104,14
E01002759,2. Professional occupations,286,286,0
E01002759,3. Associate professional and technical occupations,154,63,91
E01002759,4. Administrative and secretarial occupations,47,84,-37
E01002759,5. Skilled trades occupations,44,51,-7
E01002759,"6. Caring, leisure and other service occupations",42,53,-11
E01002759,7. Sales and customer service occupations,36,39,-3
E01002759,"8. Process, plant and machine operatives",15,16,-1
E01002759,9. Elementary occupations,33,43,-10
E01002760,"1. Managers, directors and senior officials",93,41,52
E01002760,2. Professional occupations,213,114,99
E01002760,3. Associate professional and technical occupations,124,39,85
E01002760,4. Administrative and secretarial occupations,67,72,-5
E01002760,5. Skilled trades occupations,36,43,-7
E01002760,"6. Caring, leisure and other service occupations",81,63,18
E01002760,7. Sales and customer service occupations,57,67,-10
E01002760,"8. Process, plant and machine operatives",23,30,-7
E01002760,9. Elementary occupations,78,62,16
E01002762,"1. Managers, directors and senior officials",148,138,10
E01002762,2. Professional occupations,426,410,16
E01002762,3. Associate professional and technical occupations,266,91,175
E01002762,4. Administrative and secretarial occupations,67,102,-35
E01002762,5. Skilled trades occupations,51,48,3
E01002762,"6. Caring, leisure and other service occupations",71,65,6
E01002762,7. Sales and customer service occupations,46,50,-4
E01002762,"8. Process, plant and machine operatives",29,23,6
E01002762,9. Elementary occupations,71,65,6
E01002763,"1. Managers, directors and senior officials",69,61,8
E01002763,2. Professional occupations,177,167,10
E01002763,3. Associate professional and technical occupations,141,39,102
E01002763,4. Administrative and secretarial occupations,50,78,-28
E01002763,5. Skilled trades occupations,40,55,-15
E01002763,"6. Caring, leisure and other service occupations",62,50,12
E01002763,7. Sales and customer service occupations,36,61,-25
E01002763,"8. Process, plant and machine operatives",28,25,3
E01002763,9. Elementary occupations,76,83,-7
E01002764,"1. Managers, directors and senior officials",91,91,0
E01002764,2. Professional occupations,243,203,40
E01002764,3. Associate professional and technical occupations,158,53,105
E01002764,4. Administrative and secretarial occupations,73,86,-13
E01002764,5. Skilled trades occupations,52,71,-19
E01002764,"6. Caring, leisure and other service occupations",70,81,-11
E01002764,7. Sales and customer service occupations,56,56,0
E01002764,"8. Process, plant and machine operatives",41,31,10
E01002764,9. Elementary occupations,87,76,11
E01002765,"1. Managers, directors and senior officials",150,106,44
E01002765,2. Professional occupations,342,210,132
E01002765,3. Associate professional and technical occupations,221,60,161
E01002765,4. Administrative and secretarial occupations,113,119,-6
E01002765,5. Skilled trades occupations,60,65,-5
E01002765,"6. Caring, leisure and other service occupations",90,68,22
E01002765,7. Sales and customer service occupations,99,90,9
E01002765,"8. Process, plant and machine operatives",39,46,-7
E01002765,9. Elementary occupations,114,104,10
E01002766,"1. Managers, directors and senior officials",100,60,40
E01002766,2. Professional occupations,271,112,159
E01002766,3. Associate professional and technical occupations,177,41,136
E01002766,4. Administrative and secretarial occupations,98,86,12
E01002766,5. Skilled trades occupations,57,52,5
E01002766,"6. Caring, leisure and other service occupations",87,64,23
E01002766,7. Sales and customer service occupations,75,64,11
E01002766,"8. Process, plant and machine operatives",59,37,22
E01002766,9. Elementary occupations,130,90,40
E01002767,"1. Managers, directors and senior officials",151,88,63
E01002767,2. Professional occupations,289,221,68
E01002767,3. Associate professional and technical occupations,236,67,169
E01002767,4. Administrative and secretarial occupations,86,130,-44
E01002767,5. Skilled trades occupations,61,73,-12
E01002767,"6. Caring, leisure and other service occupations",89,87,2
E01002767,7. Sales and customer service occupations,62,80,-18
E01002767,"8. Process, plant and machine operatives",32,38,-6
E01002767,9. Elementary occupations,83,88,-5
E01002768,"1. Managers, directors and senior officials",118,83,35
E01002768,2. Professional occupations,324,258,66
E01002768,3. Associate professional and technical occupations,150,55,95
E01002768,4. Administrative and secretarial occupations,81,105,-24
E01002768,5. Skilled trades occupations,61,52,9
E01002768,"6. Caring, leisure and other service occupations",46,57,-11
E01002768,7. Sales and customer service occupations,42,53,-11
E01002768,"8. Process, plant and machine operatives",25,26,-1
E01002768,9. Elementary occupations,40,55,-15
E01002769,"1. Managers, directors and senior officials",146,112,34
E01002769,2. Professional occupations,330,320,10
E01002769,3. Associate professional and technical occupations,221,81,140
E01002769,4. Administrative and secretarial occupations,66,87,-21
E01002769,5. Skilled trades occupations,35,45,-10
E01002769,"6. Caring, leisure and other service occupations",44,51,-7
E01002769,7. Sales and customer service occupations,31,56,-25
E01002769,"8. Process, plant and machine operatives",11,24,-13
E01002769,9. Elementary occupations,23,46,-23
E01002770,"1. Managers, directors and senior officials",187,108,79
E01002770,2. Professional occupations,411,265,146
E01002770,3. Associate professional and technical occupations,191,54,137
E01002770,4. Administrative and secretarial occupations,56,83,-27
E01002770,5. Skilled trades occupations,45,41,4
E01002770,"6. Caring, leisure and other service occupations",53,44,9
E01002770,7. Sales and customer service occupations,45,57,-12
E01002770,"8. Process, plant and machine operatives",26,18,8
E01002770,9. Elementary occupations,47,61,-14
E01002771,"1. Managers, directors and senior officials",109,92,17
E01002771,2. Professional occupations,238,233,5
E01002771,3. Associate professional and technical occupations,181,77,104
E01002771,4. Administrative and secretarial occupations,89,88,1
E01002771,5. Skilled trades occupations,42,43,-1
E01002771,"6. Caring, leisure and other service occupations",80,73,7
E01002771,7. Sales and customer service occupations,36,53,-17
E01002771,"8. Process, plant and machine operatives",27,27,0
E01002771,9. Elementary occupations,52,71,-19
E01002772,"1. Managers, directors and senior officials",137,89,48
E01002772,2. Professional occupations,374,293,81
E01002772,3. Associate professional and technical occupations,267,69,198
E01002772,4. Administrative and secretarial occupations,69,121,-52
E01002772,5. Skilled trades occupations,46,68,-22
E01002772,"6. Caring, leisure and other service occupations",59,52,7
E01002772,7. Sales and customer service occupations,45,43,2
E01002772,"8. Process, plant and machine operatives",30,34,-4
E01002772,9. Elementary occupations,77,76,1
E01002773,"1. Managers, directors and senior officials",74,37,37
E01002773,2. Professional occupations,169,80,89
E01002773,3. Associate professional and technical occupations,112,30,82
E01002773,4. Administrative and secretarial occupations,52,49,3
E01002773,5. Skilled trades occupations,50,28,22
E01002773,"6. Caring, leisure and other service occupations",60,47,13
E01002773,7. Sales and customer service occupations,54,40,14
E01002773,"8. Process, plant and machine operatives",37,22,15
E01002773,9. Elementary occupations,76,55,21
E01002774,"1. Managers, directors and senior officials",149,86,63
E01002774,2. Professional occupations,435,326,109
E01002774,3. Associate professional and technical occupations,274,100,174
E01002774,4. Administrative and secretarial occupations,100,123,-23
E01002774,5. Skilled trades occupations,49,56,-7
E01002774,"6. Caring, leisure and other service occupations",88,97,-9
E01002774,7. Sales and customer service occupations,53,62,-9
E01002774,"8. Process, plant and machine operatives",34,27,7
E01002774,9. Elementary occupations,88,76,12
E01002775,"1. Managers, directors and senior officials",147,134,13
E01002775,2. Professional occupations,344,307,37
E01002775,3. Associate professional and technical occupations,234,76,158
E01002775,4. Administrative and secretarial occupations,42,60,-18
E01002775,5. Skilled trades occupations,19,40,-21
E01002775,"6. Caring, leisure and other service occupations",37,31,6
E01002775,7. Sales and customer service occupations,29,23,6
E01002775,"8. Process, plant and machine operatives",22,13,9
E01002775,9. Elementary occupations,30,46,-16
E01002776,"1. Managers, directors and senior officials",176,92,84
E01002776,2. Professional occupations,342,254,88
E01002776,3. Associate professional and technical occupations,218,52,166
E01002776,4. Administrative and secretarial occupations,66,72,-6
E01002776,5. Skilled trades occupations,38,48,-10
E01002776,"6. Caring, leisure and other service occupations",48,57,-9
E01002776,7. Sales and customer service occupations,46,47,-1
E01002776,"8. Process, plant and machine operatives",21,26,-5
E01002776,9. Elementary occupations,71,63,8
E01002777,"1. Managers, directors and senior officials",178,103,75
E01002777,2. Professional occupations,325,332,-7
E01002777,3. Associate professional and technical occupations,243,93,150
E01002777,4. Administrative and secretarial occupations,58,93,-35
E01002777,5. Skilled trades occupations,47,40,7
E01002777,"6. Caring, leisure and other service occupations",49,46,3
E01002777,7. Sales and customer service occupations,34,45,-11
E01002777,"8. Process, plant and machine operatives",22,21,1
E01002777,9. Elementary occupations,48,41,7
E01002778,"1. Managers, directors and senior officials",83,55,28
E01002778,2. Professional occupations,203,137,66
E01002778,3. Associate professional and technical occupations,151,52,99
E01002778,4. Administrative and secretarial occupations,47,58,-11
E01002778,5. Skilled trades occupations,63,47,16
E01002778,"6. Caring, leisure and other service occupations",59,54,5
E01002778,7. Sales and customer service occupations,61,55,6
E01002778,"8. Process, plant and machine operatives",45,26,19
E01002778,9. Elementary occupations,108,77,31
E01002779,"1. Managers, directors and senior officials",187,111,76
E01002779,2. Professional occupations,340,353,-13
E01002779,3. Associate professional and technical occupations,232,91,141
E01002779,4. Administrative and secretarial occupations,69,86,-17
E01002779,5. Skilled trades occupations,23,50,-27
E01002779,"6. Caring, leisure and other service occupations",52,47,5
E01002779,7. Sales and customer service occupations,58,60,-2
E01002779,"8. Process, plant and machine operatives",21,25,-4
E01002779,9. Elementary occupations,40,40,0
E01002780,"1. Managers, directors and senior officials",167,120,47
E01002780,2. Professional occupations,322,276,46
E01002780,3. Associate professional and technical occupations,198,64,134
E01002780,4. Administrative and secretarial occupations,52,84,-32
E01002780,5. Skilled trades occupations,23,42,-19
E01002780,"6. Caring, leisure and other service occupations",76,38,38
E01002780,7. Sales and customer service occupations,34,41,-7
E01002780,"8. Process, plant and machine operatives",22,25,-3
E01002780,9. Elementary occupations,89,52,37
E01002781,"1. Managers, directors and senior officials",128,67,61
E01002781,2. Professional occupations,269,179,90
E01002781,3. Associate professional and technical occupations,231,60,171
E01002781,4. Administrative and secretarial occupations,67,49,18
E01002781,5. Skilled trades occupations,41,33,8
E01002781,"6. Caring, leisure and other service occupations",53,41,12
E01002781,7. Sales and customer service occupations,39,40,-1
E01002781,"8. Process, plant and machine operatives",47,23,24
E01002781,9. Elementary occupations,86,50,36
E01002782,"1. Managers, directors and senior officials",67,42,25
E01002782,2. Professional occupations,131,130,1
E01002782,3. Associate professional and technical occupations,120,42,78
E01002782,4. Administrative and secretarial occupations,41,60,-19
E01002782,5. Skilled trades occupations,36,37,-1
E01002782,"6. Caring, leisure and other service occupations",60,58,2
E01002782,7. Sales and customer service occupations,44,50,-6
E01002782,"8. Process, plant and machine operatives",32,28,4
E01002782,9. Elementary occupations,89,67,22
E01002783,"1. Managers, directors and senior officials",79,73,6
E01002783,2. Professional occupations,224,171,53
E01002783,3. Associate professional and technical occupations,171,46,125
E01002783,4. Administrative and secretarial occupations,51,80,-29
E01002783,5. Skilled trades occupations,47,51,-4
E01002783,"6. Caring, leisure and other service occupations",58,38,20
E01002783,7. Sales and customer service occupations,53,49,4
E01002783,"8. Process, plant and machine operatives",26,25,1
E01002783,9. Elementary occupations,49,71,-22
E01002784,"1. Managers, directors and senior officials",103,62,41
E01002784,2. Professional occupations,226,180,46
E01002784,3. Associate professional and technical occupations,155,63,92
E01002784,4. Administrative and secretarial occupations,56,74,-18
E01002784,5. Skilled trades occupations,50,37,13
E01002784,"6. Caring, leisure and other service occupations",58,63,-5
E01002784,7. Sales and customer service occupations,53,73,-20
E01002784,"8. Process, plant and machine operatives",43,40,3
E01002784,9. Elementary occupations,85,81,4
E01002785,"1. Managers, directors and senior officials",183,132,51
E01002785,2. Professional occupations,387,351,36
E01002785,3. Associate professional and technical occupations,236,81,155
E01002785,4. Administrative and secretarial occupations,57,78,-21
E01002785,5. Skilled trades occupations,45,49,-4
E01002785,"6. Caring, leisure and other service occupations",47,49,-2
E01002785,7. Sales and customer service occupations,29,27,2
E01002785,"8. Process, plant and machine operatives",36,21,15
E01002785,9. Elementary occupations,56,59,-3
E01002786,"1. Managers, directors and senior officials",126,83,43
E01002786,2. Professional occupations,306,215,91
E01002786,3. Associate professional and technical occupations,199,64,135
E01002786,4. Administrative and secretarial occupations,66,96,-30
E01002786,5. Skilled trades occupations,35,56,-21
E01002786,"6. Caring, leisure and other service occupations",65,60,5
E01002786,7. Sales and customer service occupations,58,64,-6
E01002786,"8. Process, plant and machine operatives",31,31,0
E01002786,9. Elementary occupations,102,80,22
E01002787,"1. Managers, directors and senior officials",88,79,9
E01002787,2. Professional occupations,205,117,88
E01002787,3. Associate professional and technical occupations,148,62,86
E01002787,4. Administrative and secretarial occupations,40,81,-41
E01002787,5. Skilled trades occupations,34,62,-28
E01002787,"6. Caring, leisure and other service occupations",57,50,7
E01002787,7. Sales and customer service occupations,51,52,-1
E01002787,"8. Process, plant and machine operatives",49,28,21
E01002787,9. Elementary occupations,101,125,-24
E01002788,"1. Managers, directors and senior officials",177,116,61
E01002788,2. Professional occupations,457,412,45
E01002788,3. Associate professional and technical occupations,232,95,137
E01002788,4. Administrative and secretarial occupations,62,88,-26
E01002788,5. Skilled trades occupations,49,47,2
E01002788,"6. Caring, leisure and other service occupations",43,52,-9
E01002788,7. Sales and customer service occupations,30,45,-15
E01002788,"8. Process, plant and machine operatives",21,21,0
E01002788,9. Elementary occupations,45,50,-5
E01002789,"1. Managers, directors and senior officials",189,150,39
E01002789,2. Professional occupations,406,419,-13
E01002789,3. Associate professional and technical occupations,255,86,169
E01002789,4. Administrative and secretarial occupations,55,86,-31
E01002789,5. Skilled trades occupations,31,37,-6
E01002789,"6. Caring, leisure and other service occupations",45,46,-1
E01002789,7. Sales and customer service occupations,30,31,-1
E01002789,"8. Process, plant and machine operatives",12,16,-4
E01002789,9. Elementary occupations,35,30,5
E01002790,"1. Managers, directors and senior officials",82,56,26
E01002790,2. Professional occupations,170,160,10
E01002790,3. Associate professional and technical occupations,112,58,54
E01002790,4. Administrative and secretarial occupations,51,78,-27
E01002790,5. Skilled trades occupations,37,31,6
E01002790,"6. Caring, leisure and other service occupations",50,54,-4
E01002790,7. Sales and customer service occupations,47,61,-14
E01002790,"8. Process, plant and machine operatives",26,27,-1
E01002790,9. Elementary occupations,46,51,-5
E01002791,"1. Managers, directors and senior officials",231,145,86
E01002791,2. Professional occupations,418,315,103
E01002791,3. Associate professional and technical occupations,232,51,181
E01002791,4. Administrative and secretarial occupations,60,74,-14
E01002791,5. Skilled trades occupations,14,28,-14
E01002791,"6. Caring, leisure and other service occupations",28,34,-6
E01002791,7. Sales and customer service occupations,31,41,-10
E01002791,"8. Process, plant and machine operatives",16,15,1
E01002791,9. Elementary occupations,18,24,-6
E01002792,"1. Managers, directors and senior officials",223,172,51
E01002792,2. Professional occupations,442,395,47
E01002792,3. Associate professional and technical occupations,239,87,152
E01002792,4. Administrative and secretarial occupations,62,82,-20
E01002792,5. Skilled trades occupations,35,34,1
E01002792,"6. Caring, leisure and other service occupations",38,52,-14
E01002792,7. Sales and customer service occupations,41,44,-3
E01002792,"8. Process, plant and machine operatives",18,27,-9
E01002792,9. Elementary occupations,36,35,1
E01002793,"1. Managers, directors and senior officials",136,134,2
E01002793,2. Professional occupations,355,290,65
E01002793,3. Associate professional and technical occupations,179,66,113
E01002793,4. Administrative and secretarial occupations,58,90,-32
E01002793,5. Skilled trades occupations,55,33,22
E01002793,"6. Caring, leisure and other service occupations",69,59,10
E01002793,7. Sales and customer service occupations,49,60,-11
E01002793,"8. Process, plant and machine operatives",25,19,6
E01002793,9. Elementary occupations,66,76,-10
E01002794,"1. Managers, directors and senior officials",258,175,83
E01002794,2. Professional occupations,524,346,178
E01002794,3. Associate professional and technical occupations,273,70,203
E01002794,4. Administrative and secretarial occupations,56,70,-14
E01002794,5. Skilled trades occupations,48,36,12
E01002794,"6. Caring, leisure and other service occupations",31,31,0
E01002794,7. Sales and customer service occupations,53,46,7
E01002794,"8. Process, plant and machine operatives",26,20,6
E01002794,9. Elementary occupations,33,36,-3
E01002795,"1. Managers, directors and senior officials",184,109,75
E01002795,2. Professional occupations,396,389,7
E01002795,3. Associate professional and technical occupations,198,84,114
E01002795,4. Administrative and secretarial occupations,80,97,-17
E01002795,5. Skilled trades occupations,38,38,0
E01002795,"6. Caring, leisure and other service occupations",60,54,6
E01002795,7. Sales and customer service occupations,57,71,-14
E01002795,"8. Process, plant and machine operatives",32,25,7
E01002795,9. Elementary occupations,58,72,-14
E01002796,"1. Managers, directors and senior officials",102,70,32
E01002796,2. Professional occupations,200,219,-19
E01002796,3. Associate professional and technical occupations,121,55,66
E01002796,4. Administrative and secretarial occupations,28,41,-13
E01002796,5. Skilled trades occupations,10,24,-14
E01002796,"6. Caring, leisure and other service occupations",37,35,2
E01002796,7. Sales and customer service occupations,18,15,3
E01002796,"8. Process, plant and machine operatives",32,11,21
E01002796,9. Elementary occupations,25,37,-12
E01002797,"1. Managers, directors and senior officials",141,124,17
E01002797,2. Professional occupations,325,277,48
E01002797,3. Associate professional and technical occupations,189,75,114
E01002797,4. Administrative and secretarial occupations,63,108,-45
E01002797,5. Skilled trades occupations,38,34,4
E01002797,"6. Caring, leisure and other service occupations",57,52,5
E01002797,7. Sales and customer service occupations,51,66,-15
E01002797,"8. Process, plant and machine operatives",22,38,-16
E01002797,9. Elementary occupations,63,65,-2
E01002798,"1. Managers, directors and senior officials",267,174,93
E01002798,2. Professional occupations,444,410,34
E01002798,3. Associate professional and technical occupations,222,67,155
E01002798,4. Administrative and secretarial occupations,76,94,-18
E01002798,5. Skilled trades occupations,35,37,-2
E01002798,"6. Caring, leisure and other service occupations",30,52,-22
E01002798,7. Sales and customer service occupations,35,25,10
E01002798,"8. Process, plant and machine operatives",17,21,-4
E01002798,9. Elementary occupations,27,56,-29
E01002799,"1. Managers, directors and senior officials",104,79,25
E01002799,2. Professional occupations,283,225,58
E01002799,3. Associate professional and technical occupations,162,64,98
E01002799,4. Administrative and secretarial occupations,65,76,-11
E01002799,5. Skilled trades occupations,44,43,1
E01002799,"6. Caring, leisure and other service occupations",63,64,-1
E01002799,7. Sales and customer service occupations,60,43,17
E01002799,"8. Process, plant and machine operatives",41,31,10
E01002799,9. Elementary occupations,91,70,21
E01002800,"1. Managers, directors and senior officials",122,31,91
E01002800,2. Professional occupations,311,63,248
E01002800,3. Associate professional and technical occupations,138,14,124
E01002800,4. Administrative and secretarial occupations,48,30,18
E01002800,5. Skilled trades occupations,35,28,7
E01002800,"6. Caring, leisure and other service occupations",67,35,32
E01002800,7. Sales and customer service occupations,55,38,17
E01002800,"8. Process, plant and machine operatives",30,14,16
E01002800,9. Elementary occupations,97,57,40
E01002801,"1. Managers, directors and senior officials",207,134,73
E01002801,2. Professional occupations,372,363,9
E01002801,3. Associate professional and technical occupations,176,68,108
E01002801,4. Administrative and secretarial occupations,55,61,-6
E01002801,5. Skilled trades occupations,26,30,-4
E01002801,"6. Caring, leisure and other service occupations",26,29,-3
E01002801,7. Sales and customer service occupations,15,26,-11
E01002801,"8. Process, plant and machine operatives",5,16,-11
E01002801,9. Elementary occupations,22,38,-16
E01002802,"1. Managers, directors and senior officials",205,161,44
E01002802,2. Professional occupations,380,311,69
E01002802,3. Associate professional and technical occupations,202,56,146
E01002802,4. Administrative and secretarial occupations,52,68,-16
E01002802,5. Skilled trades occupations,32,32,0
E01002802,"6. Caring, leisure and other service occupations",48,36,12
E01002802,7. Sales and customer service occupations,46,33,13
E01002802,"8. Process, plant and machine operatives",33,9,24
E01002802,9. Elementary occupations,36,20,16
E01002804,"1. Managers, directors and senior officials",79,84,-5
E01002804,2. Professional occupations,223,213,10
E01002804,3. Associate professional and technical occupations,164,85,79
E01002804,4. Administrative and secretarial occupations,45,75,-30
E01002804,5. Skilled trades occupations,37,66,-29
E01002804,"6. Caring, leisure and other service occupations",75,71,4
E01002804,7. Sales and customer service occupations,45,74,-29
E01002804,"8. Process, plant and machine operatives",22,33,-11
E01002804,9. Elementary occupations,61,95,-34
E01002805,"1. Managers, directors and senior officials",121,80,41
E01002805,2. Professional occupations,329,258,71
E01002805,3. Associate professional and technical occupations,247,84,163
E01002805,4. Administrative and secretarial occupations,47,105,-58
E01002805,5. Skilled trades occupations,48,71,-23
E01002805,"6. Caring, leisure and other service occupations",43,48,-5
E01002805,7. Sales and customer service occupations,42,59,-17
E01002805,"8. Process, plant and machine operatives",24,21,3
E01002805,9. Elementary occupations,54,66,-12
E01002806,"1. Managers, directors and senior officials",146,118,28
E01002806,2. Professional occupations,369,251,118
E01002806,3. Associate professional and technical occupations,200,79,121
E01002806,4. Administrative and secretarial occupations,43,90,-47
E01002806,5. Skilled trades occupations,42,31,11
E01002806,"6. Caring, leisure and other service occupations",48,62,-14
E01002806,7. Sales and customer service occupations,31,56,-25
E01002806,"8. Process, plant and machine operatives",14,18,-4
E01002806,9. Elementary occupations,44,42,2
E01002807,"1. Managers, directors and senior officials",81,68,13
E01002807,2. Professional occupations,238,219,19
E01002807,3. Associate professional and technical occupations,169,57,112
E01002807,4. Administrative and secretarial occupations,68,85,-17
E01002807,5. Skilled trades occupations,50,60,-10
E01002807,"6. Caring, leisure and other service occupations",56,66,-10
E01002807,7. Sales and customer service occupations,52,61,-9
E01002807,"8. Process, plant and machine operatives",42,42,0
E01002807,9. Elementary occupations,70,94,-24
E01002808,"1. Managers, directors and senior officials",147,114,33
E01002808,2. Professional occupations,374,299,75
E01002808,3. Associate professional and technical occupations,206,69,137
E01002808,4. Administrative and secretarial occupations,75,87,-12
E01002808,5. Skilled trades occupations,51,73,-22
E01002808,"6. Caring, leisure and other service occupations",61,67,-6
E01002808,7. Sales and customer service occupations,50,66,-16
E01002808,"8. Process, plant and machine operatives",39,22,17
E01002808,9. Elementary occupations,76,64,12
E01002809,"1. Managers, directors and senior officials",120,70,50
E01002809,2. Professional occupations,289,230,59
E01002809,3. Associate professional and technical occupations,212,57,155
E01002809,4. Administrative and secretarial occupations,68,89,-21
E01002809,5. Skilled trades occupations,44,37,7
E01002809,"6. Caring, leisure and other service occupations",58,49,9
E01002809,7. Sales and customer service occupations,69,66,3
E01002809,"8. Process, plant and machine operatives",16,34,-18
E01002809,9. Elementary occupations,61,62,-1
E01002810,"1. Managers, directors and senior officials",108,70,38
E01002810,2. Professional occupations,283,202,81
E01002810,3. Associate professional and technical occupations,215,58,157
E01002810,4. Administrative and secretarial occupations,56,77,-21
E01002810,5. Skilled trades occupations,33,48,-15
E01002810,"6. Caring, leisure and other service occupations",57,60,-3
E01002810,7. Sales and customer service occupations,63,60,3
E01002810,"8. Process, plant and machine operatives",24,24,0
E01002810,9. Elementary occupations,80,70,10
E01002811,"1. Managers, directors and senior officials",111,60,51
E01002811,2. Professional occupations,210,164,46
E01002811,3. Associate professional and technical occupations,150,45,105
E01002811,4. Administrative and secretarial occupations,60,80,-20
E01002811,5. Skilled trades occupations,44,52,-8
E01002811,"6. Caring, leisure and other service occupations",75,57,18
E01002811,7. Sales and customer service occupations,57,49,8
E01002811,"8. Process, plant and machine operatives",44,23,21
E01002811,9. Elementary occupations,97,62,35
E01002812,"1. Managers, directors and senior officials",302,247,55
E01002812,2. Professional occupations,211,219,-8
E01002812,3. Associate professional and technical occupations,112,55,57
E01002812,4. Administrative and secretarial occupations,33,94,-61
E01002812,5. Skilled trades occupations,16,20,-4
E01002812,"6. Caring, leisure and other service occupations",27,43,-16
E01002812,7. Sales and customer service occupations,16,27,-11
E01002812,"8. Process, plant and machine operatives",8,14,-6
E01002812,9. Elementary occupations,20,35,-15
E01002813,"1. Managers, directors and senior officials",292,293,-1
E01002813,2. Professional occupations,257,246,11
E01002813,3. Associate professional and technical occupations,135,45,90
E01002813,4. Administrative and secretarial occupations,35,57,-22
E01002813,5. Skilled trades occupations,19,13,6
E01002813,"6. Caring, leisure and other service occupations",33,48,-15
E01002813,7. Sales and customer service occupations,18,18,0
E01002813,"8. Process, plant and machine operatives",4,6,-2
E01002813,9. Elementary occupations,7,18,-11
E01002814,"1. Managers, directors and senior officials",213,161,52
E01002814,2. Professional occupations,233,208,25
E01002814,3. Associate professional and technical occupations,167,46,121
E01002814,4. Administrative and secretarial occupations,82,82,0
E01002814,5. Skilled trades occupations,33,41,-8
E01002814,"6. Caring, leisure and other service occupations",50,71,-21
E01002814,7. Sales and customer service occupations,59,73,-14
E01002814,"8. Process, plant and machine operatives",34,31,3
E01002814,9. Elementary occupations,58,71,-13
E01002815,"1. Managers, directors and senior officials",158,159,-1
E01002815,2. Professional occupations,216,211,5
E01002815,3. Associate professional and technical occupations,106,32,74
E01002815,4. Administrative and secretarial occupations,42,56,-14
E01002815,5. Skilled trades occupations,13,20,-7
E01002815,"6. Caring, leisure and other service occupations",27,26,1
E01002815,7. Sales and customer service occupations,17,30,-13
E01002815,"8. Process, plant and machine operatives",7,13,-6
E01002815,9. Elementary occupations,17,26,-9
E01002816,"1. Managers, directors and senior officials",174,190,-16
E01002816,2. Professional occupations,189,177,12
E01002816,3. Associate professional and technical occupations,80,39,41
E01002816,4. Administrative and secretarial occupations,25,51,-26
E01002816,5. Skilled trades occupations,10,18,-8
E01002816,"6. Caring, leisure and other service occupations",22,33,-11
E01002816,7. Sales and customer service occupations,16,25,-9
E01002816,"8. Process, plant and machine operatives",5,5,0
E01002816,9. Elementary occupations,18,18,0
E01002817,"1. Managers, directors and senior officials",232,253,-21
E01002817,2. Professional occupations,179,178,1
E01002817,3. Associate professional and technical occupations,120,42,78
E01002817,4. Administrative and secretarial occupations,34,45,-11
E01002817,5. Skilled trades occupations,23,12,11
E01002817,"6. Caring, leisure and other service occupations",20,44,-24
E01002817,7. Sales and customer service occupations,22,20,2
E01002817,"8. Process, plant and machine operatives",3,8,-5
E01002817,9. Elementary occupations,11,23,-12
E01002818,"1. Managers, directors and senior officials",214,342,-128
E01002818,2. Professional occupations,170,217,-47
E01002818,3. Associate professional and technical occupations,115,51,64
E01002818,4. Administrative and secretarial occupations,20,70,-50
E01002818,5. Skilled trades occupations,8,27,-19
E01002818,"6. Caring, leisure and other service occupations",59,90,-31
E01002818,7. Sales and customer service occupations,16,27,-11
E01002818,"8. Process, plant and machine operatives",17,13,4
E01002818,9. Elementary occupations,25,35,-10
E01002819,"1. Managers, directors and senior officials",208,273,-65
E01002819,2. Professional occupations,142,173,-31
E01002819,3. Associate professional and technical occupations,90,45,45
E01002819,4. Administrative and secretarial occupations,35,47,-12
E01002819,5. Skilled trades occupations,6,18,-12
E01002819,"6. Caring, leisure and other service occupations",28,54,-26
E01002819,7. Sales and customer service occupations,7,24,-17
E01002819,"8. Process, plant and machine operatives",6,4,2
E01002819,9. Elementary occupations,8,20,-12
E01002821,"1. Managers, directors and senior officials",210,220,-10
E01002821,2. Professional occupations,174,175,-1
E01002821,3. Associate professional and technical occupations,95,29,66
E01002821,4. Administrative and secretarial occupations,13,38,-25
E01002821,5. Skilled trades occupations,5,18,-13
E01002821,"6. Caring, leisure and other service occupations",32,41,-9
E01002821,7. Sales and customer service occupations,12,22,-10
E01002821,"8. Process, plant and machine operatives",1,7,-6
E01002821,9. Elementary occupations,6,19,-13
E01002823,"1. Managers, directors and senior officials",117,130,-13
E01002823,2. Professional occupations,132,88,44
E01002823,3. Associate professional and technical occupations,75,34,41
E01002823,4. Administrative and secretarial occupations,28,51,-23
E01002823,5. Skilled trades occupations,20,31,-11
E01002823,"6. Caring, leisure and other service occupations",55,61,-6
E01002823,7. Sales and customer service occupations,35,37,-2
E01002823,"8. Process, plant and machine operatives",18,18,0
E01002823,9. Elementary occupations,30,42,-12
E01002824,"1. Managers, directors and senior officials",211,243,-32
E01002824,2. Professional occupations,201,186,15
E01002824,3. Associate professional and technical occupations,109,34,75
E01002824,4. Administrative and secretarial occupations,35,45,-10
E01002824,5. Skilled trades occupations,5,26,-21
E01002824,"6. Caring, leisure and other service occupations",35,44,-9
E01002824,7. Sales and customer service occupations,29,33,-4
E01002824,"8. Process, plant and machine operatives",10,7,3
E01002824,9. Elementary occupations,9,29,-20
E01002825,"1. Managers, directors and senior officials",249,289,-40
E01002825,2. Professional occupations,238,202,36
E01002825,3. Associate professional and technical occupations,133,33,100
E01002825,4. Administrative and secretarial occupations,36,62,-26
E01002825,5. Skilled trades occupations,10,23,-13
E01002825,"6. Caring, leisure and other service occupations",63,59,4
E01002825,7. Sales and customer service occupations,20,35,-15
E01002825,"8. Process, plant and machine operatives",3,7,-4
E01002825,9. Elementary occupations,11,29,-18
E01002826,"1. Managers, directors and senior officials",192,213,-21
E01002826,2. Professional occupations,214,221,-7
E01002826,3. Associate professional and technical occupations,112,36,76
E01002826,4. Administrative and secretarial occupations,40,70,-30
E01002826,5. Skilled trades occupations,21,22,-1
E01002826,"6. Caring, leisure and other service occupations",27,33,-6
E01002826,7. Sales and customer service occupations,19,31,-12
E01002826,"8. Process, plant and machine operatives",11,7,4
E01002826,9. Elementary occupations,21,40,-19
E01002827,"1. Managers, directors and senior officials",298,326,-28
E01002827,2. Professional occupations,285,271,14
E01002827,3. Associate professional and technical occupations,188,50,138
E01002827,4. Administrative and secretarial occupations,50,53,-3
E01002827,5. Skilled trades occupations,20,19,1
E01002827,"6. Caring, leisure and other service occupations",42,37,5
E01002827,7. Sales and customer service occupations,33,19,14
E01002827,"8. Process, plant and machine operatives",6,2,4
E01002827,9. Elementary occupations,25,25,0
E01002828,"1. Managers, directors and senior officials",193,173,20
E01002828,2. Professional occupations,201,221,-20
E01002828,3. Associate professional and technical occupations,113,38,75
E01002828,4. Administrative and secretarial occupations,42,55,-13
E01002828,5. Skilled trades occupations,11,13,-2
E01002828,"6. Caring, leisure and other service occupations",20,22,-2
E01002828,7. Sales and customer service occupations,17,14,3
E01002828,"8. Process, plant and machine operatives",8,10,-2
E01002828,9. Elementary occupations,11,19,-8
E01002829,"1. Managers, directors and senior officials",142,181,-39
E01002829,2. Professional occupations,167,209,-42
E01002829,3. Associate professional and technical occupations,160,54,106
E01002829,4. Administrative and secretarial occupations,52,77,-25
E01002829,5. Skilled trades occupations,41,53,-12
E01002829,"6. Caring, leisure and other service occupations",46,61,-15
E01002829,7. Sales and customer service occupations,45,64,-19
E01002829,"8. Process, plant and machine operatives",42,31,11
E01002829,9. Elementary occupations,40,74,-34
E01002830,"1. Managers, directors and senior officials",124,129,-5
E01002830,2. Professional occupations,224,199,25
E01002830,3. Associate professional and technical occupations,183,49,134
E01002830,4. Administrative and secretarial occupations,48,91,-43
E01002830,5. Skilled trades occupations,57,52,5
E01002830,"6. Caring, leisure and other service occupations",70,54,16
E01002830,7. Sales and customer service occupations,57,65,-8
E01002830,"8. Process, plant and machine operatives",34,37,-3
E01002830,9. Elementary occupations,78,64,14
E01002831,"1. Managers, directors and senior officials",176,166,10
E01002831,2. Professional occupations,178,201,-23
E01002831,3. Associate professional and technical occupations,187,71,116
E01002831,4. Administrative and secretarial occupations,64,99,-35
E01002831,5. Skilled trades occupations,45,52,-7
E01002831,"6. Caring, leisure and other service occupations",55,62,-7
E01002831,7. Sales and customer service occupations,67,69,-2
E01002831,"8. Process, plant and machine operatives",39,32,7
E01002831,9. Elementary occupations,47,64,-17
E01002832,"1. Managers, directors and senior officials",162,133,29
E01002832,2. Professional occupations,219,151,68
E01002832,3. Associate professional and technical occupations,165,46,119
E01002832,4. Administrative and secretarial occupations,75,65,10
E01002832,5. Skilled trades occupations,19,36,-17
E01002832,"6. Caring, leisure and other service occupations",70,50,20
E01002832,7. Sales and customer service occupations,71,34,37
E01002832,"8. Process, plant and machine operatives",27,16,11
E01002832,9. Elementary occupations,56,52,4
E01002833,"1. Managers, directors and senior officials",195,213,-18
E01002833,2. Professional occupations,243,228,15
E01002833,3. Associate professional and technical occupations,143,45,98
E01002833,4. Administrative and secretarial occupations,32,57,-25
E01002833,5. Skilled trades occupations,12,24,-12
E01002833,"6. Caring, leisure and other service occupations",36,35,1
E01002833,7. Sales and customer service occupations,21,24,-3
E01002833,"8. Process, plant and machine operatives",21,8,13
E01002833,9. Elementary occupations,14,30,-16
E01002834,"1. Managers, directors and senior officials",210,194,16
E01002834,2. Professional occupations,184,163,21
E01002834,3. Associate professional and technical occupations,125,32,93
E01002834,4. Administrative and secretarial occupations,28,61,-33
E01002834,5. Skilled trades occupations,11,12,-1
E01002834,"6. Caring, leisure and other service occupations",24,25,-1
E01002834,7. Sales and customer service occupations,24,18,6
E01002834,"8. Process, plant and machine operatives",7,3,4
E01002834,9. Elementary occupations,16,22,-6
E01002835,"1. Managers, directors and senior officials",233,255,-22
E01002835,2. Professional occupations,255,192,63
E01002835,3. Associate professional and technical occupations,131,38,93
E01002835,4. Administrative and secretarial occupations,26,48,-22
E01002835,5. Skilled trades occupations,10,16,-6
E01002835,"6. Caring, leisure and other service occupations",25,23,2
E01002835,7. Sales and customer service occupations,19,16,3
E01002835,"8. Process, plant and machine operatives",2,3,-1
E01002835,9. Elementary occupations,24,14,10
E01002836,"1. Managers, directors and senior officials",241,235,6
E01002836,2. Professional occupations,241,193,48
E01002836,3. Associate professional and technical occupations,130,31,99
E01002836,4. Administrative and secretarial occupations,32,38,-6
E01002836,5. Skilled trades occupations,19,14,5
E01002836,"6. Caring, leisure and other service occupations",32,33,-1
E01002836,7. Sales and customer service occupations,17,19,-2
E01002836,"8. Process, plant and machine operatives",2,3,-1
E01002836,9. Elementary occupations,13,17,-4
E01002837,"1. Managers, directors and senior officials",186,266,-80
E01002837,2. Professional occupations,192,164,28
E01002837,3. Associate professional and technical occupations,92,44,48
E01002837,4. Administrative and secretarial occupations,22,39,-17
E01002837,5. Skilled trades occupations,7,13,-6
E01002837,"6. Caring, leisure and other service occupations",34,18,16
E01002837,7. Sales and customer service occupations,18,13,5
E01002837,"8. Process, plant and machine operatives",4,6,-2
E01002837,9. Elementary occupations,9,23,-14
E01002839,"1. Managers, directors and senior officials",207,198,9
E01002839,2. Professional occupations,270,227,43
E01002839,3. Associate professional and technical occupations,140,32,108
E01002839,4. Administrative and secretarial occupations,33,56,-23
E01002839,5. Skilled trades occupations,11,18,-7
E01002839,"6. Caring, leisure and other service occupations",66,16,50
E01002839,7. Sales and customer service occupations,29,35,-6
E01002839,"8. Process, plant and machine operatives",12,13,-1
E01002839,9. Elementary occupations,23,29,-6
E01002840,"1. Managers, directors and senior officials",62,83,-21
E01002840,2. Professional occupations,83,92,-9
E01002840,3. Associate professional and technical occupations,77,33,44
E01002840,4. Administrative and secretarial occupations,32,39,-7
E01002840,5. Skilled trades occupations,17,24,-7
E01002840,"6. Caring, leisure and other service occupations",42,63,-21
E01002840,7. Sales and customer service occupations,32,43,-11
E01002840,"8. Process, plant and machine operatives",24,22,2
E01002840,9. Elementary occupations,40,58,-18
E01002841,"1. Managers, directors and senior officials",178,158,20
E01002841,2. Professional occupations,159,121,38
E01002841,3. Associate professional and technical occupations,132,41,91
E01002841,4. Administrative and secretarial occupations,50,86,-36
E01002841,5. Skilled trades occupations,12,39,-27
E01002841,"6. Caring, leisure and other service occupations",39,37,2
E01002841,7. Sales and customer service occupations,23,52,-29
E01002841,"8. Process, plant and machine operatives",13,20,-7
E01002841,9. Elementary occupations,31,33,-2
E01002842,"1. Managers, directors and senior officials",36,37,-1
E01002842,2. Professional occupations,48,57,-9
E01002842,3. Associate professional and technical occupations,47,17,30
E01002842,4. Administrative and secretarial occupations,27,51,-24
E01002842,5. Skilled trades occupations,21,24,-3
E01002842,"6. Caring, leisure and other service occupations",45,55,-10
E01002842,7. Sales and customer service occupations,31,60,-29
E01002842,"8. Process, plant and machine operatives",27,34,-7
E01002842,9. Elementary occupations,52,44,8
E01002843,"1. Managers, directors and senior officials",72,55,17
E01002843,2. Professional occupations,96,91,5
E01002843,3. Associate professional and technical occupations,80,34,46
E01002843,4. Administrative and secretarial occupations,32,58,-26
E01002843,5. Skilled trades occupations,27,31,-4
E01002843,"6. Caring, leisure and other service occupations",57,60,-3
E01002843,7. Sales and customer service occupations,47,52,-5
E01002843,"8. Process, plant and machine operatives",28,27,1
E01002843,9. Elementary occupations,42,46,-4
E01002844,"1. Managers, directors and senior officials",189,213,-24
E01002844,2. Professional occupations,151,132,19
E01002844,3. Associate professional and technical occupations,109,35,74
E01002844,4. Administrative and secretarial occupations,24,65,-41
E01002844,5. Skilled trades occupations,11,18,-7
E01002844,"6. Caring, leisure and other service occupations",27,44,-17
E01002844,7. Sales and customer service occupations,13,23,-10
E01002844,"8. Process, plant and machine operatives",17,11,6
E01002844,9. Elementary occupations,15,31,-16
E01002845,"1. Managers, directors and senior officials",150,134,16
E01002845,2. Professional occupations,175,154,21
E01002845,3. Associate professional and technical occupations,96,40,56
E01002845,4. Administrative and secretarial occupations,29,53,-24
E01002845,5. Skilled trades occupations,19,16,3
E01002845,"6. Caring, leisure and other service occupations",35,41,-6
E01002845,7. Sales and customer service occupations,15,19,-4
E01002845,"8. Process, plant and machine operatives",5,8,-3
E01002845,9. Elementary occupations,9,47,-38
E01002846,"1. Managers, directors and senior officials",146,153,-7
E01002846,2. Professional occupations,214,200,14
E01002846,3. Associate professional and technical occupations,119,37,82
E01002846,4. Administrative and secretarial occupations,34,65,-31
E01002846,5. Skilled trades occupations,19,45,-26
E01002846,"6. Caring, leisure and other service occupations",38,53,-15
E01002846,7. Sales and customer service occupations,28,35,-7
E01002846,"8. Process, plant and machine operatives",14,22,-8
E01002846,9. Elementary occupations,41,43,-2
E01002847,"1. Managers, directors and senior officials",190,219,-29
E01002847,2. Professional occupations,314,243,71
E01002847,3. Associate professional and technical occupations,128,49,79
E01002847,4. Administrative and secretarial occupations,42,74,-32
E01002847,5. Skilled trades occupations,16,31,-15
E01002847,"6. Caring, leisure and other service occupations",45,45,0
E01002847,7. Sales and customer service occupations,20,24,-4
E01002847,"8. Process, plant and machine operatives",9,17,-8
E01002847,9. Elementary occupations,31,66,-35
E01002848,"1. Managers, directors and senior officials",157,147,10
E01002848,2. Professional occupations,239,216,23
E01002848,3. Associate professional and technical occupations,145,52,93
E01002848,4. Administrative and secretarial occupations,36,73,-37
E01002848,5. Skilled trades occupations,22,36,-14
E01002848,"6. Caring, leisure and other service occupations",52,57,-5
E01002848,7. Sales and customer service occupations,32,59,-27
E01002848,"8. Process, plant and machine operatives",7,17,-10
E01002848,9. Elementary occupations,25,48,-23
E01002849,"1. Managers, directors and senior officials",234,192,42
E01002849,2. Professional occupations,233,233,0
E01002849,3. Associate professional and technical occupations,131,43,88
E01002849,4. Administrative and secretarial occupations,44,65,-21
E01002849,5. Skilled trades occupations,14,20,-6
E01002849,"6. Caring, leisure and other service occupations",45,34,11
E01002849,7. Sales and customer service occupations,32,34,-2
E01002849,"8. Process, plant and machine operatives",18,13,5
E01002849,9. Elementary occupations,20,35,-15
E01002850,"1. Managers, directors and senior officials",191,135,56
E01002850,2. Professional occupations,210,168,42
E01002850,3. Associate professional and technical occupations,113,48,65
E01002850,4. Administrative and secretarial occupations,39,41,-2
E01002850,5. Skilled trades occupations,46,29,17
E01002850,"6. Caring, leisure and other service occupations",86,47,39
E01002850,7. Sales and customer service occupations,18,28,-10
E01002850,"8. Process, plant and machine operatives",13,18,-5
E01002850,9. Elementary occupations,17,42,-25
E01002851,"1. Managers, directors and senior officials",113,137,-24
E01002851,2. Professional occupations,166,176,-10
E01002851,3. Associate professional and technical occupations,109,43,66
E01002851,4. Administrative and secretarial occupations,23,67,-44
E01002851,5. Skilled trades occupations,26,33,-7
E01002851,"6. Caring, leisure and other service occupations",47,55,-8
E01002851,7. Sales and customer service occupations,43,58,-15
E01002851,"8. Process, plant and machine operatives",17,24,-7
E01002851,9. Elementary occupations,36,48,-12
E01002852,"1. Managers, directors and senior officials",117,83,34
E01002852,2. Professional occupations,185,122,63
E01002852,3. Associate professional and technical occupations,157,53,104
E01002852,4. Administrative and secretarial occupations,71,106,-35
E01002852,5. Skilled trades occupations,38,56,-18
E01002852,"6. Caring, leisure and other service occupations",123,130,-7
E01002852,7. Sales and customer service occupations,46,73,-27
E01002852,"8. Process, plant and machine operatives",46,49,-3
E01002852,9. Elementary occupations,107,132,-25
E01002853,"1. Managers, directors and senior officials",78,43,35
E01002853,2. Professional occupations,158,77,81
E01002853,3. Associate professional and technical occupations,139,21,118
E01002853,4. Administrative and secretarial occupations,40,31,9
E01002853,5. Skilled trades occupations,55,43,12
E01002853,"6. Caring, leisure and other service occupations",69,41,28
E01002853,7. Sales and customer service occupations,33,32,1
E01002853,"8. Process, plant and machine operatives",43,23,20
E01002853,9. Elementary occupations,41,49,-8
E01002854,"1. Managers, directors and senior officials",52,27,25
E01002854,2. Professional occupations,74,55,19
E01002854,3. Associate professional and technical occupations,57,29,28
E01002854,4. Administrative and secretarial occupations,46,42,4
E01002854,5. Skilled trades occupations,27,23,4
E01002854,"6. Caring, leisure and other service occupations",52,58,-6
E01002854,7. Sales and customer service occupations,58,51,7
E01002854,"8. Process, plant and machine operatives",37,21,16
E01002854,9. Elementary occupations,73,55,18
E01002855,"1. Managers, directors and senior officials",69,108,-39
E01002855,2. Professional occupations,133,168,-35
E01002855,3. Associate professional and technical occupations,132,60,72
E01002855,4. Administrative and secretarial occupations,45,80,-35
E01002855,5. Skilled trades occupations,39,50,-11
E01002855,"6. Caring, leisure and other service occupations",67,77,-10
E01002855,7. Sales and customer service occupations,55,72,-17
E01002855,"8. Process, plant and machine operatives",57,43,14
E01002855,9. Elementary occupations,77,75,2
E01002856,"1. Managers, directors and senior officials",130,106,24
E01002856,2. Professional occupations,176,168,8
E01002856,3. Associate professional and technical occupations,142,69,73
E01002856,4. Administrative and secretarial occupations,51,88,-37
E01002856,5. Skilled trades occupations,40,45,-5
E01002856,"6. Caring, leisure and other service occupations",57,43,14
E01002856,7. Sales and customer service occupations,54,37,17
E01002856,"8. Process, plant and machine operatives",12,21,-9
E01002856,9. Elementary occupations,36,76,-40
E01002857,"1. Managers, directors and senior officials",58,20,38
E01002857,2. Professional occupations,77,42,35
E01002857,3. Associate professional and technical occupations,66,34,32
E01002857,4. Administrative and secretarial occupations,59,35,24
E01002857,5. Skilled trades occupations,43,35,8
E01002857,"6. Caring, leisure and other service occupations",78,53,25
E01002857,7. Sales and customer service occupations,115,37,78
E01002857,"8. Process, plant and machine operatives",70,29,41
E01002857,9. Elementary occupations,91,84,7
E01002858,"1. Managers, directors and senior officials",92,98,-6
E01002858,2. Professional occupations,165,128,37
E01002858,3. Associate professional and technical occupations,113,34,79
E01002858,4. Administrative and secretarial occupations,52,57,-5
E01002858,5. Skilled trades occupations,28,18,10
E01002858,"6. Caring, leisure and other service occupations",45,23,22
E01002858,7. Sales and customer service occupations,62,37,25
E01002858,"8. Process, plant and machine operatives",32,13,19
E01002858,9. Elementary occupations,41,44,-3
E01002859,"1. Managers, directors and senior officials",237,280,-43
E01002859,2. Professional occupations,221,168,53
E01002859,3. Associate professional and technical occupations,93,29,64
E01002859,4. Administrative and secretarial occupations,31,62,-31
E01002859,5. Skilled trades occupations,15,28,-13
E01002859,"6. Caring, leisure and other service occupations",42,68,-26
E01002859,7. Sales and customer service occupations,16,21,-5
E01002859,"8. Process, plant and machine operatives",6,8,-2
E01002859,9. Elementary occupations,15,30,-15
E01002860,"1. Managers, directors and senior officials",201,257,-56
E01002860,2. Professional occupations,185,194,-9
E01002860,3. Associate professional and technical occupations,95,30,65
E01002860,4. Administrative and secretarial occupations,27,50,-23
E01002860,5. Skilled trades occupations,5,6,-1
E01002860,"6. Caring, leisure and other service occupations",21,31,-10
E01002860,7. Sales and customer service occupations,15,21,-6
E01002860,"8. Process, plant and machine operatives",4,4,0
E01002860,9. Elementary occupations,6,15,-9
E01002861,"1. Managers, directors and senior officials",197,193,4
E01002861,2. Professional occupations,150,165,-15
E01002861,3. Associate professional and technical occupations,95,32,63
E01002861,4. Administrative and secretarial occupations,33,60,-27
E01002861,5. Skilled trades occupations,17,24,-7
E01002861,"6. Caring, leisure and other service occupations",61,36,25
E01002861,7. Sales and customer service occupations,15,17,-2
E01002861,"8. Process, plant and machine operatives",8,7,1
E01002861,9. Elementary occupations,16,21,-5
E01002862,"1. Managers, directors and senior officials",108,153,-45
E01002862,2. Professional occupations,141,138,3
E01002862,3. Associate professional and technical occupations,82,54,28
E01002862,4. Administrative and secretarial occupations,38,108,-70
E01002862,5. Skilled trades occupations,16,29,-13
E01002862,"6. Caring, leisure and other service occupations",30,62,-32
E01002862,7. Sales and customer service occupations,30,52,-22
E01002862,"8. Process, plant and machine operatives",15,26,-11
E01002862,9. Elementary occupations,29,39,-10
E01002863,"1. Managers, directors and senior officials",223,266,-43
E01002863,2. Professional occupations,108,138,-30
E01002863,3. Associate professional and technical occupations,104,39,65
E01002863,4. Administrative and secretarial occupations,24,42,-18
E01002863,5. Skilled trades occupations,6,9,-3
E01002863,"6. Caring, leisure and other service occupations",63,68,-5
E01002863,7. Sales and customer service occupations,12,21,-9
E01002863,"8. Process, plant and machine operatives",3,6,-3
E01002863,9. Elementary occupations,19,28,-9
E01002864,"1. Managers, directors and senior officials",202,190,12
E01002864,2. Professional occupations,178,129,49
E01002864,3. Associate professional and technical occupations,116,24,92
E01002864,4. Administrative and secretarial occupations,28,37,-9
E01002864,5. Skilled trades occupations,29,11,18
E01002864,"6. Caring, leisure and other service occupations",43,55,-12
E01002864,7. Sales and customer service occupations,11,19,-8
E01002864,"8. Process, plant and machine operatives",1,5,-4
E01002864,9. Elementary occupations,14,22,-8
E01002865,"1. Managers, directors and senior officials",275,230,45
E01002865,2. Professional occupations,174,102,72
E01002865,3. Associate professional and technical occupations,88,25,63
E01002865,4. Administrative and secretarial occupations,20,39,-19
E01002865,5. Skilled trades occupations,9,8,1
E01002865,"6. Caring, leisure and other service occupations",63,24,39
E01002865,7. Sales and customer service occupations,11,12,-1
E01002865,"8. Process, plant and machine operatives",8,4,4
E01002865,9. Elementary occupations,15,30,-15
E01002866,"1. Managers, directors and senior officials",179,184,-5
E01002866,2. Professional occupations,264,241,23
E01002866,3. Associate professional and technical occupations,178,58,120
E01002866,4. Administrative and secretarial occupations,67,72,-5
E01002866,5. Skilled trades occupations,29,48,-19
E01002866,"6. Caring, leisure and other service occupations",95,64,31
E01002866,7. Sales and customer service occupations,39,39,0
E01002866,"8. Process, plant and machine operatives",14,16,-2
E01002866,9. Elementary occupations,59,54,5
E01002867,"1. Managers, directors and senior officials",219,184,35
E01002867,2. Professional occupations,284,251,33
E01002867,3. Associate professional and technical occupations,161,53,108
E01002867,4. Administrative and secretarial occupations,56,85,-29
E01002867,5. Skilled trades occupations,32,44,-12
E01002867,"6. Caring, leisure and other service occupations",37,54,-17
E01002867,7. Sales and customer service occupations,38,62,-24
E01002867,"8. Process, plant and machine operatives",8,22,-14
E01002867,9. Elementary occupations,37,64,-27
E01002868,"1. Managers, directors and senior officials",246,271,-25
E01002868,2. Professional occupations,159,172,-13
E01002868,3. Associate professional and technical occupations,88,22,66
E01002868,4. Administrative and secretarial occupations,27,50,-23
E01002868,5. Skilled trades occupations,10,17,-7
E01002868,"6. Caring, leisure and other service occupations",56,48,8
E01002868,7. Sales and customer service occupations,14,19,-5
E01002868,"8. Process, plant and machine operatives",7,11,-4
E01002868,9. Elementary occupations,17,29,-12
E01002869,"1. Managers, directors and senior officials",237,173,64
E01002869,2. Professional occupations,205,227,-22
E01002869,3. Associate professional and technical occupations,145,26,119
E01002869,4. Administrative and secretarial occupations,36,77,-41
E01002869,5. Skilled trades occupations,30,27,3
E01002869,"6. Caring, leisure and other service occupations",101,26,75
E01002869,7. Sales and customer service occupations,34,29,5
E01002869,"8. Process, plant and machine operatives",13,9,4
E01002869,9. Elementary occupations,15,27,-12
E01002870,"1. Managers, directors and senior officials",68,51,17
E01002870,2. Professional occupations,152,92,60
E01002870,3. Associate professional and technical occupations,108,39,69
E01002870,4. Administrative and secretarial occupations,67,69,-2
E01002870,5. Skilled trades occupations,50,49,1
E01002870,"6. Caring, leisure and other service occupations",71,62,9
E01002870,7. Sales and customer service occupations,64,40,24
E01002870,"8. Process, plant and machine operatives",36,30,6
E01002870,9. Elementary occupations,64,75,-11
E01002871,"1. Managers, directors and senior officials",236,262,-26
E01002871,2. Professional occupations,260,222,38
E01002871,3. Associate professional and technical occupations,139,28,111
E01002871,4. Administrative and secretarial occupations,24,56,-32
E01002871,5. Skilled trades occupations,20,22,-2
E01002871,"6. Caring, leisure and other service occupations",37,31,6
E01002871,7. Sales and customer service occupations,27,22,5
E01002871,"8. Process, plant and machine operatives",3,7,-4
E01002871,9. Elementary occupations,11,21,-10
E01002872,"1. Managers, directors and senior officials",103,94,9
E01002872,2. Professional occupations,125,101,24
E01002872,3. Associate professional and technical occupations,99,25,74
E01002872,4. Administrative and secretarial occupations,32,47,-15
E01002872,5. Skilled trades occupations,30,27,3
E01002872,"6. Caring, leisure and other service occupations",63,45,18
E01002872,7. Sales and customer service occupations,24,38,-14
E01002872,"8. Process, plant and machine operatives",17,36,-19
E01002872,9. Elementary occupations,45,61,-16
E01002873,"1. Managers, directors and senior officials",179,168,11
E01002873,2. Professional occupations,181,164,17
E01002873,3. Associate professional and technical occupations,146,37,109
E01002873,4. Administrative and secretarial occupations,58,56,2
E01002873,5. Skilled trades occupations,14,21,-7
E01002873,"6. Caring, leisure and other service occupations",47,41,6
E01002873,7. Sales and customer service occupations,29,25,4
E01002873,"8. Process, plant and machine operatives",13,8,5
E01002873,9. Elementary occupations,33,34,-1
E01002874,"1. Managers, directors and senior officials",170,152,18
E01002874,2. Professional occupations,159,176,-17
E01002874,3. Associate professional and technical occupations,113,43,70
E01002874,4. Administrative and secretarial occupations,40,50,-10
E01002874,5. Skilled trades occupations,22,27,-5
E01002874,"6. Caring, leisure and other service occupations",57,40,17
E01002874,7. Sales and customer service occupations,24,27,-3
E01002874,"8. Process, plant and machine operatives",20,14,6
E01002874,9. Elementary occupations,18,42,-24
E01002875,"1. Managers, directors and senior officials",208,205,3
E01002875,2. Professional occupations,190,154,36
E01002875,3. Associate professional and technical occupations,116,39,77
E01002875,4. Administrative and secretarial occupations,17,43,-26
E01002875,5. Skilled trades occupations,10,25,-15
E01002875,"6. Caring, leisure and other service occupations",47,50,-3
E01002875,7. Sales and customer service occupations,19,12,7
E01002875,"8. Process, plant and machine operatives",16,5,11
E01002875,9. Elementary occupations,23,18,5
E01002876,"1. Managers, directors and senior officials",206,143,63
E01002876,2. Professional occupations,168,201,-33
E01002876,3. Associate professional and technical occupations,161,54,107
E01002876,4. Administrative and secretarial occupations,57,67,-10
E01002876,5. Skilled trades occupations,27,50,-23
E01002876,"6. Caring, leisure and other service occupations",48,48,0
E01002876,7. Sales and customer service occupations,59,39,20
E01002876,"8. Process, plant and machine operatives",21,15,6
E01002876,9. Elementary occupations,56,40,16
E01002877,"1. Managers, directors and senior officials",155,69,86
E01002877,2. Professional occupations,173,98,75
E01002877,3. Associate professional and technical occupations,162,50,112
E01002877,4. Administrative and secretarial occupations,94,87,7
E01002877,5. Skilled trades occupations,29,51,-22
E01002877,"6. Caring, leisure and other service occupations",105,67,38
E01002877,7. Sales and customer service occupations,50,43,7
E01002877,"8. Process, plant and machine operatives",57,24,33
E01002877,9. Elementary occupations,110,87,23
E01002878,"1. Managers, directors and senior officials",174,132,42
E01002878,2. Professional occupations,186,201,-15
E01002878,3. Associate professional and technical occupations,145,62,83
E01002878,4. Administrative and secretarial occupations,50,93,-43
E01002878,5. Skilled trades occupations,28,42,-14
E01002878,"6. Caring, leisure and other service occupations",59,58,1
E01002878,7. Sales and customer service occupations,54,44,10
E01002878,"8. Process, plant and machine operatives",8,17,-9
E01002878,9. Elementary occupations,40,62,-22
E01002879,"1. Managers, directors and senior officials",85,60,25
E01002879,2. Professional occupations,156,122,34
E01002879,3. Associate professional and technical occupations,117,28,89
E01002879,4. Administrative and secretarial occupations,57,68,-11
E01002879,5. Skilled trades occupations,50,40,10
E01002879,"6. Caring, leisure and other service occupations",80,80,0
E01002879,7. Sales and customer service occupations,95,54,41
E01002879,"8. Process, plant and machine operatives",28,29,-1
E01002879,9. Elementary occupations,62,73,-11
E01002880,"1. Managers, directors and senior officials",48,55,-7
E01002880,2. Professional occupations,54,70,-16
E01002880,3. Associate professional and technical occupations,60,34,26
E01002880,4. Administrative and secretarial occupations,48,56,-8
E01002880,5. Skilled trades occupations,27,50,-23
E01002880,"6. Caring, leisure and other service occupations",53,55,-2
E01002880,7. Sales and customer service occupations,45,53,-8
E01002880,"8. Process, plant and machine operatives",32,37,-5
E01002880,9. Elementary occupations,50,97,-47
E01002881,"1. Managers, directors and senior officials",86,63,23
E01002881,2. Professional occupations,88,86,2
E01002881,3. Associate professional and technical occupations,86,33,53
E01002881,4. Administrative and secretarial occupations,50,62,-12
E01002881,5. Skilled trades occupations,42,38,4
E01002881,"6. Caring, leisure and other service occupations",62,59,3
E01002881,7. Sales and customer service occupations,43,47,-4
E01002881,"8. Process, plant and machine operatives",41,27,14
E01002881,9. Elementary occupations,68,75,-7
E01002882,"1. Managers, directors and senior officials",153,191,-38
E01002882,2. Professional occupations,140,153,-13
E01002882,3. Associate professional and technical occupations,104,33,71
E01002882,4. Administrative and secretarial occupations,25,45,-20
E01002882,5. Skilled trades occupations,13,14,-1
E01002882,"6. Caring, leisure and other service occupations",25,48,-23
E01002882,7. Sales and customer service occupations,21,23,-2
E01002882,"8. Process, plant and machine operatives",12,9,3
E01002882,9. Elementary occupations,12,26,-14
E01002883,"1. Managers, directors and senior officials",240,237,3
E01002883,2. Professional occupations,231,253,-22
E01002883,3. Associate professional and technical occupations,122,50,72
E01002883,4. Administrative and secretarial occupations,36,67,-31
E01002883,5. Skilled trades occupations,14,22,-8
E01002883,"6. Caring, leisure and other service occupations",37,39,-2
E01002883,7. Sales and customer service occupations,17,19,-2
E01002883,"8. Process, plant and machine operatives",5,5,0
E01002883,9. Elementary occupations,33,46,-13
E01002884,"1. Managers, directors and senior officials",170,177,-7
E01002884,2. Professional occupations,249,201,48
E01002884,3. Associate professional and technical occupations,115,43,72
E01002884,4. Administrative and secretarial occupations,60,65,-5
E01002884,5. Skilled trades occupations,31,27,4
E01002884,"6. Caring, leisure and other service occupations",42,39,3
E01002884,7. Sales and customer service occupations,35,42,-7
E01002884,"8. Process, plant and machine operatives",7,6,1
E01002884,9. Elementary occupations,31,44,-13
E01002885,"1. Managers, directors and senior officials",202,210,-8
E01002885,2. Professional occupations,289,280,9
E01002885,3. Associate professional and technical occupations,187,53,134
E01002885,4. Administrative and secretarial occupations,37,87,-50
E01002885,5. Skilled trades occupations,30,32,-2
E01002885,"6. Caring, leisure and other service occupations",29,52,-23
E01002885,7. Sales and customer service occupations,24,50,-26
E01002885,"8. Process, plant and machine operatives",14,7,7
E01002885,9. Elementary occupations,32,60,-28
E01002886,"1. Managers, directors and senior officials",226,254,-28
E01002886,2. Professional occupations,202,209,-7
E01002886,3. Associate professional and technical occupations,149,33,116
E01002886,4. Administrative and secretarial occupations,28,55,-27
E01002886,5. Skilled trades occupations,10,18,-8
E01002886,"6. Caring, leisure and other service occupations",34,44,-10
E01002886,7. Sales and customer service occupations,28,20,8
E01002886,"8. Process, plant and machine operatives",8,13,-5
E01002886,9. Elementary occupations,7,22,-15
E01002887,"1. Managers, directors and senior officials",182,246,-64
E01002887,2. Professional occupations,183,263,-80
E01002887,3. Associate professional and technical occupations,114,50,64
E01002887,4. Administrative and secretarial occupations,41,69,-28
E01002887,5. Skilled trades occupations,15,22,-7
E01002887,"6. Caring, leisure and other service occupations",15,40,-25
E01002887,7. Sales and customer service occupations,17,23,-6
E01002887,"8. Process, plant and machine operatives",4,5,-1
E01002887,9. Elementary occupations,10,15,-5
E01002888,"1. Managers, directors and senior officials",230,300,-70
E01002888,2. Professional occupations,243,275,-32
E01002888,3. Associate professional and technical occupations,140,67,73
E01002888,4. Administrative and secretarial occupations,33,100,-67
E01002888,5. Skilled trades occupations,21,15,6
E01002888,"6. Caring, leisure and other service occupations",24,33,-9
E01002888,7. Sales and customer service occupations,25,30,-5
E01002888,"8. Process, plant and machine operatives",6,4,2
E01002888,9. Elementary occupations,29,33,-4
E01002889,"1. Managers, directors and senior officials",213,226,-13
E01002889,2. Professional occupations,178,157,21
E01002889,3. Associate professional and technical occupations,102,22,80
E01002889,4. Administrative and secretarial occupations,40,43,-3
E01002889,5. Skilled trades occupations,16,11,5
E01002889,"6. Caring, leisure and other service occupations",71,35,36
E01002889,7. Sales and customer service occupations,20,24,-4
E01002889,"8. Process, plant and machine operatives",18,4,14
E01002889,9. Elementary occupations,13,27,-14
E01002890,"1. Managers, directors and senior officials",226,244,-18
E01002890,2. Professional occupations,168,173,-5
E01002890,3. Associate professional and technical occupations,94,30,64
E01002890,4. Administrative and secretarial occupations,23,45,-22
E01002890,5. Skilled trades occupations,5,13,-8
E01002890,"6. Caring, leisure and other service occupations",35,49,-14
E01002890,7. Sales and customer service occupations,8,13,-5
E01002890,"8. Process, plant and machine operatives",3,1,2
E01002890,9. Elementary occupations,12,28,-16
E01002891,"1. Managers, directors and senior officials",213,224,-11
E01002891,2. Professional occupations,158,159,-1
E01002891,3. Associate professional and technical occupations,89,39,50
E01002891,4. Administrative and secretarial occupations,28,34,-6
E01002891,5. Skilled trades occupations,25,9,16
E01002891,"6. Caring, leisure and other service occupations",28,46,-18
E01002891,7. Sales and customer service occupations,21,21,0
E01002891,"8. Process, plant and machine operatives",4,10,-6
E01002891,9. Elementary occupations,18,25,-7
E01002892,"1. Managers, directors and senior officials",224,247,-23
E01002892,2. Professional occupations,214,206,8
E01002892,3. Associate professional and technical occupations,105,47,58
E01002892,4. Administrative and secretarial occupations,22,69,-47
E01002892,5. Skilled trades occupations,9,16,-7
E01002892,"6. Caring, leisure and other service occupations",14,36,-22
E01002892,7. Sales and customer service occupations,23,25,-2
E01002892,"8. Process, plant and machine operatives",4,4,0
E01002892,9. Elementary occupations,21,18,3
E01002893,"1. Managers, directors and senior officials",229,227,2
E01002893,2. Professional occupations,285,242,43
E01002893,3. Associate professional and technical occupations,145,64,81
E01002893,4. Administrative and secretarial occupations,66,97,-31
E01002893,5. Skilled trades occupations,24,35,-11
E01002893,"6. Caring, leisure and other service occupations",41,50,-9
E01002893,7. Sales and customer service occupations,36,33,3
E01002893,"8. Process, plant and machine operatives",20,13,7
E01002893,9. Elementary occupations,24,27,-3
E01002894,"1. Managers, directors and senior officials",209,234,-25
E01002894,2. Professional occupations,239,199,40
E01002894,3. Associate professional and technical occupations,122,45,77
E01002894,4. Administrative and secretarial occupations,39,72,-33
E01002894,5. Skilled trades occupations,7,16,-9
E01002894,"6. Caring, leisure and other service occupations",40,29,11
E01002894,7. Sales and customer service occupations,19,25,-6
E01002894,"8. Process, plant and machine operatives",8,11,-3
E01002894,9. Elementary occupations,14,27,-13
E01002896,"1. Managers, directors and senior officials",297,314,-17
E01002896,2. Professional occupations,251,262,-11
E01002896,3. Associate professional and technical occupations,198,51,147
E01002896,4. Administrative and secretarial occupations,52,87,-35
E01002896,5. Skilled trades occupations,7,19,-12
E01002896,"6. Caring, leisure and other service occupations",42,47,-5
E01002896,7. Sales and customer service occupations,22,31,-9
E01002896,"8. Process, plant and machine operatives",12,7,5
E01002896,9. Elementary occupations,12,19,-7
E01002897,"1. Managers, directors and senior officials",214,167,47
E01002897,2. Professional occupations,270,192,78
E01002897,3. Associate professional and technical occupations,194,51,143
E01002897,4. Administrative and secretarial occupations,57,62,-5
E01002897,5. Skilled trades occupations,21,21,0
E01002897,"6. Caring, leisure and other service occupations",45,27,18
E01002897,7. Sales and customer service occupations,20,37,-17
E01002897,"8. Process, plant and machine operatives",12,18,-6
E01002897,9. Elementary occupations,27,26,1
E01002898,"1. Managers, directors and senior officials",260,278,-18
E01002898,2. Professional occupations,185,162,23
E01002898,3. Associate professional and technical occupations,120,47,73
E01002898,4. Administrative and secretarial occupations,26,44,-18
E01002898,5. Skilled trades occupations,10,14,-4
E01002898,"6. Caring, leisure and other service occupations",74,37,37
E01002898,7. Sales and customer service occupations,23,24,-1
E01002898,"8. Process, plant and machine operatives",7,4,3
E01002898,9. Elementary occupations,21,12,9
E01002899,"1. Managers, directors and senior officials",166,175,-9
E01002899,2. Professional occupations,128,154,-26
E01002899,3. Associate professional and technical occupations,82,30,52
E01002899,4. Administrative and secretarial occupations,43,62,-19
E01002899,5. Skilled trades occupations,23,28,-5
E01002899,"6. Caring, leisure and other service occupations",36,45,-9
E01002899,7. Sales and customer service occupations,29,56,-27
E01002899,"8. Process, plant and machine operatives",11,13,-2
E01002899,9. Elementary occupations,30,40,-10
E01002900,"1. Managers, directors and senior officials",203,242,-39
E01002900,2. Professional occupations,288,166,122
E01002900,3. Associate professional and technical occupations,194,40,154
E01002900,4. Administrative and secretarial occupations,71,55,16
E01002900,5. Skilled trades occupations,34,16,18
E01002900,"6. Caring, leisure and other service occupations",134,53,81
E01002900,7. Sales and customer service occupations,24,24,0
E01002900,"8. Process, plant and machine operatives",18,5,13
E01002900,9. Elementary occupations,58,25,33
E01002901,"1. Managers, directors and senior officials",137,142,-5
E01002901,2. Professional occupations,119,108,11
E01002901,3. Associate professional and technical occupations,65,23,42
E01002901,4. Administrative and secretarial occupations,22,34,-12
E01002901,5. Skilled trades occupations,16,13,3
E01002901,"6. Caring, leisure and other service occupations",21,29,-8
E01002901,7. Sales and customer service occupations,11,12,-1
E01002901,"8. Process, plant and machine operatives",6,6,0
E01002901,9. Elementary occupations,21,15,6
E01002902,"1. Managers, directors and senior officials",216,278,-62
E01002902,2. Professional occupations,194,202,-8
E01002902,3. Associate professional and technical occupations,103,44,59
E01002902,4. Administrative and secretarial occupations,32,74,-42
E01002902,5. Skilled trades occupations,19,28,-9
E01002902,"6. Caring, leisure and other service occupations",42,57,-15
E01002902,7. Sales and customer service occupations,23,32,-9
E01002902,"8. Process, plant and machine operatives",8,7,1
E01002902,9. Elementary occupations,1,31,-30
E01002903,"1. Managers, directors and senior officials",254,313,-59
E01002903,2. Professional occupations,184,170,14
E01002903,3. Associate professional and technical occupations,96,33,63
E01002903,4. Administrative and secretarial occupations,24,45,-21
E01002903,5. Skilled trades occupations,8,19,-11
E01002903,"6. Caring, leisure and other service occupations",24,42,-18
E01002903,7. Sales and customer service occupations,12,22,-10
E01002903,"8. Process, plant and machine operatives",11,3,8
E01002903,9. Elementary occupations,12,17,-5
E01002904,"1. Managers, directors and senior officials",44,32,12
E01002904,2. Professional occupations,75,45,30
E01002904,3. Associate professional and technical occupations,61,20,41
E01002904,4. Administrative and secretarial occupations,29,47,-18
E01002904,5. Skilled trades occupations,23,41,-18
E01002904,"6. Caring, leisure and other service occupations",81,73,8
E01002904,7. Sales and customer service occupations,52,45,7
E01002904,"8. Process, plant and machine operatives",52,27,25
E01002904,9. Elementary occupations,50,71,-21
E01002905,"1. Managers, directors and senior officials",124,83,41
E01002905,2. Professional occupations,107,115,-8
E01002905,3. Associate professional and technical occupations,105,33,72
E01002905,4. Administrative and secretarial occupations,50,69,-19
E01002905,5. Skilled trades occupations,35,40,-5
E01002905,"6. Caring, leisure and other service occupations",52,58,-6
E01002905,7. Sales and customer service occupations,55,65,-10
E01002905,"8. Process, plant and machine operatives",42,39,3
E01002905,9. Elementary occupations,77,69,8
E01002906,"1. Managers, directors and senior officials",125,97,28
E01002906,2. Professional occupations,158,148,10
E01002906,3. Associate professional and technical occupations,118,53,65
E01002906,4. Administrative and secretarial occupations,75,91,-16
E01002906,5. Skilled trades occupations,58,56,2
E01002906,"6. Caring, leisure and other service occupations",88,52,36
E01002906,7. Sales and customer service occupations,60,42,18
E01002906,"8. Process, plant and machine operatives",40,18,22
E01002906,9. Elementary occupations,56,65,-9
E01002907,"1. Managers, directors and senior officials",30,34,-4
E01002907,2. Professional occupations,62,49,13
E01002907,3. Associate professional and technical occupations,51,19,32
E01002907,4. Administrative and secretarial occupations,39,53,-14
E01002907,5. Skilled trades occupations,33,35,-2
E01002907,"6. Caring, leisure and other service occupations",58,59,-1
E01002907,7. Sales and customer service occupations,34,42,-8
E01002907,"8. Process, plant and machine operatives",31,50,-19
E01002907,9. Elementary occupations,73,52,21
E01002908,"1. Managers, directors and senior officials",127,102,25
E01002908,2. Professional occupations,166,160,6
E01002908,3. Associate professional and technical occupations,139,50,89
E01002908,4. Administrative and secretarial occupations,45,66,-21
E01002908,5. Skilled trades occupations,47,52,-5
E01002908,"6. Caring, leisure and other service occupations",59,59,0
E01002908,7. Sales and customer service occupations,34,36,-2
E01002908,"8. Process, plant and machine operatives",21,14,7
E01002908,9. Elementary occupations,52,57,-5
E01002909,"1. Managers, directors and senior officials",263,211,52
E01002909,2. Professional occupations,271,264,7
E01002909,3. Associate professional and technical occupations,247,100,147
E01002909,4. Administrative and secretarial occupations,72,86,-14
E01002909,5. Skilled trades occupations,60,71,-11
E01002909,"6. Caring, leisure and other service occupations",103,70,33
E01002909,7. Sales and customer service occupations,76,62,14
E01002909,"8. Process, plant and machine operatives",36,25,11
E01002909,9. Elementary occupations,56,47,9
E01002910,"1. Managers, directors and senior officials",206,184,22
E01002910,2. Professional occupations,176,165,11
E01002910,3. Associate professional and technical occupations,85,35,50
E01002910,4. Administrative and secretarial occupations,28,68,-40
E01002910,5. Skilled trades occupations,5,11,-6
E01002910,"6. Caring, leisure and other service occupations",104,45,59
E01002910,7. Sales and customer service occupations,19,21,-2
E01002910,"8. Process, plant and machine operatives",4,7,-3
E01002910,9. Elementary occupations,11,13,-2
E01002911,"1. Managers, directors and senior officials",283,272,11
E01002911,2. Professional occupations,164,197,-33
E01002911,3. Associate professional and technical occupations,105,34,71
E01002911,4. Administrative and secretarial occupations,36,55,-19
E01002911,5. Skilled trades occupations,10,15,-5
E01002911,"6. Caring, leisure and other service occupations",36,63,-27
E01002911,7. Sales and customer service occupations,19,26,-7
E01002911,"8. Process, plant and machine operatives",10,5,5
E01002911,9. Elementary occupations,16,10,6
E01002912,"1. Managers, directors and senior officials",183,207,-24
E01002912,2. Professional occupations,297,303,-6
E01002912,3. Associate professional and technical occupations,154,50,104
E01002912,4. Administrative and secretarial occupations,42,66,-24
E01002912,5. Skilled trades occupations,9,17,-8
E01002912,"6. Caring, leisure and other service occupations",34,45,-11
E01002912,7. Sales and customer service occupations,31,29,2
E01002912,"8. Process, plant and machine operatives",12,9,3
E01002912,9. Elementary occupations,50,23,27
E01002913,"1. Managers, directors and senior officials",253,259,-6
E01002913,2. Professional occupations,277,202,75
E01002913,3. Associate professional and technical occupations,153,46,107
E01002913,4. Administrative and secretarial occupations,45,58,-13
E01002913,5. Skilled trades occupations,17,39,-22
E01002913,"6. Caring, leisure and other service occupations",56,58,-2
E01002913,7. Sales and customer service occupations,34,54,-20
E01002913,"8. Process, plant and machine operatives",12,12,0
E01002913,9. Elementary occupations,26,47,-21
E01002914,"1. Managers, directors and senior officials",201,220,-19
E01002914,2. Professional occupations,146,237,-91
E01002914,3. Associate professional and technical occupations,94,38,56
E01002914,4. Administrative and secretarial occupations,35,49,-14
E01002914,5. Skilled trades occupations,10,14,-4
E01002914,"6. Caring, leisure and other service occupations",36,40,-4
E01002914,7. Sales and customer service occupations,15,22,-7
E01002914,"8. Process, plant and machine operatives",1,4,-3
E01002914,9. Elementary occupations,11,15,-4
E01002915,"1. Managers, directors and senior officials",105,93,12
E01002915,2. Professional occupations,146,124,22
E01002915,3. Associate professional and technical occupations,77,43,34
E01002915,4. Administrative and secretarial occupations,67,99,-32
E01002915,5. Skilled trades occupations,54,72,-18
E01002915,"6. Caring, leisure and other service occupations",49,68,-19
E01002915,7. Sales and customer service occupations,57,73,-16
E01002915,"8. Process, plant and machine operatives",37,42,-5
E01002915,9. Elementary occupations,43,51,-8
E01002916,"1. Managers, directors and senior officials",131,92,39
E01002916,2. Professional occupations,210,158,52
E01002916,3. Associate professional and technical occupations,94,60,34
E01002916,4. Administrative and secretarial occupations,68,95,-27
E01002916,5. Skilled trades occupations,48,69,-21
E01002916,"6. Caring, leisure and other service occupations",36,65,-29
E01002916,7. Sales and customer service occupations,38,48,-10
E01002916,"8. Process, plant and machine operatives",15,30,-15
E01002916,9. Elementary occupations,38,41,-3
E01002917,"1. Managers, directors and senior officials",139,80,59
E01002917,2. Professional occupations,197,167,30
E01002917,3. Associate professional and technical occupations,100,40,60
E01002917,4. Administrative and secretarial occupations,66,89,-23
E01002917,5. Skilled trades occupations,50,62,-12
E01002917,"6. Caring, leisure and other service occupations",29,57,-28
E01002917,7. Sales and customer service occupations,57,59,-2
E01002917,"8. Process, plant and machine operatives",30,23,7
E01002917,9. Elementary occupations,30,42,-12
E01002918,"1. Managers, directors and senior officials",103,70,33
E01002918,2. Professional occupations,180,128,52
E01002918,3. Associate professional and technical occupations,91,43,48
E01002918,4. Administrative and secretarial occupations,100,106,-6
E01002918,5. Skilled trades occupations,110,87,23
E01002918,"6. Caring, leisure and other service occupations",91,101,-10
E01002918,7. Sales and customer service occupations,110,90,20
E01002918,"8. Process, plant and machine operatives",52,49,3
E01002918,9. Elementary occupations,112,122,-10
E01002919,"1. Managers, directors and senior officials",103,88,15
E01002919,2. Professional occupations,197,119,78
E01002919,3. Associate professional and technical occupations,99,40,59
E01002919,4. Administrative and secretarial occupations,91,107,-16
E01002919,5. Skilled trades occupations,95,89,6
E01002919,"6. Caring, leisure and other service occupations",120,84,36
E01002919,7. Sales and customer service occupations,123,91,32
E01002919,"8. Process, plant and machine operatives",45,49,-4
E01002919,9. Elementary occupations,104,101,3
E01002920,"1. Managers, directors and senior officials",170,107,63
E01002920,2. Professional occupations,241,186,55
E01002920,3. Associate professional and technical occupations,106,68,38
E01002920,4. Administrative and secretarial occupations,75,117,-42
E01002920,5. Skilled trades occupations,55,48,7
E01002920,"6. Caring, leisure and other service occupations",41,62,-21
E01002920,7. Sales and customer service occupations,40,48,-8
E01002920,"8. Process, plant and machine operatives",25,25,0
E01002920,9. Elementary occupations,32,45,-13
E01002921,"1. Managers, directors and senior officials",158,125,33
E01002921,2. Professional occupations,305,266,39
E01002921,3. Associate professional and technical occupations,196,84,112
E01002921,4. Administrative and secretarial occupations,60,85,-25
E01002921,5. Skilled trades occupations,86,63,23
E01002921,"6. Caring, leisure and other service occupations",82,76,6
E01002921,7. Sales and customer service occupations,51,49,2
E01002921,"8. Process, plant and machine operatives",32,9,23
E01002921,9. Elementary occupations,107,43,64
E01002922,"1. Managers, directors and senior officials",157,121,36
E01002922,2. Professional occupations,305,316,-11
E01002922,3. Associate professional and technical occupations,147,72,75
E01002922,4. Administrative and secretarial occupations,74,127,-53
E01002922,5. Skilled trades occupations,29,59,-30
E01002922,"6. Caring, leisure and other service occupations",35,58,-23
E01002922,7. Sales and customer service occupations,35,62,-27
E01002922,"8. Process, plant and machine operatives",18,11,7
E01002922,9. Elementary occupations,31,36,-5
E01002923,"1. Managers, directors and senior officials",99,55,44
E01002923,2. Professional occupations,156,132,24
E01002923,3. Associate professional and technical occupations,115,39,76
E01002923,4. Administrative and secretarial occupations,54,70,-16
E01002923,5. Skilled trades occupations,65,41,24
E01002923,"6. Caring, leisure and other service occupations",75,56,19
E01002923,7. Sales and customer service occupations,86,84,2
E01002923,"8. Process, plant and machine operatives",26,26,0
E01002923,9. Elementary occupations,100,65,35
E01002924,"1. Managers, directors and senior officials",155,101,54
E01002924,2. Professional occupations,268,200,68
E01002924,3. Associate professional and technical occupations,102,46,56
E01002924,4. Administrative and secretarial occupations,70,100,-30
E01002924,5. Skilled trades occupations,32,46,-14
E01002924,"6. Caring, leisure and other service occupations",37,50,-13
E01002924,7. Sales and customer service occupations,27,38,-11
E01002924,"8. Process, plant and machine operatives",12,13,-1
E01002924,9. Elementary occupations,18,28,-10
E01002925,"1. Managers, directors and senior officials",167,125,42
E01002925,2. Professional occupations,348,250,98
E01002925,3. Associate professional and technical occupations,178,62,116
E01002925,4. Administrative and secretarial occupations,73,80,-7
E01002925,5. Skilled trades occupations,53,52,1
E01002925,"6. Caring, leisure and other service occupations",58,43,15
E01002925,7. Sales and customer service occupations,42,45,-3
E01002925,"8. Process, plant and machine operatives",30,18,12
E01002925,9. Elementary occupations,50,38,12
E01002926,"1. Managers, directors and senior officials",160,104,56
E01002926,2. Professional occupations,231,199,32
E01002926,3. Associate professional and technical occupations,142,39,103
E01002926,4. Administrative and secretarial occupations,75,100,-25
E01002926,5. Skilled trades occupations,44,44,0
E01002926,"6. Caring, leisure and other service occupations",60,65,-5
E01002926,7. Sales and customer service occupations,33,43,-10
E01002926,"8. Process, plant and machine operatives",35,19,16
E01002926,9. Elementary occupations,45,46,-1
E01002927,"1. Managers, directors and senior officials",136,92,44
E01002927,2. Professional occupations,207,167,40
E01002927,3. Associate professional and technical occupations,123,50,73
E01002927,4. Administrative and secretarial occupations,78,105,-27
E01002927,5. Skilled trades occupations,68,58,10
E01002927,"6. Caring, leisure and other service occupations",37,56,-19
E01002927,7. Sales and customer service occupations,78,73,5
E01002927,"8. Process, plant and machine operatives",22,24,-2
E01002927,9. Elementary occupations,53,52,1
E01002928,"1. Managers, directors and senior officials",171,113,58
E01002928,2. Professional occupations,233,198,35
E01002928,3. Associate professional and technical occupations,115,41,74
E01002928,4. Administrative and secretarial occupations,64,100,-36
E01002928,5. Skilled trades occupations,65,57,8
E01002928,"6. Caring, leisure and other service occupations",88,63,25
E01002928,7. Sales and customer service occupations,70,62,8
E01002928,"8. Process, plant and machine operatives",38,21,17
E01002928,9. Elementary occupations,83,44,39
E01002929,"1. Managers, directors and senior officials",190,139,51
E01002929,2. Professional occupations,278,251,27
E01002929,3. Associate professional and technical occupations,130,59,71
E01002929,4. Administrative and secretarial occupations,73,102,-29
E01002929,5. Skilled trades occupations,44,44,0
E01002929,"6. Caring, leisure and other service occupations",25,46,-21
E01002929,7. Sales and customer service occupations,33,43,-10
E01002929,"8. Process, plant and machine operatives",11,16,-5
E01002929,9. Elementary occupations,25,25,0
E01002930,"1. Managers, directors and senior officials",152,99,53
E01002930,2. Professional occupations,318,210,108
E01002930,3. Associate professional and technical occupations,166,56,110
E01002930,4. Administrative and secretarial occupations,83,96,-13
E01002930,5. Skilled trades occupations,70,60,10
E01002930,"6. Caring, leisure and other service occupations",76,69,7
E01002930,7. Sales and customer service occupations,68,91,-23
E01002930,"8. Process, plant and machine operatives",39,25,14
E01002930,9. Elementary occupations,79,84,-5
E01002931,"1. Managers, directors and senior officials",209,140,69
E01002931,2. Professional occupations,333,263,70
E01002931,3. Associate professional and technical occupations,166,68,98
E01002931,4. Administrative and secretarial occupations,70,116,-46
E01002931,5. Skilled trades occupations,47,55,-8
E01002931,"6. Caring, leisure and other service occupations",54,63,-9
E01002931,7. Sales and customer service occupations,48,64,-16
E01002931,"8. Process, plant and machine operatives",14,25,-11
E01002931,9. Elementary occupations,43,38,5
E01002932,"1. Managers, directors and senior officials",77,55,22
E01002932,2. Professional occupations,157,137,20
E01002932,3. Associate professional and technical occupations,104,39,65
E01002932,4. Administrative and secretarial occupations,81,96,-15
E01002932,5. Skilled trades occupations,84,83,1
E01002932,"6. Caring, leisure and other service occupations",103,77,26
E01002932,7. Sales and customer service occupations,100,81,19
E01002932,"8. Process, plant and machine operatives",50,43,7
E01002932,9. Elementary occupations,85,113,-28
E01002933,"1. Managers, directors and senior officials",190,130,60
E01002933,2. Professional occupations,291,230,61
E01002933,3. Associate professional and technical occupations,171,81,90
E01002933,4. Administrative and secretarial occupations,62,82,-20
E01002933,5. Skilled trades occupations,37,41,-4
E01002933,"6. Caring, leisure and other service occupations",73,70,3
E01002933,7. Sales and customer service occupations,73,66,7
E01002933,"8. Process, plant and machine operatives",21,31,-10
E01002933,9. Elementary occupations,53,66,-13
E01002934,"1. Managers, directors and senior officials",245,174,71
E01002934,2. Professional occupations,303,289,14
E01002934,3. Associate professional and technical occupations,207,93,114
E01002934,4. Administrative and secretarial occupations,64,96,-32
E01002934,5. Skilled trades occupations,25,44,-19
E01002934,"6. Caring, leisure and other service occupations",39,52,-13
E01002934,7. Sales and customer service occupations,21,50,-29
E01002934,"8. Process, plant and machine operatives",16,18,-2
E01002934,9. Elementary occupations,34,43,-9
E01002935,"1. Managers, directors and senior officials",178,159,19
E01002935,2. Professional occupations,376,302,74
E01002935,3. Associate professional and technical occupations,164,79,85
E01002935,4. Administrative and secretarial occupations,69,77,-8
E01002935,5. Skilled trades occupations,59,52,7
E01002935,"6. Caring, leisure and other service occupations",75,59,16
E01002935,7. Sales and customer service occupations,48,77,-29
E01002935,"8. Process, plant and machine operatives",36,18,18
E01002935,9. Elementary occupations,48,97,-49
E01002937,"1. Managers, directors and senior officials",250,180,70
E01002937,2. Professional occupations,322,270,52
E01002937,3. Associate professional and technical occupations,165,64,101
E01002937,4. Administrative and secretarial occupations,75,88,-13
E01002937,5. Skilled trades occupations,38,40,-2
E01002937,"6. Caring, leisure and other service occupations",39,39,0
E01002937,7. Sales and customer service occupations,27,49,-22
E01002937,"8. Process, plant and machine operatives",4,14,-10
E01002937,9. Elementary occupations,31,30,1
E01002938,"1. Managers, directors and senior officials",226,186,40
E01002938,2. Professional occupations,352,324,28
E01002938,3. Associate professional and technical occupations,183,69,114
E01002938,4. Administrative and secretarial occupations,78,87,-9
E01002938,5. Skilled trades occupations,41,53,-12
E01002938,"6. Caring, leisure and other service occupations",51,52,-1
E01002938,7. Sales and customer service occupations,31,45,-14
E01002938,"8. Process, plant and machine operatives",13,12,1
E01002938,9. Elementary occupations,26,34,-8
E01002939,"1. Managers, directors and senior officials",92,64,28
E01002939,2. Professional occupations,160,129,31
E01002939,3. Associate professional and technical occupations,116,53,63
E01002939,4. Administrative and secretarial occupations,90,100,-10
E01002939,5. Skilled trades occupations,82,89,-7
E01002939,"6. Caring, leisure and other service occupations",77,88,-11
E01002939,7. Sales and customer service occupations,66,74,-8
E01002939,"8. Process, plant and machine operatives",59,49,10
E01002939,9. Elementary occupations,91,97,-6
E01002940,"1. Managers, directors and senior officials",105,77,28
E01002940,2. Professional occupations,136,78,58
E01002940,3. Associate professional and technical occupations,103,43,60
E01002940,4. Administrative and secretarial occupations,91,121,-30
E01002940,5. Skilled trades occupations,113,106,7
E01002940,"6. Caring, leisure and other service occupations",78,86,-8
E01002940,7. Sales and customer service occupations,52,84,-32
E01002940,"8. Process, plant and machine operatives",41,43,-2
E01002940,9. Elementary occupations,89,83,6
E01002941,"1. Managers, directors and senior officials",129,87,42
E01002941,2. Professional occupations,180,135,45
E01002941,3. Associate professional and technical occupations,127,61,66
E01002941,4. Administrative and secretarial occupations,85,108,-23
E01002941,5. Skilled trades occupations,77,73,4
E01002941,"6. Caring, leisure and other service occupations",75,74,1
E01002941,7. Sales and customer service occupations,51,61,-10
E01002941,"8. Process, plant and machine operatives",37,31,6
E01002941,9. Elementary occupations,76,60,16
E01002942,"1. Managers, directors and senior officials",89,60,29
E01002942,2. Professional occupations,152,113,39
E01002942,3. Associate professional and technical occupations,95,39,56
E01002942,4. Administrative and secretarial occupations,81,115,-34
E01002942,5. Skilled trades occupations,85,89,-4
E01002942,"6. Caring, leisure and other service occupations",64,66,-2
E01002942,7. Sales and customer service occupations,36,55,-19
E01002942,"8. Process, plant and machine operatives",31,36,-5
E01002942,9. Elementary occupations,57,68,-11
E01002943,"1. Managers, directors and senior officials",97,57,40
E01002943,2. Professional occupations,144,81,63
E01002943,3. Associate professional and technical occupations,91,50,41
E01002943,4. Administrative and secretarial occupations,65,77,-12
E01002943,5. Skilled trades occupations,97,86,11
E01002943,"6. Caring, leisure and other service occupations",88,80,8
E01002943,7. Sales and customer service occupations,62,68,-6
E01002943,"8. Process, plant and machine operatives",46,54,-8
E01002943,9. Elementary occupations,71,85,-14
E01002944,"1. Managers, directors and senior officials",84,80,4
E01002944,2. Professional occupations,118,84,34
E01002944,3. Associate professional and technical occupations,95,55,40
E01002944,4. Administrative and secretarial occupations,97,118,-21
E01002944,5. Skilled trades occupations,72,85,-13
E01002944,"6. Caring, leisure and other service occupations",69,65,4
E01002944,7. Sales and customer service occupations,52,61,-9
E01002944,"8. Process, plant and machine operatives",46,40,6
E01002944,9. Elementary occupations,67,67,0
E01002945,"1. Managers, directors and senior officials",132,90,42
E01002945,2. Professional occupations,160,130,30
E01002945,3. Associate professional and technical occupations,118,68,50
E01002945,4. Administrative and secretarial occupations,129,140,-11
E01002945,5. Skilled trades occupations,95,116,-21
E01002945,"6. Caring, leisure and other service occupations",89,101,-12
E01002945,7. Sales and customer service occupations,62,55,7
E01002945,"8. Process, plant and machine operatives",47,57,-10
E01002945,9. Elementary occupations,63,79,-16
E01002946,"1. Managers, directors and senior officials",106,74,32
E01002946,2. Professional occupations,165,113,52
E01002946,3. Associate professional and technical occupations,136,74,62
E01002946,4. Administrative and secretarial occupations,107,134,-27
E01002946,5. Skilled trades occupations,100,106,-6
E01002946,"6. Caring, leisure and other service occupations",80,70,10
E01002946,7. Sales and customer service occupations,33,65,-32
E01002946,"8. Process, plant and machine operatives",37,42,-5
E01002946,9. Elementary occupations,59,65,-6
E01002947,"1. Managers, directors and senior officials",121,85,36
E01002947,2. Professional occupations,162,138,24
E01002947,3. Associate professional and technical occupations,132,63,69
E01002947,4. Administrative and secretarial occupations,90,123,-33
E01002947,5. Skilled trades occupations,117,117,0
E01002947,"6. Caring, leisure and other service occupations",90,104,-14
E01002947,7. Sales and customer service occupations,70,77,-7
E01002947,"8. Process, plant and machine operatives",38,37,1
E01002947,9. Elementary occupations,62,83,-21
E01002948,"1. Managers, directors and senior officials",169,140,29
E01002948,2. Professional occupations,202,175,27
E01002948,3. Associate professional and technical occupations,157,64,93
E01002948,4. Administrative and secretarial occupations,120,160,-40
E01002948,5. Skilled trades occupations,132,81,51
E01002948,"6. Caring, leisure and other service occupations",137,124,13
E01002948,7. Sales and customer service occupations,67,88,-21
E01002948,"8. Process, plant and machine operatives",65,49,16
E01002948,9. Elementary occupations,94,81,13
E01002949,"1. Managers, directors and senior officials",114,114,0
E01002949,2. Professional occupations,204,158,46
E01002949,3. Associate professional and technical occupations,153,67,86
E01002949,4. Administrative and secretarial occupations,109,110,-1
E01002949,5. Skilled trades occupations,111,99,12
E01002949,"6. Caring, leisure and other service occupations",85,97,-12
E01002949,7. Sales and customer service occupations,74,103,-29
E01002949,"8. Process, plant and machine operatives",53,53,0
E01002949,9. Elementary occupations,55,80,-25
E01002950,"1. Managers, directors and senior officials",99,77,22
E01002950,2. Professional occupations,164,114,50
E01002950,3. Associate professional and technical occupations,113,49,64
E01002950,4. Administrative and secretarial occupations,90,128,-38
E01002950,5. Skilled trades occupations,87,81,6
E01002950,"6. Caring, leisure and other service occupations",89,85,4
E01002950,7. Sales and customer service occupations,68,68,0
E01002950,"8. Process, plant and machine operatives",37,34,3
E01002950,9. Elementary occupations,85,97,-12
E01002951,"1. Managers, directors and senior officials",146,119,27
E01002951,2. Professional occupations,299,250,49
E01002951,3. Associate professional and technical occupations,119,70,49
E01002951,4. Administrative and secretarial occupations,51,67,-16
E01002951,5. Skilled trades occupations,36,25,11
E01002951,"6. Caring, leisure and other service occupations",29,49,-20
E01002951,7. Sales and customer service occupations,21,35,-14
E01002951,"8. Process, plant and machine operatives",8,11,-3
E01002951,9. Elementary occupations,31,29,2
E01002952,"1. Managers, directors and senior officials",211,201,10
E01002952,2. Professional occupations,176,165,11
E01002952,3. Associate professional and technical occupations,72,30,42
E01002952,4. Administrative and secretarial occupations,40,67,-27
E01002952,5. Skilled trades occupations,4,12,-8
E01002952,"6. Caring, leisure and other service occupations",20,42,-22
E01002952,7. Sales and customer service occupations,17,19,-2
E01002952,"8. Process, plant and machine operatives",16,6,10
E01002952,9. Elementary occupations,11,23,-12
E01002953,"1. Managers, directors and senior officials",150,147,3
E01002953,2. Professional occupations,194,137,57
E01002953,3. Associate professional and technical occupations,86,40,46
E01002953,4. Administrative and secretarial occupations,39,62,-23
E01002953,5. Skilled trades occupations,23,26,-3
E01002953,"6. Caring, leisure and other service occupations",41,42,-1
E01002953,7. Sales and customer service occupations,16,29,-13
E01002953,"8. Process, plant and machine operatives",20,25,-5
E01002953,9. Elementary occupations,24,45,-21
E01002954,"1. Managers, directors and senior officials",82,63,19
E01002954,2. Professional occupations,278,270,8
E01002954,3. Associate professional and technical occupations,92,40,52
E01002954,4. Administrative and secretarial occupations,42,61,-19
E01002954,5. Skilled trades occupations,31,22,9
E01002954,"6. Caring, leisure and other service occupations",45,34,11
E01002954,7. Sales and customer service occupations,26,45,-19
E01002954,"8. Process, plant and machine operatives",27,16,11
E01002954,9. Elementary occupations,36,35,1
E01002955,"1. Managers, directors and senior officials",156,105,51
E01002955,2. Professional occupations,198,153,45
E01002955,3. Associate professional and technical occupations,92,55,37
E01002955,4. Administrative and secretarial occupations,53,75,-22
E01002955,5. Skilled trades occupations,47,39,8
E01002955,"6. Caring, leisure and other service occupations",56,44,12
E01002955,7. Sales and customer service occupations,49,68,-19
E01002955,"8. Process, plant and machine operatives",24,17,7
E01002955,9. Elementary occupations,43,59,-16
E01002956,"1. Managers, directors and senior officials",125,109,16
E01002956,2. Professional occupations,125,111,14
E01002956,3. Associate professional and technical occupations,72,34,38
E01002956,4. Administrative and secretarial occupations,52,54,-2
E01002956,5. Skilled trades occupations,32,27,5
E01002956,"6. Caring, leisure and other service occupations",40,49,-9
E01002956,7. Sales and customer service occupations,35,57,-22
E01002956,"8. Process, plant and machine operatives",10,20,-10
E01002956,9. Elementary occupations,39,41,-2
E01002957,"1. Managers, directors and senior officials",87,78,9
E01002957,2. Professional occupations,188,105,83
E01002957,3. Associate professional and technical occupations,112,36,76
E01002957,4. Administrative and secretarial occupations,54,63,-9
E01002957,5. Skilled trades occupations,57,63,-6
E01002957,"6. Caring, leisure and other service occupations",64,83,-19
E01002957,7. Sales and customer service occupations,79,100,-21
E01002957,"8. Process, plant and machine operatives",32,36,-4
E01002957,9. Elementary occupations,89,93,-4
E01002958,"1. Managers, directors and senior officials",156,111,45
E01002958,2. Professional occupations,311,252,59
E01002958,3. Associate professional and technical occupations,159,58,101
E01002958,4. Administrative and secretarial occupations,86,110,-24
E01002958,5. Skilled trades occupations,72,68,4
E01002958,"6. Caring, leisure and other service occupations",51,76,-25
E01002958,7. Sales and customer service occupations,45,54,-9
E01002958,"8. Process, plant and machine operatives",14,29,-15
E01002958,9. Elementary occupations,29,46,-17
E01002959,"1. Managers, directors and senior officials",169,116,53
E01002959,2. Professional occupations,235,223,12
E01002959,3. Associate professional and technical occupations,100,30,70
E01002959,4. Administrative and secretarial occupations,53,71,-18
E01002959,5. Skilled trades occupations,12,18,-6
E01002959,"6. Caring, leisure and other service occupations",19,22,-3
E01002959,7. Sales and customer service occupations,14,29,-15
E01002959,"8. Process, plant and machine operatives",1,12,-11
E01002959,9. Elementary occupations,10,15,-5
E01002960,"1. Managers, directors and senior officials",154,121,33
E01002960,2. Professional occupations,290,235,55
E01002960,3. Associate professional and technical occupations,130,34,96
E01002960,4. Administrative and secretarial occupations,61,74,-13
E01002960,5. Skilled trades occupations,25,45,-20
E01002960,"6. Caring, leisure and other service occupations",52,44,8
E01002960,7. Sales and customer service occupations,54,61,-7
E01002960,"8. Process, plant and machine operatives",13,18,-5
E01002960,9. Elementary occupations,27,38,-11
E01002961,"1. Managers, directors and senior officials",166,129,37
E01002961,2. Professional occupations,304,272,32
E01002961,3. Associate professional and technical occupations,119,60,59
E01002961,4. Administrative and secretarial occupations,82,91,-9
E01002961,5. Skilled trades occupations,39,42,-3
E01002961,"6. Caring, leisure and other service occupations",34,51,-17
E01002961,7. Sales and customer service occupations,55,56,-1
E01002961,"8. Process, plant and machine operatives",20,21,-1
E01002961,9. Elementary occupations,21,33,-12
E01002962,"1. Managers, directors and senior officials",101,56,45
E01002962,2. Professional occupations,188,135,53
E01002962,3. Associate professional and technical occupations,84,32,52
E01002962,4. Administrative and secretarial occupations,62,90,-28
E01002962,5. Skilled trades occupations,72,68,4
E01002962,"6. Caring, leisure and other service occupations",73,80,-7
E01002962,7. Sales and customer service occupations,75,66,9
E01002962,"8. Process, plant and machine operatives",40,41,-1
E01002962,9. Elementary occupations,70,97,-27
E01002963,"1. Managers, directors and senior officials",169,91,78
E01002963,2. Professional occupations,271,241,30
E01002963,3. Associate professional and technical occupations,137,55,82
E01002963,4. Administrative and secretarial occupations,78,106,-28
E01002963,5. Skilled trades occupations,57,67,-10
E01002963,"6. Caring, leisure and other service occupations",69,77,-8
E01002963,7. Sales and customer service occupations,66,60,6
E01002963,"8. Process, plant and machine operatives",30,23,7
E01002963,9. Elementary occupations,72,56,16
E01002964,"1. Managers, directors and senior officials",170,131,39
E01002964,2. Professional occupations,284,242,42
E01002964,3. Associate professional and technical occupations,205,77,128
E01002964,4. Administrative and secretarial occupations,77,83,-6
E01002964,5. Skilled trades occupations,64,73,-9
E01002964,"6. Caring, leisure and other service occupations",101,67,34
E01002964,7. Sales and customer service occupations,93,122,-29
E01002964,"8. Process, plant and machine operatives",33,23,10
E01002964,9. Elementary occupations,98,106,-8
E01002965,"1. Managers, directors and senior officials",223,159,64
E01002965,2. Professional occupations,355,304,51
E01002965,3. Associate professional and technical occupations,199,103,96
E01002965,4. Administrative and secretarial occupations,73,118,-45
E01002965,5. Skilled trades occupations,65,52,13
E01002965,"6. Caring, leisure and other service occupations",63,64,-1
E01002965,7. Sales and customer service occupations,94,130,-36
E01002965,"8. Process, plant and machine operatives",30,26,4
E01002965,9. Elementary occupations,105,105,0
E01002966,"1. Managers, directors and senior officials",203,165,38
E01002966,2. Professional occupations,321,266,55
E01002966,3. Associate professional and technical occupations,226,73,153
E01002966,4. Administrative and secretarial occupations,64,102,-38
E01002966,5. Skilled trades occupations,64,70,-6
E01002966,"6. Caring, leisure and other service occupations",49,66,-17
E01002966,7. Sales and customer service occupations,55,68,-13
E01002966,"8. Process, plant and machine operatives",23,12,11
E01002966,9. Elementary occupations,48,58,-10
E01002967,"1. Managers, directors and senior officials",195,177,18
E01002967,2. Professional occupations,423,414,9
E01002967,3. Associate professional and technical occupations,220,80,140
E01002967,4. Administrative and secretarial occupations,67,107,-40
E01002967,5. Skilled trades occupations,43,42,1
E01002967,"6. Caring, leisure and other service occupations",51,45,6
E01002967,7. Sales and customer service occupations,48,61,-13
E01002967,"8. Process, plant and machine operatives",15,13,2
E01002967,9. Elementary occupations,41,51,-10
E01002968,"1. Managers, directors and senior officials",271,204,67
E01002968,2. Professional occupations,458,315,143
E01002968,3. Associate professional and technical occupations,240,82,158
E01002968,4. Administrative and secretarial occupations,91,112,-21
E01002968,5. Skilled trades occupations,85,58,27
E01002968,"6. Caring, leisure and other service occupations",92,63,29
E01002968,7. Sales and customer service occupations,119,143,-24
E01002968,"8. Process, plant and machine operatives",40,29,11
E01002968,9. Elementary occupations,100,96,4
E01002969,"1. Managers, directors and senior officials",41,43,-2
E01002969,2. Professional occupations,80,75,5
E01002969,3. Associate professional and technical occupations,82,20,62
E01002969,4. Administrative and secretarial occupations,40,55,-15
E01002969,5. Skilled trades occupations,48,59,-11
E01002969,"6. Caring, leisure and other service occupations",96,92,4
E01002969,7. Sales and customer service occupations,96,100,-4
E01002969,"8. Process, plant and machine operatives",61,77,-16
E01002969,9. Elementary occupations,100,138,-38
E01002970,"1. Managers, directors and senior officials",120,60,60
E01002970,2. Professional occupations,229,131,98
E01002970,3. Associate professional and technical occupations,102,35,67
E01002970,4. Administrative and secretarial occupations,71,78,-7
E01002970,5. Skilled trades occupations,72,67,5
E01002970,"6. Caring, leisure and other service occupations",93,95,-2
E01002970,7. Sales and customer service occupations,57,92,-35
E01002970,"8. Process, plant and machine operatives",57,52,5
E01002970,9. Elementary occupations,98,119,-21
E01002971,"1. Managers, directors and senior officials",154,115,39
E01002971,2. Professional occupations,319,248,71
E01002971,3. Associate professional and technical occupations,151,67,84
E01002971,4. Administrative and secretarial occupations,62,83,-21
E01002971,5. Skilled trades occupations,56,66,-10
E01002971,"6. Caring, leisure and other service occupations",83,48,35
E01002971,7. Sales and customer service occupations,48,90,-42
E01002971,"8. Process, plant and machine operatives",19,34,-15
E01002971,9. Elementary occupations,68,100,-32
E01002972,"1. Managers, directors and senior officials",149,97,52
E01002972,2. Professional occupations,312,256,56
E01002972,3. Associate professional and technical occupations,182,60,122
E01002972,4. Administrative and secretarial occupations,69,96,-27
E01002972,5. Skilled trades occupations,74,57,17
E01002972,"6. Caring, leisure and other service occupations",67,84,-17
E01002972,7. Sales and customer service occupations,89,110,-21
E01002972,"8. Process, plant and machine operatives",29,19,10
E01002972,9. Elementary occupations,59,74,-15
E01002973,"1. Managers, directors and senior officials",63,63,0
E01002973,2. Professional occupations,141,81,60
E01002973,3. Associate professional and technical occupations,66,29,37
E01002973,4. Administrative and secretarial occupations,48,56,-8
E01002973,5. Skilled trades occupations,88,78,10
E01002973,"6. Caring, leisure and other service occupations",77,66,11
E01002973,7. Sales and customer service occupations,74,107,-33
E01002973,"8. Process, plant and machine operatives",43,32,11
E01002973,9. Elementary occupations,91,102,-11
E01002974,"1. Managers, directors and senior officials",168,121,47
E01002974,2. Professional occupations,276,251,25
E01002974,3. Associate professional and technical occupations,131,68,63
E01002974,4. Administrative and secretarial occupations,85,95,-10
E01002974,5. Skilled trades occupations,56,59,-3
E01002974,"6. Caring, leisure and other service occupations",71,69,2
E01002974,7. Sales and customer service occupations,67,83,-16
E01002974,"8. Process, plant and machine operatives",30,35,-5
E01002974,9. Elementary occupations,77,64,13
E01002975,"1. Managers, directors and senior officials",137,98,39
E01002975,2. Professional occupations,153,139,14
E01002975,3. Associate professional and technical occupations,84,31,53
E01002975,4. Administrative and secretarial occupations,74,89,-15
E01002975,5. Skilled trades occupations,44,72,-28
E01002975,"6. Caring, leisure and other service occupations",37,44,-7
E01002975,7. Sales and customer service occupations,57,58,-1
E01002975,"8. Process, plant and machine operatives",36,31,5
E01002975,9. Elementary occupations,51,48,3
E01002976,"1. Managers, directors and senior officials",128,118,10
E01002976,2. Professional occupations,244,163,81
E01002976,3. Associate professional and technical occupations,142,52,90
E01002976,4. Administrative and secretarial occupations,90,131,-41
E01002976,5. Skilled trades occupations,94,87,7
E01002976,"6. Caring, leisure and other service occupations",52,73,-21
E01002976,7. Sales and customer service occupations,44,53,-9
E01002976,"8. Process, plant and machine operatives",42,46,-4
E01002976,9. Elementary occupations,45,58,-13
E01002977,"1. Managers, directors and senior officials",108,74,34
E01002977,2. Professional occupations,134,102,32
E01002977,3. Associate professional and technical occupations,85,56,29
E01002977,4. Administrative and secretarial occupations,75,110,-35
E01002977,5. Skilled trades occupations,80,67,13
E01002977,"6. Caring, leisure and other service occupations",88,69,19
E01002977,7. Sales and customer service occupations,57,65,-8
E01002977,"8. Process, plant and machine operatives",50,54,-4
E01002977,9. Elementary occupations,72,67,5
E01002978,"1. Managers, directors and senior officials",188,144,44
E01002978,2. Professional occupations,261,223,38
E01002978,3. Associate professional and technical occupations,139,50,89
E01002978,4. Administrative and secretarial occupations,85,127,-42
E01002978,5. Skilled trades occupations,62,72,-10
E01002978,"6. Caring, leisure and other service occupations",57,91,-34
E01002978,7. Sales and customer service occupations,61,63,-2
E01002978,"8. Process, plant and machine operatives",21,31,-10
E01002978,9. Elementary occupations,34,43,-9
E01002979,"1. Managers, directors and senior officials",129,114,15
E01002979,2. Professional occupations,209,175,34
E01002979,3. Associate professional and technical occupations,103,59,44
E01002979,4. Administrative and secretarial occupations,92,120,-28
E01002979,5. Skilled trades occupations,39,70,-31
E01002979,"6. Caring, leisure and other service occupations",51,71,-20
E01002979,7. Sales and customer service occupations,43,58,-15
E01002979,"8. Process, plant and machine operatives",21,31,-10
E01002979,9. Elementary occupations,34,31,3
E01002980,"1. Managers, directors and senior officials",152,107,45
E01002980,2. Professional occupations,155,130,25
E01002980,3. Associate professional and technical occupations,81,38,43
E01002980,4. Administrative and secretarial occupations,70,117,-47
E01002980,5. Skilled trades occupations,48,64,-16
E01002980,"6. Caring, leisure and other service occupations",48,46,2
E01002980,7. Sales and customer service occupations,51,60,-9
E01002980,"8. Process, plant and machine operatives",21,25,-4
E01002980,9. Elementary occupations,35,45,-10
E01002981,"1. Managers, directors and senior officials",124,122,2
E01002981,2. Professional occupations,201,164,37
E01002981,3. Associate professional and technical occupations,96,32,64
E01002981,4. Administrative and secretarial occupations,85,95,-10
E01002981,5. Skilled trades occupations,65,62,3
E01002981,"6. Caring, leisure and other service occupations",52,57,-5
E01002981,7. Sales and customer service occupations,53,53,0
E01002981,"8. Process, plant and machine operatives",33,29,4
E01002981,9. Elementary occupations,47,42,5
E01002982,"1. Managers, directors and senior officials",123,66,57
E01002982,2. Professional occupations,172,140,32
E01002982,3. Associate professional and technical occupations,103,27,76
E01002982,4. Administrative and secretarial occupations,78,91,-13
E01002982,5. Skilled trades occupations,40,52,-12
E01002982,"6. Caring, leisure and other service occupations",64,58,6
E01002982,7. Sales and customer service occupations,45,54,-9
E01002982,"8. Process, plant and machine operatives",28,32,-4
E01002982,9. Elementary occupations,39,72,-33
E01002983,"1. Managers, directors and senior officials",152,125,27
E01002983,2. Professional occupations,262,184,78
E01002983,3. Associate professional and technical occupations,110,43,67
E01002983,4. Administrative and secretarial occupations,89,133,-44
E01002983,5. Skilled trades occupations,43,50,-7
E01002983,"6. Caring, leisure and other service occupations",46,54,-8
E01002983,7. Sales and customer service occupations,61,64,-3
E01002983,"8. Process, plant and machine operatives",24,43,-19
E01002983,9. Elementary occupations,27,34,-7
E01002984,"1. Managers, directors and senior officials",121,97,24
E01002984,2. Professional occupations,179,158,21
E01002984,3. Associate professional and technical occupations,86,33,53
E01002984,4. Administrative and secretarial occupations,49,61,-12
E01002984,5. Skilled trades occupations,48,36,12
E01002984,"6. Caring, leisure and other service occupations",47,35,12
E01002984,7. Sales and customer service occupations,33,53,-20
E01002984,"8. Process, plant and machine operatives",18,14,4
E01002984,9. Elementary occupations,32,41,-9
E01002985,"1. Managers, directors and senior officials",99,104,-5
E01002985,2. Professional occupations,199,170,29
E01002985,3. Associate professional and technical occupations,119,43,76
E01002985,4. Administrative and secretarial occupations,74,90,-16
E01002985,5. Skilled trades occupations,84,57,27
E01002985,"6. Caring, leisure and other service occupations",57,82,-25
E01002985,7. Sales and customer service occupations,96,93,3
E01002985,"8. Process, plant and machine operatives",45,28,17
E01002985,9. Elementary occupations,83,70,13
E01002986,"1. Managers, directors and senior officials",125,100,25
E01002986,2. Professional occupations,164,143,21
E01002986,3. Associate professional and technical occupations,78,41,37
E01002986,4. Administrative and secretarial occupations,50,68,-18
E01002986,5. Skilled trades occupations,26,39,-13
E01002986,"6. Caring, leisure and other service occupations",37,55,-18
E01002986,7. Sales and customer service occupations,32,38,-6
E01002986,"8. Process, plant and machine operatives",25,31,-6
E01002986,9. Elementary occupations,37,35,2
E01002987,"1. Managers, directors and senior officials",156,127,29
E01002987,2. Professional occupations,368,242,126
E01002987,3. Associate professional and technical occupations,244,101,143
E01002987,4. Administrative and secretarial occupations,89,108,-19
E01002987,5. Skilled trades occupations,70,48,22
E01002987,"6. Caring, leisure and other service occupations",68,45,23
E01002987,7. Sales and customer service occupations,69,69,0
E01002987,"8. Process, plant and machine operatives",33,22,11
E01002987,9. Elementary occupations,83,69,14
E01002988,"1. Managers, directors and senior officials",143,125,18
E01002988,2. Professional occupations,292,223,69
E01002988,3. Associate professional and technical occupations,158,45,113
E01002988,4. Administrative and secretarial occupations,54,92,-38
E01002988,5. Skilled trades occupations,30,23,7
E01002988,"6. Caring, leisure and other service occupations",38,59,-21
E01002988,7. Sales and customer service occupations,48,98,-50
E01002988,"8. Process, plant and machine operatives",16,11,5
E01002988,9. Elementary occupations,47,76,-29
E01002989,"1. Managers, directors and senior officials",274,226,48
E01002989,2. Professional occupations,460,427,33
E01002989,3. Associate professional and technical occupations,257,102,155
E01002989,4. Administrative and secretarial occupations,90,101,-11
E01002989,5. Skilled trades occupations,44,48,-4
E01002989,"6. Caring, leisure and other service occupations",38,36,2
E01002989,7. Sales and customer service occupations,25,45,-20
E01002989,"8. Process, plant and machine operatives",12,17,-5
E01002989,9. Elementary occupations,33,25,8
E01002990,"1. Managers, directors and senior officials",185,158,27
E01002990,2. Professional occupations,394,361,33
E01002990,3. Associate professional and technical occupations,217,76,141
E01002990,4. Administrative and secretarial occupations,95,118,-23
E01002990,5. Skilled trades occupations,44,55,-11
E01002990,"6. Caring, leisure and other service occupations",60,54,6
E01002990,7. Sales and customer service occupations,55,61,-6
E01002990,"8. Process, plant and machine operatives",25,18,7
E01002990,9. Elementary occupations,50,62,-12
E01002991,"1. Managers, directors and senior officials",194,131,63
E01002991,2. Professional occupations,297,282,15
E01002991,3. Associate professional and technical occupations,150,61,89
E01002991,4. Administrative and secretarial occupations,75,109,-34
E01002991,5. Skilled trades occupations,53,43,10
E01002991,"6. Caring, leisure and other service occupations",48,49,-1
E01002991,7. Sales and customer service occupations,37,71,-34
E01002991,"8. Process, plant and machine operatives",16,23,-7
E01002991,9. Elementary occupations,42,50,-8
E01002992,"1. Managers, directors and senior officials",108,69,39
E01002992,2. Professional occupations,211,173,38
E01002992,3. Associate professional and technical occupations,92,44,48
E01002992,4. Administrative and secretarial occupations,48,74,-26
E01002992,5. Skilled trades occupations,29,46,-17
E01002992,"6. Caring, leisure and other service occupations",43,39,4
E01002992,7. Sales and customer service occupations,49,122,-73
E01002992,"8. Process, plant and machine operatives",25,17,8
E01002992,9. Elementary occupations,50,96,-46
E01002993,"1. Managers, directors and senior officials",132,117,15
E01002993,2. Professional occupations,333,318,15
E01002993,3. Associate professional and technical occupations,181,85,96
E01002993,4. Administrative and secretarial occupations,69,113,-44
E01002993,5. Skilled trades occupations,59,51,8
E01002993,"6. Caring, leisure and other service occupations",47,42,5
E01002993,7. Sales and customer service occupations,51,54,-3
E01002993,"8. Process, plant and machine operatives",28,22,6
E01002993,9. Elementary occupations,42,38,4
E01002994,"1. Managers, directors and senior officials",143,125,18
E01002994,2. Professional occupations,245,214,31
E01002994,3. Associate professional and technical occupations,122,77,45
E01002994,4. Administrative and secretarial occupations,50,84,-34
E01002994,5. Skilled trades occupations,27,37,-10
E01002994,"6. Caring, leisure and other service occupations",49,47,2
E01002994,7. Sales and customer service occupations,29,47,-18
E01002994,"8. Process, plant and machine operatives",23,14,9
E01002994,9. Elementary occupations,26,29,-3
E01002995,"1. Managers, directors and senior officials",209,155,54
E01002995,2. Professional occupations,283,269,14
E01002995,3. Associate professional and technical occupations,163,39,124
E01002995,4. Administrative and secretarial occupations,54,76,-22
E01002995,5. Skilled trades occupations,20,19,1
E01002995,"6. Caring, leisure and other service occupations",37,28,9
E01002995,7. Sales and customer service occupations,23,39,-16
E01002995,"8. Process, plant and machine operatives",14,13,1
E01002995,9. Elementary occupations,13,18,-5
E01002996,"1. Managers, directors and senior officials",157,113,44
E01002996,2. Professional occupations,247,251,-4
E01002996,3. Associate professional and technical occupations,142,68,74
E01002996,4. Administrative and secretarial occupations,63,78,-15
E01002996,5. Skilled trades occupations,56,45,11
E01002996,"6. Caring, leisure and other service occupations",43,58,-15
E01002996,7. Sales and customer service occupations,40,66,-26
E01002996,"8. Process, plant and machine operatives",21,14,7
E01002996,9. Elementary occupations,44,52,-8
E01002997,"1. Managers, directors and senior officials",211,116,95
E01002997,2. Professional occupations,263,248,15
E01002997,3. Associate professional and technical occupations,147,65,82
E01002997,4. Administrative and secretarial occupations,74,95,-21
E01002997,5. Skilled trades occupations,33,45,-12
E01002997,"6. Caring, leisure and other service occupations",56,44,12
E01002997,7. Sales and customer service occupations,34,43,-9
E01002997,"8. Process, plant and machine operatives",12,22,-10
E01002997,9. Elementary occupations,19,35,-16
E01002998,"1. Managers, directors and senior officials",117,90,27
E01002998,2. Professional occupations,216,176,40
E01002998,3. Associate professional and technical occupations,130,53,77
E01002998,4. Administrative and secretarial occupations,60,74,-14
E01002998,5. Skilled trades occupations,59,52,7
E01002998,"6. Caring, leisure and other service occupations",69,64,5
E01002998,7. Sales and customer service occupations,48,71,-23
E01002998,"8. Process, plant and machine operatives",29,34,-5
E01002998,9. Elementary occupations,60,70,-10
E01002999,"1. Managers, directors and senior officials",123,111,12
E01002999,2. Professional occupations,283,239,44
E01002999,3. Associate professional and technical occupations,186,68,118
E01002999,4. Administrative and secretarial occupations,71,95,-24
E01002999,5. Skilled trades occupations,59,39,20
E01002999,"6. Caring, leisure and other service occupations",55,44,11
E01002999,7. Sales and customer service occupations,35,60,-25
E01002999,"8. Process, plant and machine operatives",32,15,17
E01002999,9. Elementary occupations,73,51,22
E01003000,"1. Managers, directors and senior officials",118,64,54
E01003000,2. Professional occupations,228,119,109
E01003000,3. Associate professional and technical occupations,133,44,89
E01003000,4. Administrative and secretarial occupations,79,91,-12
E01003000,5. Skilled trades occupations,81,73,8
E01003000,"6. Caring, leisure and other service occupations",84,77,7
E01003000,7. Sales and customer service occupations,78,99,-21
E01003000,"8. Process, plant and machine operatives",42,45,-3
E01003000,9. Elementary occupations,73,99,-26
E01003001,"1. Managers, directors and senior officials",137,89,48
E01003001,2. Professional occupations,242,158,84
E01003001,3. Associate professional and technical occupations,113,58,55
E01003001,4. Administrative and secretarial occupations,100,140,-40
E01003001,5. Skilled trades occupations,76,119,-43
E01003001,"6. Caring, leisure and other service occupations",71,79,-8
E01003001,7. Sales and customer service occupations,113,110,3
E01003001,"8. Process, plant and machine operatives",48,47,1
E01003001,9. Elementary occupations,87,93,-6
E01003002,"1. Managers, directors and senior officials",142,109,33
E01003002,2. Professional occupations,261,218,43
E01003002,3. Associate professional and technical occupations,147,63,84
E01003002,4. Administrative and secretarial occupations,73,88,-15
E01003002,5. Skilled trades occupations,96,77,19
E01003002,"6. Caring, leisure and other service occupations",65,86,-21
E01003002,7. Sales and customer service occupations,56,83,-27
E01003002,"8. Process, plant and machine operatives",43,33,10
E01003002,9. Elementary occupations,88,79,9
E01003003,"1. Managers, directors and senior officials",122,80,42
E01003003,2. Professional occupations,179,168,11
E01003003,3. Associate professional and technical occupations,112,43,69
E01003003,4. Administrative and secretarial occupations,68,105,-37
E01003003,5. Skilled trades occupations,75,85,-10
E01003003,"6. Caring, leisure and other service occupations",82,71,11
E01003003,7. Sales and customer service occupations,72,109,-37
E01003003,"8. Process, plant and machine operatives",61,22,39
E01003003,9. Elementary occupations,95,87,8
E01003004,"1. Managers, directors and senior officials",126,90,36
E01003004,2. Professional occupations,190,155,35
E01003004,3. Associate professional and technical occupations,126,49,77
E01003004,4. Administrative and secretarial occupations,84,111,-27
E01003004,5. Skilled trades occupations,102,77,25
E01003004,"6. Caring, leisure and other service occupations",70,70,0
E01003004,7. Sales and customer service occupations,58,86,-28
E01003004,"8. Process, plant and machine operatives",53,35,18
E01003004,9. Elementary occupations,61,88,-27
E01003005,"1. Managers, directors and senior officials",111,76,35
E01003005,2. Professional occupations,139,113,26
E01003005,3. Associate professional and technical occupations,112,56,56
E01003005,4. Administrative and secretarial occupations,108,124,-16
E01003005,5. Skilled trades occupations,107,114,-7
E01003005,"6. Caring, leisure and other service occupations",85,75,10
E01003005,7. Sales and customer service occupations,49,53,-4
E01003005,"8. Process, plant and machine operatives",34,50,-16
E01003005,9. Elementary occupations,67,74,-7
E01003006,"1. Managers, directors and senior officials",177,133,44
E01003006,2. Professional occupations,202,201,1
E01003006,3. Associate professional and technical occupations,127,58,69
E01003006,4. Administrative and secretarial occupations,65,65,0
E01003006,5. Skilled trades occupations,30,39,-9
E01003006,"6. Caring, leisure and other service occupations",35,53,-18
E01003006,7. Sales and customer service occupations,29,37,-8
E01003006,"8. Process, plant and machine operatives",19,23,-4
E01003006,9. Elementary occupations,27,36,-9
E01003007,"1. Managers, directors and senior officials",172,110,62
E01003007,2. Professional occupations,229,213,16
E01003007,3. Associate professional and technical occupations,131,50,81
E01003007,4. Administrative and secretarial occupations,63,81,-18
E01003007,5. Skilled trades occupations,29,44,-15
E01003007,"6. Caring, leisure and other service occupations",37,53,-16
E01003007,7. Sales and customer service occupations,37,39,-2
E01003007,"8. Process, plant and machine operatives",11,25,-14
E01003007,9. Elementary occupations,29,38,-9
E01003008,"1. Managers, directors and senior officials",146,88,58
E01003008,2. Professional occupations,243,206,37
E01003008,3. Associate professional and technical occupations,112,52,60
E01003008,4. Administrative and secretarial occupations,58,92,-34
E01003008,5. Skilled trades occupations,18,52,-34
E01003008,"6. Caring, leisure and other service occupations",35,60,-25
E01003008,7. Sales and customer service occupations,34,31,3
E01003008,"8. Process, plant and machine operatives",8,22,-14
E01003008,9. Elementary occupations,25,21,4
E01003009,"1. Managers, directors and senior officials",180,143,37
E01003009,2. Professional occupations,318,262,56
E01003009,3. Associate professional and technical occupations,168,61,107
E01003009,4. Administrative and secretarial occupations,79,96,-17
E01003009,5. Skilled trades occupations,53,65,-12
E01003009,"6. Caring, leisure and other service occupations",74,88,-14
E01003009,7. Sales and customer service occupations,27,42,-15
E01003009,"8. Process, plant and machine operatives",26,25,1
E01003009,9. Elementary occupations,36,54,-18
E01003010,"1. Managers, directors and senior officials",182,117,65
E01003010,2. Professional occupations,242,235,7
E01003010,3. Associate professional and technical occupations,125,42,83
E01003010,4. Administrative and secretarial occupations,55,87,-32
E01003010,5. Skilled trades occupations,31,39,-8
E01003010,"6. Caring, leisure and other service occupations",43,58,-15
E01003010,7. Sales and customer service occupations,33,57,-24
E01003010,"8. Process, plant and machine operatives",6,10,-4
E01003010,9. Elementary occupations,13,25,-12
E01003011,"1. Managers, directors and senior officials",200,160,40
E01003011,2. Professional occupations,264,255,9
E01003011,3. Associate professional and technical occupations,139,56,83
E01003011,4. Administrative and secretarial occupations,74,86,-12
E01003011,5. Skilled trades occupations,21,40,-19
E01003011,"6. Caring, leisure and other service occupations",36,51,-15
E01003011,7. Sales and customer service occupations,26,59,-33
E01003011,"8. Process, plant and machine operatives",12,11,1
E01003011,9. Elementary occupations,21,36,-15
E01003013,"1. Managers, directors and senior officials",146,144,2
E01003013,2. Professional occupations,422,485,-63
E01003013,3. Associate professional and technical occupations,170,54,116
E01003013,4. Administrative and secretarial occupations,60,79,-19
E01003013,5. Skilled trades occupations,19,22,-3
E01003013,"6. Caring, leisure and other service occupations",33,44,-11
E01003013,7. Sales and customer service occupations,32,25,7
E01003013,"8. Process, plant and machine operatives",6,7,-1
E01003013,9. Elementary occupations,51,61,-10
E01003014,"1. Managers, directors and senior officials",95,107,-12
E01003014,2. Professional occupations,207,233,-26
E01003014,3. Associate professional and technical occupations,129,54,75
E01003014,4. Administrative and secretarial occupations,35,96,-61
E01003014,5. Skilled trades occupations,46,40,6
E01003014,"6. Caring, leisure and other service occupations",59,65,-6
E01003014,7. Sales and customer service occupations,34,73,-39
E01003014,"8. Process, plant and machine operatives",23,30,-7
E01003014,9. Elementary occupations,86,120,-34
E01003015,"1. Managers, directors and senior officials",90,67,23
E01003015,2. Professional occupations,239,125,114
E01003015,3. Associate professional and technical occupations,169,30,139
E01003015,4. Administrative and secretarial occupations,62,70,-8
E01003015,5. Skilled trades occupations,44,28,16
E01003015,"6. Caring, leisure and other service occupations",71,38,33
E01003015,7. Sales and customer service occupations,49,52,-3
E01003015,"8. Process, plant and machine operatives",45,29,16
E01003015,9. Elementary occupations,109,87,22
E01003016,"1. Managers, directors and senior officials",82,75,7
E01003016,2. Professional occupations,196,174,22
E01003016,3. Associate professional and technical occupations,84,33,51
E01003016,4. Administrative and secretarial occupations,40,53,-13
E01003016,5. Skilled trades occupations,20,16,4
E01003016,"6. Caring, leisure and other service occupations",31,23,8
E01003016,7. Sales and customer service occupations,28,43,-15
E01003016,"8. Process, plant and machine operatives",11,14,-3
E01003016,9. Elementary occupations,35,50,-15
E01003017,"1. Managers, directors and senior officials",121,129,-8
E01003017,2. Professional occupations,264,238,26
E01003017,3. Associate professional and technical occupations,142,45,97
E01003017,4. Administrative and secretarial occupations,76,93,-17
E01003017,5. Skilled trades occupations,38,46,-8
E01003017,"6. Caring, leisure and other service occupations",52,64,-12
E01003017,7. Sales and customer service occupations,40,63,-23
E01003017,"8. Process, plant and machine operatives",34,46,-12
E01003017,9. Elementary occupations,76,98,-22
E01003018,"1. Managers, directors and senior officials",215,170,45
E01003018,2. Professional occupations,547,407,140
E01003018,3. Associate professional and technical occupations,330,115,215
E01003018,4. Administrative and secretarial occupations,86,138,-52
E01003018,5. Skilled trades occupations,63,58,5
E01003018,"6. Caring, leisure and other service occupations",62,76,-14
E01003018,7. Sales and customer service occupations,45,68,-23
E01003018,"8. Process, plant and machine operatives",30,23,7
E01003018,9. Elementary occupations,81,93,-12
E01003019,"1. Managers, directors and senior officials",238,160,78
E01003019,2. Professional occupations,585,477,108
E01003019,3. Associate professional and technical occupations,313,115,198
E01003019,4. Administrative and secretarial occupations,106,132,-26
E01003019,5. Skilled trades occupations,37,59,-22
E01003019,"6. Caring, leisure and other service occupations",59,58,1
E01003019,7. Sales and customer service occupations,50,61,-11
E01003019,"8. Process, plant and machine operatives",17,18,-1
E01003019,9. Elementary occupations,56,78,-22
E01003020,"1. Managers, directors and senior officials",153,107,46
E01003020,2. Professional occupations,419,290,129
E01003020,3. Associate professional and technical occupations,249,80,169
E01003020,4. Administrative and secretarial occupations,64,119,-55
E01003020,5. Skilled trades occupations,47,47,0
E01003020,"6. Caring, leisure and other service occupations",43,67,-24
E01003020,7. Sales and customer service occupations,56,61,-5
E01003020,"8. Process, plant and machine operatives",16,20,-4
E01003020,9. Elementary occupations,74,94,-20
E01003021,"1. Managers, directors and senior officials",95,72,23
E01003021,2. Professional occupations,206,131,75
E01003021,3. Associate professional and technical occupations,122,68,54
E01003021,4. Administrative and secretarial occupations,60,73,-13
E01003021,5. Skilled trades occupations,75,68,7
E01003021,"6. Caring, leisure and other service occupations",80,87,-7
E01003021,7. Sales and customer service occupations,38,53,-15
E01003021,"8. Process, plant and machine operatives",35,27,8
E01003021,9. Elementary occupations,112,95,17
E01003022,"1. Managers, directors and senior officials",171,128,43
E01003022,2. Professional occupations,347,274,73
E01003022,3. Associate professional and technical occupations,225,99,126
E01003022,4. Administrative and secretarial occupations,67,110,-43
E01003022,5. Skilled trades occupations,48,61,-13
E01003022,"6. Caring, leisure and other service occupations",58,65,-7
E01003022,7. Sales and customer service occupations,38,59,-21
E01003022,"8. Process, plant and machine operatives",26,22,4
E01003022,9. Elementary occupations,62,54,8
E01003023,"1. Managers, directors and senior officials",203,147,56
E01003023,2. Professional occupations,478,388,90
E01003023,3. Associate professional and technical occupations,373,111,262
E01003023,4. Administrative and secretarial occupations,99,157,-58
E01003023,5. Skilled trades occupations,75,98,-23
E01003023,"6. Caring, leisure and other service occupations",130,107,23
E01003023,7. Sales and customer service occupations,82,93,-11
E01003023,"8. Process, plant and machine operatives",49,37,12
E01003023,9. Elementary occupations,174,147,27
E01003024,"1. Managers, directors and senior officials",78,49,29
E01003024,2. Professional occupations,210,126,84
E01003024,3. Associate professional and technical occupations,170,58,112
E01003024,4. Administrative and secretarial occupations,85,109,-24
E01003024,5. Skilled trades occupations,66,66,0
E01003024,"6. Caring, leisure and other service occupations",103,99,4
E01003024,7. Sales and customer service occupations,89,76,13
E01003024,"8. Process, plant and machine operatives",70,38,32
E01003024,9. Elementary occupations,157,161,-4
E01003025,"1. Managers, directors and senior officials",138,95,43
E01003025,2. Professional occupations,296,230,66
E01003025,3. Associate professional and technical occupations,223,77,146
E01003025,4. Administrative and secretarial occupations,101,92,9
E01003025,5. Skilled trades occupations,72,77,-5
E01003025,"6. Caring, leisure and other service occupations",112,117,-5
E01003025,7. Sales and customer service occupations,81,83,-2
E01003025,"8. Process, plant and machine operatives",47,30,17
E01003025,9. Elementary occupations,117,137,-20
E01003026,"1. Managers, directors and senior officials",213,179,34
E01003026,2. Professional occupations,387,352,35
E01003026,3. Associate professional and technical occupations,226,72,154
E01003026,4. Administrative and secretarial occupations,67,94,-27
E01003026,5. Skilled trades occupations,39,34,5
E01003026,"6. Caring, leisure and other service occupations",50,29,21
E01003026,7. Sales and customer service occupations,25,28,-3
E01003026,"8. Process, plant and machine operatives",6,9,-3
E01003026,9. Elementary occupations,33,21,12
E01003027,"1. Managers, directors and senior officials",209,151,58
E01003027,2. Professional occupations,380,305,75
E01003027,3. Associate professional and technical occupations,167,46,121
E01003027,4. Administrative and secretarial occupations,44,49,-5
E01003027,5. Skilled trades occupations,12,20,-8
E01003027,"6. Caring, leisure and other service occupations",26,33,-7
E01003027,7. Sales and customer service occupations,14,20,-6
E01003027,"8. Process, plant and machine operatives",3,3,0
E01003027,9. Elementary occupations,16,16,0
E01003028,"1. Managers, directors and senior officials",180,133,47
E01003028,2. Professional occupations,315,222,93
E01003028,3. Associate professional and technical occupations,202,66,136
E01003028,4. Administrative and secretarial occupations,59,76,-17
E01003028,5. Skilled trades occupations,31,26,5
E01003028,"6. Caring, leisure and other service occupations",31,38,-7
E01003028,7. Sales and customer service occupations,25,49,-24
E01003028,"8. Process, plant and machine operatives",17,16,1
E01003028,9. Elementary occupations,47,27,20
E01003029,"1. Managers, directors and senior officials",196,177,19
E01003029,2. Professional occupations,455,355,100
E01003029,3. Associate professional and technical occupations,308,96,212
E01003029,4. Administrative and secretarial occupations,90,128,-38
E01003029,5. Skilled trades occupations,22,40,-18
E01003029,"6. Caring, leisure and other service occupations",61,49,12
E01003029,7. Sales and customer service occupations,43,40,3
E01003029,"8. Process, plant and machine operatives",21,21,0
E01003029,9. Elementary occupations,55,54,1
E01003030,"1. Managers, directors and senior officials",239,224,15
E01003030,2. Professional occupations,558,404,154
E01003030,3. Associate professional and technical occupations,274,110,164
E01003030,4. Administrative and secretarial occupations,74,113,-39
E01003030,5. Skilled trades occupations,21,29,-8
E01003030,"6. Caring, leisure and other service occupations",30,38,-8
E01003030,7. Sales and customer service occupations,28,41,-13
E01003030,"8. Process, plant and machine operatives",11,6,5
E01003030,9. Elementary occupations,28,24,4
E01003031,"1. Managers, directors and senior officials",112,134,-22
E01003031,2. Professional occupations,357,295,62
E01003031,3. Associate professional and technical occupations,209,66,143
E01003031,4. Administrative and secretarial occupations,82,114,-32
E01003031,5. Skilled trades occupations,35,46,-11
E01003031,"6. Caring, leisure and other service occupations",57,63,-6
E01003031,7. Sales and customer service occupations,45,53,-8
E01003031,"8. Process, plant and machine operatives",30,24,6
E01003031,9. Elementary occupations,49,73,-24
E01003032,"1. Managers, directors and senior officials",147,114,33
E01003032,2. Professional occupations,315,247,68
E01003032,3. Associate professional and technical occupations,205,55,150
E01003032,4. Administrative and secretarial occupations,81,99,-18
E01003032,5. Skilled trades occupations,44,49,-5
E01003032,"6. Caring, leisure and other service occupations",67,75,-8
E01003032,7. Sales and customer service occupations,50,54,-4
E01003032,"8. Process, plant and machine operatives",28,29,-1
E01003032,9. Elementary occupations,74,83,-9
E01003033,"1. Managers, directors and senior officials",229,192,37
E01003033,2. Professional occupations,304,276,28
E01003033,3. Associate professional and technical occupations,194,47,147
E01003033,4. Administrative and secretarial occupations,62,74,-12
E01003033,5. Skilled trades occupations,28,26,2
E01003033,"6. Caring, leisure and other service occupations",47,39,8
E01003033,7. Sales and customer service occupations,22,26,-4
E01003033,"8. Process, plant and machine operatives",14,9,5
E01003033,9. Elementary occupations,32,34,-2
E01003034,"1. Managers, directors and senior officials",157,140,17
E01003034,2. Professional occupations,311,299,12
E01003034,3. Associate professional and technical occupations,181,57,124
E01003034,4. Administrative and secretarial occupations,79,92,-13
E01003034,5. Skilled trades occupations,41,45,-4
E01003034,"6. Caring, leisure and other service occupations",62,61,1
E01003034,7. Sales and customer service occupations,46,56,-10
E01003034,"8. Process, plant and machine operatives",32,15,17
E01003034,9. Elementary occupations,70,77,-7
E01003035,"1. Managers, directors and senior officials",181,144,37
E01003035,2. Professional occupations,458,357,101
E01003035,3. Associate professional and technical occupations,260,89,171
E01003035,4. Administrative and secretarial occupations,67,104,-37
E01003035,5. Skilled trades occupations,33,39,-6
E01003035,"6. Caring, leisure and other service occupations",37,47,-10
E01003035,7. Sales and customer service occupations,48,52,-4
E01003035,"8. Process, plant and machine operatives",10,19,-9
E01003035,9. Elementary occupations,61,50,11
E01003036,"1. Managers, directors and senior officials",173,124,49
E01003036,2. Professional occupations,376,278,98
E01003036,3. Associate professional and technical occupations,250,69,181
E01003036,4. Administrative and secretarial occupations,89,75,14
E01003036,5. Skilled trades occupations,43,41,2
E01003036,"6. Caring, leisure and other service occupations",68,51,17
E01003036,7. Sales and customer service occupations,81,52,29
E01003036,"8. Process, plant and machine operatives",32,14,18
E01003036,9. Elementary occupations,51,42,9
E01003037,"1. Managers, directors and senior officials",111,70,41
E01003037,2. Professional occupations,186,195,-9
E01003037,3. Associate professional and technical occupations,147,52,95
E01003037,4. Administrative and secretarial occupations,71,85,-14
E01003037,5. Skilled trades occupations,45,37,8
E01003037,"6. Caring, leisure and other service occupations",56,51,5
E01003037,7. Sales and customer service occupations,48,47,1
E01003037,"8. Process, plant and machine operatives",41,23,18
E01003037,9. Elementary occupations,68,68,0
E01003038,"1. Managers, directors and senior officials",245,154,91
E01003038,2. Professional occupations,417,279,138
E01003038,3. Associate professional and technical occupations,269,77,192
E01003038,4. Administrative and secretarial occupations,68,74,-6
E01003038,5. Skilled trades occupations,32,23,9
E01003038,"6. Caring, leisure and other service occupations",40,30,10
E01003038,7. Sales and customer service occupations,46,21,25
E01003038,"8. Process, plant and machine operatives",22,6,16
E01003038,9. Elementary occupations,26,33,-7
E01003039,"1. Managers, directors and senior officials",293,264,29
E01003039,2. Professional occupations,547,527,20
E01003039,3. Associate professional and technical occupations,352,108,244
E01003039,4. Administrative and secretarial occupations,82,120,-38
E01003039,5. Skilled trades occupations,29,45,-16
E01003039,"6. Caring, leisure and other service occupations",38,45,-7
E01003039,7. Sales and customer service occupations,32,50,-18
E01003039,"8. Process, plant and machine operatives",8,9,-1
E01003039,9. Elementary occupations,24,33,-9
E01003040,"1. Managers, directors and senior officials",171,132,39
E01003040,2. Professional occupations,300,240,60
E01003040,3. Associate professional and technical occupations,164,52,112
E01003040,4. Administrative and secretarial occupations,55,70,-15
E01003040,5. Skilled trades occupations,17,30,-13
E01003040,"6. Caring, leisure and other service occupations",29,38,-9
E01003040,7. Sales and customer service occupations,20,32,-12
E01003040,"8. Process, plant and machine operatives",8,8,0
E01003040,9. Elementary occupations,30,29,1
E01003041,"1. Managers, directors and senior officials",100,75,25
E01003041,2. Professional occupations,214,216,-2
E01003041,3. Associate professional and technical occupations,148,63,85
E01003041,4. Administrative and secretarial occupations,73,87,-14
E01003041,5. Skilled trades occupations,62,56,6
E01003041,"6. Caring, leisure and other service occupations",66,59,7
E01003041,7. Sales and customer service occupations,61,74,-13
E01003041,"8. Process, plant and machine operatives",31,28,3
E01003041,9. Elementary occupations,77,77,0
E01003042,"1. Managers, directors and senior officials",92,71,21
E01003042,2. Professional occupations,216,154,62
E01003042,3. Associate professional and technical occupations,142,45,97
E01003042,4. Administrative and secretarial occupations,45,86,-41
E01003042,5. Skilled trades occupations,37,32,5
E01003042,"6. Caring, leisure and other service occupations",59,40,19
E01003042,7. Sales and customer service occupations,33,29,4
E01003042,"8. Process, plant and machine operatives",17,16,1
E01003042,9. Elementary occupations,43,54,-11
E01003043,"1. Managers, directors and senior officials",156,110,46
E01003043,2. Professional occupations,401,310,91
E01003043,3. Associate professional and technical occupations,194,84,110
E01003043,4. Administrative and secretarial occupations,68,87,-19
E01003043,5. Skilled trades occupations,43,39,4
E01003043,"6. Caring, leisure and other service occupations",62,61,1
E01003043,7. Sales and customer service occupations,38,45,-7
E01003043,"8. Process, plant and machine operatives",21,11,10
E01003043,9. Elementary occupations,41,69,-28
E01003044,"1. Managers, directors and senior officials",74,32,42
E01003044,2. Professional occupations,146,100,46
E01003044,3. Associate professional and technical occupations,138,30,108
E01003044,4. Administrative and secretarial occupations,45,50,-5
E01003044,5. Skilled trades occupations,26,39,-13
E01003044,"6. Caring, leisure and other service occupations",75,83,-8
E01003044,7. Sales and customer service occupations,42,64,-22
E01003044,"8. Process, plant and machine operatives",29,22,7
E01003044,9. Elementary occupations,76,105,-29
E01003045,"1. Managers, directors and senior officials",58,46,12
E01003045,2. Professional occupations,135,135,0
E01003045,3. Associate professional and technical occupations,119,40,79
E01003045,4. Administrative and secretarial occupations,61,74,-13
E01003045,5. Skilled trades occupations,57,49,8
E01003045,"6. Caring, leisure and other service occupations",122,84,38
E01003045,7. Sales and customer service occupations,75,97,-22
E01003045,"8. Process, plant and machine operatives",75,40,35
E01003045,9. Elementary occupations,128,133,-5
E01003046,"1. Managers, directors and senior officials",64,41,23
E01003046,2. Professional occupations,156,97,59
E01003046,3. Associate professional and technical occupations,124,42,82
E01003046,4. Administrative and secretarial occupations,74,90,-16
E01003046,5. Skilled trades occupations,50,63,-13
E01003046,"6. Caring, leisure and other service occupations",93,99,-6
E01003046,7. Sales and customer service occupations,63,59,4
E01003046,"8. Process, plant and machine operatives",60,40,20
E01003046,9. Elementary occupations,160,170,-10
E01003047,"1. Managers, directors and senior officials",102,86,16
E01003047,2. Professional occupations,335,188,147
E01003047,3. Associate professional and technical occupations,196,58,138
E01003047,4. Administrative and secretarial occupations,67,79,-12
E01003047,5. Skilled trades occupations,47,42,5
E01003047,"6. Caring, leisure and other service occupations",99,61,38
E01003047,7. Sales and customer service occupations,65,57,8
E01003047,"8. Process, plant and machine operatives",38,30,8
E01003047,9. Elementary occupations,113,115,-2
E01003048,"1. Managers, directors and senior officials",48,34,14
E01003048,2. Professional occupations,115,88,27
E01003048,3. Associate professional and technical occupations,114,33,81
E01003048,4. Administrative and secretarial occupations,54,56,-2
E01003048,5. Skilled trades occupations,68,52,16
E01003048,"6. Caring, leisure and other service occupations",159,93,66
E01003048,7. Sales and customer service occupations,49,74,-25
E01003048,"8. Process, plant and machine operatives",58,42,16
E01003048,9. Elementary occupations,177,157,20
E01003049,"1. Managers, directors and senior officials",99,54,45
E01003049,2. Professional occupations,212,122,90
E01003049,3. Associate professional and technical occupations,163,42,121
E01003049,4. Administrative and secretarial occupations,58,80,-22
E01003049,5. Skilled trades occupations,61,56,5
E01003049,"6. Caring, leisure and other service occupations",107,87,20
E01003049,7. Sales and customer service occupations,66,65,1
E01003049,"8. Process, plant and machine operatives",43,28,15
E01003049,9. Elementary occupations,136,127,9
E01003050,"1. Managers, directors and senior officials",153,86,67
E01003050,2. Professional occupations,396,349,47
E01003050,3. Associate professional and technical occupations,228,81,147
E01003050,4. Administrative and secretarial occupations,98,103,-5
E01003050,5. Skilled trades occupations,34,48,-14
E01003050,"6. Caring, leisure and other service occupations",48,45,3
E01003050,7. Sales and customer service occupations,49,45,4
E01003050,"8. Process, plant and machine operatives",15,18,-3
E01003050,9. Elementary occupations,71,56,15
E01003051,"1. Managers, directors and senior officials",154,65,89
E01003051,2. Professional occupations,393,153,240
E01003051,3. Associate professional and technical occupations,239,46,193
E01003051,4. Administrative and secretarial occupations,106,79,27
E01003051,5. Skilled trades occupations,87,51,36
E01003051,"6. Caring, leisure and other service occupations",82,64,18
E01003051,7. Sales and customer service occupations,83,60,23
E01003051,"8. Process, plant and machine operatives",39,23,16
E01003051,9. Elementary occupations,128,115,13
E01003052,"1. Managers, directors and senior officials",97,47,50
E01003052,2. Professional occupations,173,103,70
E01003052,3. Associate professional and technical occupations,163,42,121
E01003052,4. Administrative and secretarial occupations,66,65,1
E01003052,5. Skilled trades occupations,76,61,15
E01003052,"6. Caring, leisure and other service occupations",154,91,63
E01003052,7. Sales and customer service occupations,93,77,16
E01003052,"8. Process, plant and machine operatives",70,48,22
E01003052,9. Elementary occupations,157,152,5
E01003053,"1. Managers, directors and senior officials",160,130,30
E01003053,2. Professional occupations,492,347,145
E01003053,3. Associate professional and technical occupations,260,115,145
E01003053,4. Administrative and secretarial occupations,65,107,-42
E01003053,5. Skilled trades occupations,63,51,12
E01003053,"6. Caring, leisure and other service occupations",61,56,5
E01003053,7. Sales and customer service occupations,39,37,2
E01003053,"8. Process, plant and machine operatives",33,24,9
E01003053,9. Elementary occupations,109,68,41
E01003054,"1. Managers, directors and senior officials",229,170,59
E01003054,2. Professional occupations,756,482,274
E01003054,3. Associate professional and technical occupations,418,93,325
E01003054,4. Administrative and secretarial occupations,125,142,-17
E01003054,5. Skilled trades occupations,37,33,4
E01003054,"6. Caring, leisure and other service occupations",47,31,16
E01003054,7. Sales and customer service occupations,54,43,11
E01003054,"8. Process, plant and machine operatives",17,17,0
E01003054,9. Elementary occupations,45,43,2
E01003055,"1. Managers, directors and senior officials",136,105,31
E01003055,2. Professional occupations,364,259,105
E01003055,3. Associate professional and technical occupations,217,63,154
E01003055,4. Administrative and secretarial occupations,71,90,-19
E01003055,5. Skilled trades occupations,31,30,1
E01003055,"6. Caring, leisure and other service occupations",48,62,-14
E01003055,7. Sales and customer service occupations,35,57,-22
E01003055,"8. Process, plant and machine operatives",36,25,11
E01003055,9. Elementary occupations,68,50,18
E01003056,"1. Managers, directors and senior officials",162,138,24
E01003056,2. Professional occupations,407,410,-3
E01003056,3. Associate professional and technical occupations,288,111,177
E01003056,4. Administrative and secretarial occupations,99,121,-22
E01003056,5. Skilled trades occupations,38,45,-7
E01003056,"6. Caring, leisure and other service occupations",77,67,10
E01003056,7. Sales and customer service occupations,59,56,3
E01003056,"8. Process, plant and machine operatives",38,22,16
E01003056,9. Elementary occupations,60,66,-6
E01003057,"1. Managers, directors and senior officials",99,98,1
E01003057,2. Professional occupations,280,214,66
E01003057,3. Associate professional and technical occupations,224,77,147
E01003057,4. Administrative and secretarial occupations,61,102,-41
E01003057,5. Skilled trades occupations,41,40,1
E01003057,"6. Caring, leisure and other service occupations",74,88,-14
E01003057,7. Sales and customer service occupations,56,62,-6
E01003057,"8. Process, plant and machine operatives",39,31,8
E01003057,9. Elementary occupations,74,82,-8
E01003058,"1. Managers, directors and senior officials",214,139,75
E01003058,2. Professional occupations,543,372,171
E01003058,3. Associate professional and technical occupations,323,118,205
E01003058,4. Administrative and secretarial occupations,90,172,-82
E01003058,5. Skilled trades occupations,39,47,-8
E01003058,"6. Caring, leisure and other service occupations",67,62,5
E01003058,7. Sales and customer service occupations,40,51,-11
E01003058,"8. Process, plant and machine operatives",26,21,5
E01003058,9. Elementary occupations,75,84,-9
E01003059,"1. Managers, directors and senior officials",115,52,63
E01003059,2. Professional occupations,284,82,202
E01003059,3. Associate professional and technical occupations,192,44,148
E01003059,4. Administrative and secretarial occupations,75,74,1
E01003059,5. Skilled trades occupations,94,72,22
E01003059,"6. Caring, leisure and other service occupations",130,93,37
E01003059,7. Sales and customer service occupations,73,68,5
E01003059,"8. Process, plant and machine operatives",60,47,13
E01003059,9. Elementary occupations,234,191,43
E01003060,"1. Managers, directors and senior officials",102,52,50
E01003060,2. Professional occupations,216,61,155
E01003060,3. Associate professional and technical occupations,172,20,152
E01003060,4. Administrative and secretarial occupations,55,60,-5
E01003060,5. Skilled trades occupations,61,73,-12
E01003060,"6. Caring, leisure and other service occupations",94,82,12
E01003060,7. Sales and customer service occupations,59,61,-2
E01003060,"8. Process, plant and machine operatives",40,46,-6
E01003060,9. Elementary occupations,153,181,-28
E01003061,"1. Managers, directors and senior officials",105,52,53
E01003061,2. Professional occupations,248,140,108
E01003061,3. Associate professional and technical occupations,146,35,111
E01003061,4. Administrative and secretarial occupations,46,63,-17
E01003061,5. Skilled trades occupations,31,45,-14
E01003061,"6. Caring, leisure and other service occupations",68,52,16
E01003061,7. Sales and customer service occupations,33,36,-3
E01003061,"8. Process, plant and machine operatives",29,34,-5
E01003061,9. Elementary occupations,141,168,-27
E01003062,"1. Managers, directors and senior officials",179,104,75
E01003062,2. Professional occupations,352,247,105
E01003062,3. Associate professional and technical occupations,249,77,172
E01003062,4. Administrative and secretarial occupations,89,116,-27
E01003062,5. Skilled trades occupations,58,72,-14
E01003062,"6. Caring, leisure and other service occupations",86,80,6
E01003062,7. Sales and customer service occupations,65,50,15
E01003062,"8. Process, plant and machine operatives",30,34,-4
E01003062,9. Elementary occupations,57,72,-15
E01003063,"1. Managers, directors and senior officials",72,58,14
E01003063,2. Professional occupations,145,131,14
E01003063,3. Associate professional and technical occupations,107,46,61
E01003063,4. Administrative and secretarial occupations,52,76,-24
E01003063,5. Skilled trades occupations,48,37,11
E01003063,"6. Caring, leisure and other service occupations",67,70,-3
E01003063,7. Sales and customer service occupations,56,54,2
E01003063,"8. Process, plant and machine operatives",36,31,5
E01003063,9. Elementary occupations,83,73,10
E01003064,"1. Managers, directors and senior officials",175,120,55
E01003064,2. Professional occupations,271,304,-33
E01003064,3. Associate professional and technical occupations,186,70,116
E01003064,4. Administrative and secretarial occupations,43,85,-42
E01003064,5. Skilled trades occupations,37,31,6
E01003064,"6. Caring, leisure and other service occupations",44,48,-4
E01003064,7. Sales and customer service occupations,29,40,-11
E01003064,"8. Process, plant and machine operatives",14,21,-7
E01003064,9. Elementary occupations,46,36,10
E01003065,"1. Managers, directors and senior officials",118,56,62
E01003065,2. Professional occupations,144,88,56
E01003065,3. Associate professional and technical occupations,111,39,72
E01003065,4. Administrative and secretarial occupations,46,75,-29
E01003065,5. Skilled trades occupations,43,58,-15
E01003065,"6. Caring, leisure and other service occupations",91,61,30
E01003065,7. Sales and customer service occupations,46,57,-11
E01003065,"8. Process, plant and machine operatives",50,34,16
E01003065,9. Elementary occupations,73,76,-3
E01003066,"1. Managers, directors and senior officials",113,70,43
E01003066,2. Professional occupations,208,165,43
E01003066,3. Associate professional and technical occupations,173,54,119
E01003066,4. Administrative and secretarial occupations,69,85,-16
E01003066,5. Skilled trades occupations,68,73,-5
E01003066,"6. Caring, leisure and other service occupations",78,79,-1
E01003066,7. Sales and customer service occupations,40,47,-7
E01003066,"8. Process, plant and machine operatives",42,40,2
E01003066,9. Elementary occupations,105,102,3
E01003067,"1. Managers, directors and senior officials",157,96,61
E01003067,2. Professional occupations,254,184,70
E01003067,3. Associate professional and technical occupations,155,63,92
E01003067,4. Administrative and secretarial occupations,48,66,-18
E01003067,5. Skilled trades occupations,47,57,-10
E01003067,"6. Caring, leisure and other service occupations",55,61,-6
E01003067,7. Sales and customer service occupations,30,50,-20
E01003067,"8. Process, plant and machine operatives",22,18,4
E01003067,9. Elementary occupations,43,68,-25
E01003068,"1. Managers, directors and senior officials",130,61,69
E01003068,2. Professional occupations,214,155,59
E01003068,3. Associate professional and technical occupations,141,49,92
E01003068,4. Administrative and secretarial occupations,59,111,-52
E01003068,5. Skilled trades occupations,66,63,3
E01003068,"6. Caring, leisure and other service occupations",51,55,-4
E01003068,7. Sales and customer service occupations,34,56,-22
E01003068,"8. Process, plant and machine operatives",23,31,-8
E01003068,9. Elementary occupations,61,74,-13
E01003069,"1. Managers, directors and senior officials",98,63,35
E01003069,2. Professional occupations,157,116,41
E01003069,3. Associate professional and technical occupations,112,47,65
E01003069,4. Administrative and secretarial occupations,48,79,-31
E01003069,5. Skilled trades occupations,47,49,-2
E01003069,"6. Caring, leisure and other service occupations",56,60,-4
E01003069,7. Sales and customer service occupations,41,36,5
E01003069,"8. Process, plant and machine operatives",27,23,4
E01003069,9. Elementary occupations,60,59,1
E01003070,"1. Managers, directors and senior officials",68,58,10
E01003070,2. Professional occupations,152,122,30
E01003070,3. Associate professional and technical occupations,127,45,82
E01003070,4. Administrative and secretarial occupations,65,76,-11
E01003070,5. Skilled trades occupations,57,41,16
E01003070,"6. Caring, leisure and other service occupations",85,76,9
E01003070,7. Sales and customer service occupations,43,51,-8
E01003070,"8. Process, plant and machine operatives",35,25,10
E01003070,9. Elementary occupations,80,66,14
E01003071,"1. Managers, directors and senior officials",223,200,23
E01003071,2. Professional occupations,608,484,124
E01003071,3. Associate professional and technical occupations,358,108,250
E01003071,4. Administrative and secretarial occupations,80,128,-48
E01003071,5. Skilled trades occupations,43,55,-12
E01003071,"6. Caring, leisure and other service occupations",55,78,-23
E01003071,7. Sales and customer service occupations,56,70,-14
E01003071,"8. Process, plant and machine operatives",27,23,4
E01003071,9. Elementary occupations,73,74,-1
E01003072,"1. Managers, directors and senior officials",184,143,41
E01003072,2. Professional occupations,370,320,50
E01003072,3. Associate professional and technical occupations,191,59,132
E01003072,4. Administrative and secretarial occupations,61,92,-31
E01003072,5. Skilled trades occupations,37,43,-6
E01003072,"6. Caring, leisure and other service occupations",45,61,-16
E01003072,7. Sales and customer service occupations,22,32,-10
E01003072,"8. Process, plant and machine operatives",28,14,14
E01003072,9. Elementary occupations,36,38,-2
E01003073,"1. Managers, directors and senior officials",120,115,5
E01003073,2. Professional occupations,267,251,16
E01003073,3. Associate professional and technical occupations,122,86,36
E01003073,4. Administrative and secretarial occupations,66,113,-47
E01003073,5. Skilled trades occupations,35,54,-19
E01003073,"6. Caring, leisure and other service occupations",73,79,-6
E01003073,7. Sales and customer service occupations,49,63,-14
E01003073,"8. Process, plant and machine operatives",33,28,5
E01003073,9. Elementary occupations,56,81,-25
E01003074,"1. Managers, directors and senior officials",214,152,62
E01003074,2. Professional occupations,522,464,58
E01003074,3. Associate professional and technical occupations,403,113,290
E01003074,4. Administrative and secretarial occupations,90,111,-21
E01003074,5. Skilled trades occupations,77,64,13
E01003074,"6. Caring, leisure and other service occupations",81,80,1
E01003074,7. Sales and customer service occupations,65,64,1
E01003074,"8. Process, plant and machine operatives",36,32,4
E01003074,9. Elementary occupations,79,91,-12
E01003075,"1. Managers, directors and senior officials",61,38,23
E01003075,2. Professional occupations,172,79,93
E01003075,3. Associate professional and technical occupations,113,31,82
E01003075,4. Administrative and secretarial occupations,60,81,-21
E01003075,5. Skilled trades occupations,39,57,-18
E01003075,"6. Caring, leisure and other service occupations",110,100,10
E01003075,7. Sales and customer service occupations,63,57,6
E01003075,"8. Process, plant and machine operatives",60,43,17
E01003075,9. Elementary occupations,142,134,8
E01003076,"1. Managers, directors and senior officials",158,86,72
E01003076,2. Professional occupations,532,326,206
E01003076,3. Associate professional and technical occupations,293,75,218
E01003076,4. Administrative and secretarial occupations,76,92,-16
E01003076,5. Skilled trades occupations,80,76,4
E01003076,"6. Caring, leisure and other service occupations",134,83,51
E01003076,7. Sales and customer service occupations,131,65,66
E01003076,"8. Process, plant and machine operatives",57,37,20
E01003076,9. Elementary occupations,164,176,-12
E01003077,"1. Managers, directors and senior officials",139,104,35
E01003077,2. Professional occupations,427,273,154
E01003077,3. Associate professional and technical occupations,255,63,192
E01003077,4. Administrative and secretarial occupations,50,89,-39
E01003077,5. Skilled trades occupations,54,65,-11
E01003077,"6. Caring, leisure and other service occupations",71,77,-6
E01003077,7. Sales and customer service occupations,52,86,-34
E01003077,"8. Process, plant and machine operatives",11,18,-7
E01003077,9. Elementary occupations,154,125,29
E01003078,"1. Managers, directors and senior officials",172,119,53
E01003078,2. Professional occupations,339,271,68
E01003078,3. Associate professional and technical occupations,193,41,152
E01003078,4. Administrative and secretarial occupations,69,56,13
E01003078,5. Skilled trades occupations,26,35,-9
E01003078,"6. Caring, leisure and other service occupations",56,49,7
E01003078,7. Sales and customer service occupations,25,33,-8
E01003078,"8. Process, plant and machine operatives",20,7,13
E01003078,9. Elementary occupations,31,35,-4
E01003079,"1. Managers, directors and senior officials",134,75,59
E01003079,2. Professional occupations,215,176,39
E01003079,3. Associate professional and technical occupations,152,46,106
E01003079,4. Administrative and secretarial occupations,56,91,-35
E01003079,5. Skilled trades occupations,65,76,-11
E01003079,"6. Caring, leisure and other service occupations",82,70,12
E01003079,7. Sales and customer service occupations,48,68,-20
E01003079,"8. Process, plant and machine operatives",52,34,18
E01003079,9. Elementary occupations,112,90,22
E01003080,"1. Managers, directors and senior officials",127,113,14
E01003080,2. Professional occupations,277,227,50
E01003080,3. Associate professional and technical occupations,185,71,114
E01003080,4. Administrative and secretarial occupations,70,79,-9
E01003080,5. Skilled trades occupations,55,81,-26
E01003080,"6. Caring, leisure and other service occupations",74,68,6
E01003080,7. Sales and customer service occupations,42,59,-17
E01003080,"8. Process, plant and machine operatives",28,33,-5
E01003080,9. Elementary occupations,66,64,2
E01003081,"1. Managers, directors and senior officials",131,80,51
E01003081,2. Professional occupations,272,175,97
E01003081,3. Associate professional and technical occupations,175,64,111
E01003081,4. Administrative and secretarial occupations,54,92,-38
E01003081,5. Skilled trades occupations,68,81,-13
E01003081,"6. Caring, leisure and other service occupations",104,91,13
E01003081,7. Sales and customer service occupations,40,80,-40
E01003081,"8. Process, plant and machine operatives",40,34,6
E01003081,9. Elementary occupations,115,112,3
E01003082,"1. Managers, directors and senior officials",109,63,46
E01003082,2. Professional occupations,183,129,54
E01003082,3. Associate professional and technical occupations,107,37,70
E01003082,4. Administrative and secretarial occupations,59,64,-5
E01003082,5. Skilled trades occupations,59,48,11
E01003082,"6. Caring, leisure and other service occupations",52,70,-18
E01003082,7. Sales and customer service occupations,24,48,-24
E01003082,"8. Process, plant and machine operatives",41,34,7
E01003082,9. Elementary occupations,56,74,-18
E01003083,"1. Managers, directors and senior officials",124,77,47
E01003083,2. Professional occupations,237,194,43
E01003083,3. Associate professional and technical occupations,137,43,94
E01003083,4. Administrative and secretarial occupations,60,93,-33
E01003083,5. Skilled trades occupations,54,58,-4
E01003083,"6. Caring, leisure and other service occupations",55,65,-10
E01003083,7. Sales and customer service occupations,29,47,-18
E01003083,"8. Process, plant and machine operatives",37,35,2
E01003083,9. Elementary occupations,52,61,-9
E01003084,"1. Managers, directors and senior officials",142,95,47
E01003084,2. Professional occupations,285,244,41
E01003084,3. Associate professional and technical occupations,187,74,113
E01003084,4. Administrative and secretarial occupations,54,90,-36
E01003084,5. Skilled trades occupations,33,58,-25
E01003084,"6. Caring, leisure and other service occupations",55,85,-30
E01003084,7. Sales and customer service occupations,31,34,-3
E01003084,"8. Process, plant and machine operatives",28,26,2
E01003084,9. Elementary occupations,58,76,-18
E01003085,"1. Managers, directors and senior officials",160,101,59
E01003085,2. Professional occupations,250,206,44
E01003085,3. Associate professional and technical occupations,142,61,81
E01003085,4. Administrative and secretarial occupations,62,138,-76
E01003085,5. Skilled trades occupations,58,63,-5
E01003085,"6. Caring, leisure and other service occupations",71,94,-23
E01003085,7. Sales and customer service occupations,30,56,-26
E01003085,"8. Process, plant and machine operatives",34,48,-14
E01003085,9. Elementary occupations,59,99,-40
E01003086,"1. Managers, directors and senior officials",90,56,34
E01003086,2. Professional occupations,167,108,59
E01003086,3. Associate professional and technical occupations,116,40,76
E01003086,4. Administrative and secretarial occupations,69,89,-20
E01003086,5. Skilled trades occupations,42,39,3
E01003086,"6. Caring, leisure and other service occupations",88,77,11
E01003086,7. Sales and customer service occupations,45,53,-8
E01003086,"8. Process, plant and machine operatives",62,45,17
E01003086,9. Elementary occupations,97,82,15
E01003087,"1. Managers, directors and senior officials",59,25,34
E01003087,2. Professional occupations,115,72,43
E01003087,3. Associate professional and technical occupations,107,23,84
E01003087,4. Administrative and secretarial occupations,60,55,5
E01003087,5. Skilled trades occupations,52,39,13
E01003087,"6. Caring, leisure and other service occupations",101,63,38
E01003087,7. Sales and customer service occupations,47,33,14
E01003087,"8. Process, plant and machine operatives",55,25,30
E01003087,9. Elementary occupations,109,73,36
E01003088,"1. Managers, directors and senior officials",116,115,1
E01003088,2. Professional occupations,305,259,46
E01003088,3. Associate professional and technical occupations,167,75,92
E01003088,4. Administrative and secretarial occupations,76,114,-38
E01003088,5. Skilled trades occupations,44,52,-8
E01003088,"6. Caring, leisure and other service occupations",65,72,-7
E01003088,7. Sales and customer service occupations,42,63,-21
E01003088,"8. Process, plant and machine operatives",42,20,22
E01003088,9. Elementary occupations,111,109,2
E01003089,"1. Managers, directors and senior officials",116,52,64
E01003089,2. Professional occupations,238,138,100
E01003089,3. Associate professional and technical occupations,159,50,109
E01003089,4. Administrative and secretarial occupations,86,63,23
E01003089,5. Skilled trades occupations,74,68,6
E01003089,"6. Caring, leisure and other service occupations",101,95,6
E01003089,7. Sales and customer service occupations,84,85,-1
E01003089,"8. Process, plant and machine operatives",60,38,22
E01003089,9. Elementary occupations,164,220,-56
E01003090,"1. Managers, directors and senior officials",250,177,73
E01003090,2. Professional occupations,627,394,233
E01003090,3. Associate professional and technical occupations,391,116,275
E01003090,4. Administrative and secretarial occupations,103,127,-24
E01003090,5. Skilled trades occupations,62,61,1
E01003090,"6. Caring, leisure and other service occupations",84,61,23
E01003090,7. Sales and customer service occupations,69,68,1
E01003090,"8. Process, plant and machine operatives",25,17,8
E01003090,9. Elementary occupations,85,91,-6
E01003091,"1. Managers, directors and senior officials",110,82,28
E01003091,2. Professional occupations,337,202,135
E01003091,3. Associate professional and technical occupations,171,54,117
E01003091,4. Administrative and secretarial occupations,57,82,-25
E01003091,5. Skilled trades occupations,49,58,-9
E01003091,"6. Caring, leisure and other service occupations",76,55,21
E01003091,7. Sales and customer service occupations,55,60,-5
E01003091,"8. Process, plant and machine operatives",56,30,26
E01003091,9. Elementary occupations,138,91,47
E01003092,"1. Managers, directors and senior officials",108,65,43
E01003092,2. Professional occupations,373,129,244
E01003092,3. Associate professional and technical occupations,209,54,155
E01003092,4. Administrative and secretarial occupations,73,88,-15
E01003092,5. Skilled trades occupations,88,73,15
E01003092,"6. Caring, leisure and other service occupations",101,87,14
E01003092,7. Sales and customer service occupations,89,54,35
E01003092,"8. Process, plant and machine operatives",49,41,8
E01003092,9. Elementary occupations,176,115,61
E01003093,"1. Managers, directors and senior officials",103,78,25
E01003093,2. Professional occupations,239,178,61
E01003093,3. Associate professional and technical occupations,165,59,106
E01003093,4. Administrative and secretarial occupations,104,98,6
E01003093,5. Skilled trades occupations,59,72,-13
E01003093,"6. Caring, leisure and other service occupations",142,138,4
E01003093,7. Sales and customer service occupations,91,101,-10
E01003093,"8. Process, plant and machine operatives",53,42,11
E01003093,9. Elementary occupations,154,161,-7
E01003094,"1. Managers, directors and senior officials",126,125,1
E01003094,2. Professional occupations,319,328,-9
E01003094,3. Associate professional and technical occupations,225,77,148
E01003094,4. Administrative and secretarial occupations,55,121,-66
E01003094,5. Skilled trades occupations,40,44,-4
E01003094,"6. Caring, leisure and other service occupations",46,79,-33
E01003094,7. Sales and customer service occupations,42,56,-14
E01003094,"8. Process, plant and machine operatives",26,21,5
E01003094,9. Elementary occupations,61,81,-20
E01003095,"1. Managers, directors and senior officials",176,145,31
E01003095,2. Professional occupations,423,312,111
E01003095,3. Associate professional and technical occupations,246,78,168
E01003095,4. Administrative and secretarial occupations,52,90,-38
E01003095,5. Skilled trades occupations,44,52,-8
E01003095,"6. Caring, leisure and other service occupations",46,68,-22
E01003095,7. Sales and customer service occupations,26,54,-28
E01003095,"8. Process, plant and machine operatives",21,20,1
E01003095,9. Elementary occupations,39,80,-41
E01003096,"1. Managers, directors and senior officials",182,192,-10
E01003096,2. Professional occupations,618,467,151
E01003096,3. Associate professional and technical occupations,285,139,146
E01003096,4. Administrative and secretarial occupations,84,128,-44
E01003096,5. Skilled trades occupations,53,62,-9
E01003096,"6. Caring, leisure and other service occupations",57,58,-1
E01003096,7. Sales and customer service occupations,64,65,-1
E01003096,"8. Process, plant and machine operatives",19,19,0
E01003096,9. Elementary occupations,105,91,14
E01003097,"1. Managers, directors and senior officials",69,70,-1
E01003097,2. Professional occupations,215,126,89
E01003097,3. Associate professional and technical occupations,132,35,97
E01003097,4. Administrative and secretarial occupations,77,69,8
E01003097,5. Skilled trades occupations,54,67,-13
E01003097,"6. Caring, leisure and other service occupations",66,92,-26
E01003097,7. Sales and customer service occupations,43,85,-42
E01003097,"8. Process, plant and machine operatives",43,49,-6
E01003097,9. Elementary occupations,102,134,-32
E01003098,"1. Managers, directors and senior officials",120,100,20
E01003098,2. Professional occupations,271,206,65
E01003098,3. Associate professional and technical occupations,145,58,87
E01003098,4. Administrative and secretarial occupations,69,77,-8
E01003098,5. Skilled trades occupations,57,44,13
E01003098,"6. Caring, leisure and other service occupations",54,63,-9
E01003098,7. Sales and customer service occupations,36,44,-8
E01003098,"8. Process, plant and machine operatives",34,23,11
E01003098,9. Elementary occupations,71,80,-9
E01003099,"1. Managers, directors and senior officials",114,89,25
E01003099,2. Professional occupations,339,242,97
E01003099,3. Associate professional and technical occupations,169,71,98
E01003099,4. Administrative and secretarial occupations,87,84,3
E01003099,5. Skilled trades occupations,49,48,1
E01003099,"6. Caring, leisure and other service occupations",69,53,16
E01003099,7. Sales and customer service occupations,48,47,1
E01003099,"8. Process, plant and machine operatives",22,28,-6
E01003099,9. Elementary occupations,104,129,-25
E01003100,"1. Managers, directors and senior officials",197,159,38
E01003100,2. Professional occupations,616,482,134
E01003100,3. Associate professional and technical occupations,360,104,256
E01003100,4. Administrative and secretarial occupations,85,133,-48
E01003100,5. Skilled trades occupations,51,52,-1
E01003100,"6. Caring, leisure and other service occupations",69,59,10
E01003100,7. Sales and customer service occupations,48,56,-8
E01003100,"8. Process, plant and machine operatives",30,27,3
E01003100,9. Elementary occupations,93,97,-4
E01003101,"1. Managers, directors and senior officials",91,99,-8
E01003101,2. Professional occupations,239,228,11
E01003101,3. Associate professional and technical occupations,157,63,94
E01003101,4. Administrative and secretarial occupations,73,81,-8
E01003101,5. Skilled trades occupations,44,49,-5
E01003101,"6. Caring, leisure and other service occupations",46,68,-22
E01003101,7. Sales and customer service occupations,36,53,-17
E01003101,"8. Process, plant and machine operatives",38,23,15
E01003101,9. Elementary occupations,117,103,14
E01003102,"1. Managers, directors and senior officials",146,131,15
E01003102,2. Professional occupations,379,318,61
E01003102,3. Associate professional and technical occupations,185,67,118
E01003102,4. Administrative and secretarial occupations,86,121,-35
E01003102,5. Skilled trades occupations,45,50,-5
E01003102,"6. Caring, leisure and other service occupations",60,69,-9
E01003102,7. Sales and customer service occupations,43,54,-11
E01003102,"8. Process, plant and machine operatives",13,22,-9
E01003102,9. Elementary occupations,65,92,-27
E01003104,"1. Managers, directors and senior officials",118,122,-4
E01003104,2. Professional occupations,354,236,118
E01003104,3. Associate professional and technical occupations,206,71,135
E01003104,4. Administrative and secretarial occupations,70,90,-20
E01003104,5. Skilled trades occupations,42,60,-18
E01003104,"6. Caring, leisure and other service occupations",101,68,33
E01003104,7. Sales and customer service occupations,53,61,-8
E01003104,"8. Process, plant and machine operatives",23,16,7
E01003104,9. Elementary occupations,87,121,-34
E01003105,"1. Managers, directors and senior officials",111,81,30
E01003105,2. Professional occupations,246,174,72
E01003105,3. Associate professional and technical occupations,142,56,86
E01003105,4. Administrative and secretarial occupations,69,88,-19
E01003105,5. Skilled trades occupations,45,47,-2
E01003105,"6. Caring, leisure and other service occupations",93,65,28
E01003105,7. Sales and customer service occupations,48,64,-16
E01003105,"8. Process, plant and machine operatives",40,32,8
E01003105,9. Elementary occupations,88,110,-22
E01003106,"1. Managers, directors and senior officials",183,125,58
E01003106,2. Professional occupations,375,282,93
E01003106,3. Associate professional and technical occupations,213,69,144
E01003106,4. Administrative and secretarial occupations,85,99,-14
E01003106,5. Skilled trades occupations,35,32,3
E01003106,"6. Caring, leisure and other service occupations",81,45,36
E01003106,7. Sales and customer service occupations,43,55,-12
E01003106,"8. Process, plant and machine operatives",43,21,22
E01003106,9. Elementary occupations,119,78,41
E01003107,"1. Managers, directors and senior officials",219,211,8
E01003107,2. Professional occupations,460,457,3
E01003107,3. Associate professional and technical occupations,257,76,181
E01003107,4. Administrative and secretarial occupations,71,134,-63
E01003107,5. Skilled trades occupations,41,49,-8
E01003107,"6. Caring, leisure and other service occupations",65,66,-1
E01003107,7. Sales and customer service occupations,42,66,-24
E01003107,"8. Process, plant and machine operatives",20,24,-4
E01003107,9. Elementary occupations,58,91,-33
E01003108,"1. Managers, directors and senior officials",92,83,9
E01003108,2. Professional occupations,212,158,54
E01003108,3. Associate professional and technical occupations,121,50,71
E01003108,4. Administrative and secretarial occupations,70,79,-9
E01003108,5. Skilled trades occupations,43,43,0
E01003108,"6. Caring, leisure and other service occupations",65,54,11
E01003108,7. Sales and customer service occupations,44,52,-8
E01003108,"8. Process, plant and machine operatives",29,30,-1
E01003108,9. Elementary occupations,98,99,-1
E01003110,"1. Managers, directors and senior officials",209,151,58
E01003110,2. Professional occupations,466,393,73
E01003110,3. Associate professional and technical occupations,280,63,217
E01003110,4. Administrative and secretarial occupations,80,103,-23
E01003110,5. Skilled trades occupations,34,38,-4
E01003110,"6. Caring, leisure and other service occupations",56,54,2
E01003110,7. Sales and customer service occupations,50,41,9
E01003110,"8. Process, plant and machine operatives",22,25,-3
E01003110,9. Elementary occupations,48,70,-22
E01003111,"1. Managers, directors and senior officials",69,43,26
E01003111,2. Professional occupations,151,71,80
E01003111,3. Associate professional and technical occupations,107,27,80
E01003111,4. Administrative and secretarial occupations,63,62,1
E01003111,5. Skilled trades occupations,51,55,-4
E01003111,"6. Caring, leisure and other service occupations",110,79,31
E01003111,7. Sales and customer service occupations,57,57,0
E01003111,"8. Process, plant and machine operatives",65,40,25
E01003111,9. Elementary occupations,152,144,8
E01003112,"1. Managers, directors and senior officials",109,101,8
E01003112,2. Professional occupations,231,147,84
E01003112,3. Associate professional and technical occupations,151,42,109
E01003112,4. Administrative and secretarial occupations,73,72,1
E01003112,5. Skilled trades occupations,54,48,6
E01003112,"6. Caring, leisure and other service occupations",82,53,29
E01003112,7. Sales and customer service occupations,49,59,-10
E01003112,"8. Process, plant and machine operatives",33,20,13
E01003112,9. Elementary occupations,107,108,-1
E01003113,"1. Managers, directors and senior officials",152,111,41
E01003113,2. Professional occupations,263,275,-12
E01003113,3. Associate professional and technical occupations,182,89,93
E01003113,4. Administrative and secretarial occupations,67,118,-51
E01003113,5. Skilled trades occupations,75,87,-12
E01003113,"6. Caring, leisure and other service occupations",83,86,-3
E01003113,7. Sales and customer service occupations,48,65,-17
E01003113,"8. Process, plant and machine operatives",37,28,9
E01003113,9. Elementary occupations,121,126,-5
E01003114,"1. Managers, directors and senior officials",279,105,174
E01003114,2. Professional occupations,442,262,180
E01003114,3. Associate professional and technical occupations,310,70,240
E01003114,4. Administrative and secretarial occupations,117,137,-20
E01003114,5. Skilled trades occupations,86,90,-4
E01003114,"6. Caring, leisure and other service occupations",73,71,2
E01003114,7. Sales and customer service occupations,101,66,35
E01003114,"8. Process, plant and machine operatives",33,29,4
E01003114,9. Elementary occupations,142,106,36
E01003115,"1. Managers, directors and senior officials",133,105,28
E01003115,2. Professional occupations,230,182,48
E01003115,3. Associate professional and technical occupations,171,60,111
E01003115,4. Administrative and secretarial occupations,69,124,-55
E01003115,5. Skilled trades occupations,83,98,-15
E01003115,"6. Caring, leisure and other service occupations",59,80,-21
E01003115,7. Sales and customer service occupations,50,50,0
E01003115,"8. Process, plant and machine operatives",30,22,8
E01003115,9. Elementary occupations,99,82,17
E01003116,"1. Managers, directors and senior officials",188,146,42
E01003116,2. Professional occupations,252,199,53
E01003116,3. Associate professional and technical occupations,159,61,98
E01003116,4. Administrative and secretarial occupations,68,99,-31
E01003116,5. Skilled trades occupations,65,40,25
E01003116,"6. Caring, leisure and other service occupations",56,50,6
E01003116,7. Sales and customer service occupations,49,47,2
E01003116,"8. Process, plant and machine operatives",21,27,-6
E01003116,9. Elementary occupations,45,42,3
E01003117,"1. Managers, directors and senior officials",188,164,24
E01003117,2. Professional occupations,306,230,76
E01003117,3. Associate professional and technical occupations,237,76,161
E01003117,4. Administrative and secretarial occupations,73,136,-63
E01003117,5. Skilled trades occupations,65,79,-14
E01003117,"6. Caring, leisure and other service occupations",72,60,12
E01003117,7. Sales and customer service occupations,44,71,-27
E01003117,"8. Process, plant and machine operatives",25,36,-11
E01003117,9. Elementary occupations,131,109,22
E01003118,"1. Managers, directors and senior officials",157,136,21
E01003118,2. Professional occupations,339,243,96
E01003118,3. Associate professional and technical occupations,126,60,66
E01003118,4. Administrative and secretarial occupations,61,106,-45
E01003118,5. Skilled trades occupations,44,80,-36
E01003118,"6. Caring, leisure and other service occupations",56,56,0
E01003118,7. Sales and customer service occupations,51,50,1
E01003118,"8. Process, plant and machine operatives",14,21,-7
E01003118,9. Elementary occupations,100,90,10
E01003119,"1. Managers, directors and senior officials",204,116,88
E01003119,2. Professional occupations,343,254,89
E01003119,3. Associate professional and technical occupations,198,73,125
E01003119,4. Administrative and secretarial occupations,60,110,-50
E01003119,5. Skilled trades occupations,82,98,-16
E01003119,"6. Caring, leisure and other service occupations",83,86,-3
E01003119,7. Sales and customer service occupations,45,63,-18
E01003119,"8. Process, plant and machine operatives",36,35,1
E01003119,9. Elementary occupations,160,134,26
E01003120,"1. Managers, directors and senior officials",182,130,52
E01003120,2. Professional occupations,299,186,113
E01003120,3. Associate professional and technical occupations,257,89,168
E01003120,4. Administrative and secretarial occupations,97,107,-10
E01003120,5. Skilled trades occupations,136,128,8
E01003120,"6. Caring, leisure and other service occupations",115,108,7
E01003120,7. Sales and customer service occupations,79,73,6
E01003120,"8. Process, plant and machine operatives",69,47,22
E01003120,9. Elementary occupations,223,153,70
E01003121,"1. Managers, directors and senior officials",79,62,17
E01003121,2. Professional occupations,104,95,9
E01003121,3. Associate professional and technical occupations,96,40,56
E01003121,4. Administrative and secretarial occupations,66,64,2
E01003121,5. Skilled trades occupations,52,58,-6
E01003121,"6. Caring, leisure and other service occupations",97,79,18
E01003121,7. Sales and customer service occupations,62,84,-22
E01003121,"8. Process, plant and machine operatives",63,31,32
E01003121,9. Elementary occupations,144,155,-11
E01003122,"1. Managers, directors and senior officials",189,127,62
E01003122,2. Professional occupations,414,269,145
E01003122,3. Associate professional and technical occupations,222,89,133
E01003122,4. Administrative and secretarial occupations,88,112,-24
E01003122,5. Skilled trades occupations,57,56,1
E01003122,"6. Caring, leisure and other service occupations",74,77,-3
E01003122,7. Sales and customer service occupations,51,56,-5
E01003122,"8. Process, plant and machine operatives",38,26,12
E01003122,9. Elementary occupations,70,120,-50
E01003123,"1. Managers, directors and senior officials",169,140,29
E01003123,2. Professional occupations,335,253,82
E01003123,3. Associate professional and technical occupations,217,60,157
E01003123,4. Administrative and secretarial occupations,52,85,-33
E01003123,5. Skilled trades occupations,57,54,3
E01003123,"6. Caring, leisure and other service occupations",45,53,-8
E01003123,7. Sales and customer service occupations,60,36,24
E01003123,"8. Process, plant and machine operatives",31,28,3
E01003123,9. Elementary occupations,95,83,12
E01003124,"1. Managers, directors and senior officials",72,72,0
E01003124,2. Professional occupations,178,160,18
E01003124,3. Associate professional and technical occupations,131,36,95
E01003124,4. Administrative and secretarial occupations,61,79,-18
E01003124,5. Skilled trades occupations,45,75,-30
E01003124,"6. Caring, leisure and other service occupations",76,58,18
E01003124,7. Sales and customer service occupations,28,51,-23
E01003124,"8. Process, plant and machine operatives",42,29,13
E01003124,9. Elementary occupations,123,129,-6
E01003125,"1. Managers, directors and senior officials",57,40,17
E01003125,2. Professional occupations,136,82,54
E01003125,3. Associate professional and technical occupations,92,32,60
E01003125,4. Administrative and secretarial occupations,48,66,-18
E01003125,5. Skilled trades occupations,54,72,-18
E01003125,"6. Caring, leisure and other service occupations",123,97,26
E01003125,7. Sales and customer service occupations,80,68,12
E01003125,"8. Process, plant and machine operatives",59,56,3
E01003125,9. Elementary occupations,224,162,62
E01003126,"1. Managers, directors and senior officials",81,58,23
E01003126,2. Professional occupations,234,124,110
E01003126,3. Associate professional and technical occupations,142,39,103
E01003126,4. Administrative and secretarial occupations,75,87,-12
E01003126,5. Skilled trades occupations,66,63,3
E01003126,"6. Caring, leisure and other service occupations",109,74,35
E01003126,7. Sales and customer service occupations,59,68,-9
E01003126,"8. Process, plant and machine operatives",47,39,8
E01003126,9. Elementary occupations,156,140,16
E01003127,"1. Managers, directors and senior officials",212,124,88
E01003127,2. Professional occupations,321,229,92
E01003127,3. Associate professional and technical occupations,227,50,177
E01003127,4. Administrative and secretarial occupations,78,95,-17
E01003127,5. Skilled trades occupations,91,68,23
E01003127,"6. Caring, leisure and other service occupations",102,57,45
E01003127,7. Sales and customer service occupations,53,39,14
E01003127,"8. Process, plant and machine operatives",46,35,11
E01003127,9. Elementary occupations,160,140,20
E01003128,"1. Managers, directors and senior officials",67,55,12
E01003128,2. Professional occupations,207,116,91
E01003128,3. Associate professional and technical occupations,122,40,82
E01003128,4. Administrative and secretarial occupations,60,66,-6
E01003128,5. Skilled trades occupations,58,67,-9
E01003128,"6. Caring, leisure and other service occupations",92,88,4
E01003128,7. Sales and customer service occupations,73,56,17
E01003128,"8. Process, plant and machine operatives",43,24,19
E01003128,9. Elementary occupations,127,150,-23
E01003129,"1. Managers, directors and senior officials",145,119,26
E01003129,2. Professional occupations,342,304,38
E01003129,3. Associate professional and technical occupations,224,61,163
E01003129,4. Administrative and secretarial occupations,67,103,-36
E01003129,5. Skilled trades occupations,73,72,1
E01003129,"6. Caring, leisure and other service occupations",73,100,-27
E01003129,7. Sales and customer service occupations,51,56,-5
E01003129,"8. Process, plant and machine operatives",20,21,-1
E01003129,9. Elementary occupations,158,165,-7
E01003130,"1. Managers, directors and senior officials",190,127,63
E01003130,2. Professional occupations,294,256,38
E01003130,3. Associate professional and technical occupations,184,83,101
E01003130,4. Administrative and secretarial occupations,86,109,-23
E01003130,5. Skilled trades occupations,76,81,-5
E01003130,"6. Caring, leisure and other service occupations",68,72,-4
E01003130,7. Sales and customer service occupations,32,47,-15
E01003130,"8. Process, plant and machine operatives",33,25,8
E01003130,9. Elementary occupations,115,105,10
E01003131,"1. Managers, directors and senior officials",269,110,159
E01003131,2. Professional occupations,433,180,253
E01003131,3. Associate professional and technical occupations,322,53,269
E01003131,4. Administrative and secretarial occupations,83,94,-11
E01003131,5. Skilled trades occupations,55,50,5
E01003131,"6. Caring, leisure and other service occupations",75,61,14
E01003131,7. Sales and customer service occupations,50,39,11
E01003131,"8. Process, plant and machine operatives",22,20,2
E01003131,9. Elementary occupations,83,72,11
E01003132,"1. Managers, directors and senior officials",79,38,41
E01003132,2. Professional occupations,149,91,58
E01003132,3. Associate professional and technical occupations,109,36,73
E01003132,4. Administrative and secretarial occupations,63,55,8
E01003132,5. Skilled trades occupations,39,51,-12
E01003132,"6. Caring, leisure and other service occupations",76,79,-3
E01003132,7. Sales and customer service occupations,44,50,-6
E01003132,"8. Process, plant and machine operatives",31,39,-8
E01003132,9. Elementary occupations,79,104,-25
E01003133,"1. Managers, directors and senior officials",163,117,46
E01003133,2. Professional occupations,289,245,44
E01003133,3. Associate professional and technical occupations,172,52,120
E01003133,4. Administrative and secretarial occupations,74,108,-34
E01003133,5. Skilled trades occupations,76,70,6
E01003133,"6. Caring, leisure and other service occupations",61,69,-8
E01003133,7. Sales and customer service occupations,39,57,-18
E01003133,"8. Process, plant and machine operatives",13,22,-9
E01003133,9. Elementary occupations,101,78,23
E01003134,"1. Managers, directors and senior officials",151,89,62
E01003134,2. Professional occupations,295,202,93
E01003134,3. Associate professional and technical occupations,147,56,91
E01003134,4. Administrative and secretarial occupations,57,92,-35
E01003134,5. Skilled trades occupations,47,64,-17
E01003134,"6. Caring, leisure and other service occupations",46,57,-11
E01003134,7. Sales and customer service occupations,59,53,6
E01003134,"8. Process, plant and machine operatives",24,33,-9
E01003134,9. Elementary occupations,46,64,-18
E01003135,"1. Managers, directors and senior officials",168,116,52
E01003135,2. Professional occupations,293,213,80
E01003135,3. Associate professional and technical occupations,209,55,154
E01003135,4. Administrative and secretarial occupations,63,109,-46
E01003135,5. Skilled trades occupations,77,71,6
E01003135,"6. Caring, leisure and other service occupations",82,61,21
E01003135,7. Sales and customer service occupations,68,50,18
E01003135,"8. Process, plant and machine operatives",54,28,26
E01003135,9. Elementary occupations,81,105,-24
E01003136,"1. Managers, directors and senior officials",116,104,12
E01003136,2. Professional occupations,244,199,45
E01003136,3. Associate professional and technical occupations,182,60,122
E01003136,4. Administrative and secretarial occupations,95,105,-10
E01003136,5. Skilled trades occupations,64,52,12
E01003136,"6. Caring, leisure and other service occupations",92,64,28
E01003136,7. Sales and customer service occupations,42,61,-19
E01003136,"8. Process, plant and machine operatives",46,20,26
E01003136,9. Elementary occupations,112,112,0
E01003137,"1. Managers, directors and senior officials",86,63,23
E01003137,2. Professional occupations,180,109,71
E01003137,3. Associate professional and technical occupations,131,44,87
E01003137,4. Administrative and secretarial occupations,58,90,-32
E01003137,5. Skilled trades occupations,53,64,-11
E01003137,"6. Caring, leisure and other service occupations",82,82,0
E01003137,7. Sales and customer service occupations,56,47,9
E01003137,"8. Process, plant and machine operatives",47,26,21
E01003137,9. Elementary occupations,145,112,33
E01003138,"1. Managers, directors and senior officials",232,161,71
E01003138,2. Professional occupations,403,332,71
E01003138,3. Associate professional and technical occupations,200,70,130
E01003138,4. Administrative and secretarial occupations,53,108,-55
E01003138,5. Skilled trades occupations,37,44,-7
E01003138,"6. Caring, leisure and other service occupations",22,38,-16
E01003138,7. Sales and customer service occupations,26,46,-20
E01003138,"8. Process, plant and machine operatives",8,12,-4
E01003138,9. Elementary occupations,27,55,-28
E01003139,"1. Managers, directors and senior officials",94,47,47
E01003139,2. Professional occupations,176,105,71
E01003139,3. Associate professional and technical occupations,112,29,83
E01003139,4. Administrative and secretarial occupations,65,81,-16
E01003139,5. Skilled trades occupations,100,74,26
E01003139,"6. Caring, leisure and other service occupations",67,65,2
E01003139,7. Sales and customer service occupations,38,58,-20
E01003139,"8. Process, plant and machine operatives",47,25,22
E01003139,9. Elementary occupations,128,91,37
E01003140,"1. Managers, directors and senior officials",80,80,0
E01003140,2. Professional occupations,152,125,27
E01003140,3. Associate professional and technical occupations,100,47,53
E01003140,4. Administrative and secretarial occupations,72,136,-64
E01003140,5. Skilled trades occupations,79,123,-44
E01003140,"6. Caring, leisure and other service occupations",53,75,-22
E01003140,7. Sales and customer service occupations,61,69,-8
E01003140,"8. Process, plant and machine operatives",51,63,-12
E01003140,9. Elementary occupations,91,117,-26
E01003141,"1. Managers, directors and senior officials",99,76,23
E01003141,2. Professional occupations,242,157,85
E01003141,3. Associate professional and technical occupations,125,53,72
E01003141,4. Administrative and secretarial occupations,69,98,-29
E01003141,5. Skilled trades occupations,81,65,16
E01003141,"6. Caring, leisure and other service occupations",92,66,26
E01003141,7. Sales and customer service occupations,45,62,-17
E01003141,"8. Process, plant and machine operatives",37,43,-6
E01003141,9. Elementary occupations,125,106,19
E01003142,"1. Managers, directors and senior officials",88,48,40
E01003142,2. Professional occupations,132,81,51
E01003142,3. Associate professional and technical occupations,86,25,61
E01003142,4. Administrative and secretarial occupations,77,70,7
E01003142,5. Skilled trades occupations,76,73,3
E01003142,"6. Caring, leisure and other service occupations",62,63,-1
E01003142,7. Sales and customer service occupations,42,63,-21
E01003142,"8. Process, plant and machine operatives",47,37,10
E01003142,9. Elementary occupations,102,91,11
E01003143,"1. Managers, directors and senior officials",67,38,29
E01003143,2. Professional occupations,142,89,53
E01003143,3. Associate professional and technical occupations,108,41,67
E01003143,4. Administrative and secretarial occupations,43,81,-38
E01003143,5. Skilled trades occupations,70,75,-5
E01003143,"6. Caring, leisure and other service occupations",84,70,14
E01003143,7. Sales and customer service occupations,42,58,-16
E01003143,"8. Process, plant and machine operatives",50,33,17
E01003143,9. Elementary occupations,104,90,14
E01003144,"1. Managers, directors and senior officials",153,112,41
E01003144,2. Professional occupations,281,212,69
E01003144,3. Associate professional and technical occupations,131,52,79
E01003144,4. Administrative and secretarial occupations,71,90,-19
E01003144,5. Skilled trades occupations,58,53,5
E01003144,"6. Caring, leisure and other service occupations",42,54,-12
E01003144,7. Sales and customer service occupations,38,45,-7
E01003144,"8. Process, plant and machine operatives",19,24,-5
E01003144,9. Elementary occupations,44,48,-4
E01003145,"1. Managers, directors and senior officials",121,88,33
E01003145,2. Professional occupations,269,219,50
E01003145,3. Associate professional and technical occupations,146,62,84
E01003145,4. Administrative and secretarial occupations,48,114,-66
E01003145,5. Skilled trades occupations,87,84,3
E01003145,"6. Caring, leisure and other service occupations",54,80,-26
E01003145,7. Sales and customer service occupations,58,77,-19
E01003145,"8. Process, plant and machine operatives",26,35,-9
E01003145,9. Elementary occupations,156,102,54
E01003146,"1. Managers, directors and senior officials",104,50,54
E01003146,2. Professional occupations,168,121,47
E01003146,3. Associate professional and technical occupations,149,23,126
E01003146,4. Administrative and secretarial occupations,71,86,-15
E01003146,5. Skilled trades occupations,103,123,-20
E01003146,"6. Caring, leisure and other service occupations",73,68,5
E01003146,7. Sales and customer service occupations,43,69,-26
E01003146,"8. Process, plant and machine operatives",60,35,25
E01003146,9. Elementary occupations,130,106,24
E01003147,"1. Managers, directors and senior officials",169,105,64
E01003147,2. Professional occupations,268,213,55
E01003147,3. Associate professional and technical occupations,159,62,97
E01003147,4. Administrative and secretarial occupations,81,113,-32
E01003147,5. Skilled trades occupations,103,92,11
E01003147,"6. Caring, leisure and other service occupations",92,83,9
E01003147,7. Sales and customer service occupations,64,80,-16
E01003147,"8. Process, plant and machine operatives",70,43,27
E01003147,9. Elementary occupations,150,132,18
E01003148,"1. Managers, directors and senior officials",202,109,93
E01003148,2. Professional occupations,286,225,61
E01003148,3. Associate professional and technical occupations,226,81,145
E01003148,4. Administrative and secretarial occupations,68,95,-27
E01003148,5. Skilled trades occupations,78,93,-15
E01003148,"6. Caring, leisure and other service occupations",56,82,-26
E01003148,7. Sales and customer service occupations,43,48,-5
E01003148,"8. Process, plant and machine operatives",54,33,21
E01003148,9. Elementary occupations,77,83,-6
E01003149,"1. Managers, directors and senior officials",189,128,61
E01003149,2. Professional occupations,291,234,57
E01003149,3. Associate professional and technical occupations,176,51,125
E01003149,4. Administrative and secretarial occupations,76,103,-27
E01003149,5. Skilled trades occupations,56,72,-16
E01003149,"6. Caring, leisure and other service occupations",53,70,-17
E01003149,7. Sales and customer service occupations,47,56,-9
E01003149,"8. Process, plant and machine operatives",28,34,-6
E01003149,9. Elementary occupations,73,66,7
E01003150,"1. Managers, directors and senior officials",140,87,53
E01003150,2. Professional occupations,245,205,40
E01003150,3. Associate professional and technical occupations,177,40,137
E01003150,4. Administrative and secretarial occupations,62,91,-29
E01003150,5. Skilled trades occupations,95,96,-1
E01003150,"6. Caring, leisure and other service occupations",107,79,28
E01003150,7. Sales and customer service occupations,59,66,-7
E01003150,"8. Process, plant and machine operatives",42,33,9
E01003150,9. Elementary occupations,136,81,55
E01003151,"1. Managers, directors and senior officials",100,71,29
E01003151,2. Professional occupations,254,142,112
E01003151,3. Associate professional and technical occupations,162,39,123
E01003151,4. Administrative and secretarial occupations,73,107,-34
E01003151,5. Skilled trades occupations,62,58,4
E01003151,"6. Caring, leisure and other service occupations",110,94,16
E01003151,7. Sales and customer service occupations,75,84,-9
E01003151,"8. Process, plant and machine operatives",41,27,14
E01003151,9. Elementary occupations,107,98,9
E01003152,"1. Managers, directors and senior officials",198,120,78
E01003152,2. Professional occupations,363,257,106
E01003152,3. Associate professional and technical occupations,238,69,169
E01003152,4. Administrative and secretarial occupations,68,107,-39
E01003152,5. Skilled trades occupations,78,95,-17
E01003152,"6. Caring, leisure and other service occupations",66,70,-4
E01003152,7. Sales and customer service occupations,35,80,-45
E01003152,"8. Process, plant and machine operatives",35,34,1
E01003152,9. Elementary occupations,76,102,-26
E01003153,"1. Managers, directors and senior officials",249,158,91
E01003153,2. Professional occupations,433,299,134
E01003153,3. Associate professional and technical occupations,305,111,194
E01003153,4. Administrative and secretarial occupations,97,143,-46
E01003153,5. Skilled trades occupations,107,130,-23
E01003153,"6. Caring, leisure and other service occupations",97,107,-10
E01003153,7. Sales and customer service occupations,74,76,-2
E01003153,"8. Process, plant and machine operatives",41,39,2
E01003153,9. Elementary occupations,146,168,-22
E01003154,"1. Managers, directors and senior officials",135,90,45
E01003154,2. Professional occupations,232,150,82
E01003154,3. Associate professional and technical occupations,176,49,127
E01003154,4. Administrative and secretarial occupations,83,130,-47
E01003154,5. Skilled trades occupations,54,84,-30
E01003154,"6. Caring, leisure and other service occupations",97,102,-5
E01003154,7. Sales and customer service occupations,68,59,9
E01003154,"8. Process, plant and machine operatives",36,32,4
E01003154,9. Elementary occupations,109,96,13
E01003155,"1. Managers, directors and senior officials",190,102,88
E01003155,2. Professional occupations,282,223,59
E01003155,3. Associate professional and technical occupations,190,72,118
E01003155,4. Administrative and secretarial occupations,69,152,-83
E01003155,5. Skilled trades occupations,72,114,-42
E01003155,"6. Caring, leisure and other service occupations",72,65,7
E01003155,7. Sales and customer service occupations,56,57,-1
E01003155,"8. Process, plant and machine operatives",27,35,-8
E01003155,9. Elementary occupations,96,96,0
E01003156,"1. Managers, directors and senior officials",158,118,40
E01003156,2. Professional occupations,371,260,111
E01003156,3. Associate professional and technical occupations,217,64,153
E01003156,4. Administrative and secretarial occupations,47,90,-43
E01003156,5. Skilled trades occupations,40,42,-2
E01003156,"6. Caring, leisure and other service occupations",49,48,1
E01003156,7. Sales and customer service occupations,40,27,13
E01003156,"8. Process, plant and machine operatives",22,22,0
E01003156,9. Elementary occupations,46,52,-6
E01003157,"1. Managers, directors and senior officials",227,140,87
E01003157,2. Professional occupations,339,317,22
E01003157,3. Associate professional and technical occupations,208,51,157
E01003157,4. Administrative and secretarial occupations,54,77,-23
E01003157,5. Skilled trades occupations,7,25,-18
E01003157,"6. Caring, leisure and other service occupations",28,35,-7
E01003157,7. Sales and customer service occupations,30,37,-7
E01003157,"8. Process, plant and machine operatives",4,8,-4
E01003157,9. Elementary occupations,19,25,-6
E01003158,"1. Managers, directors and senior officials",234,190,44
E01003158,2. Professional occupations,453,393,60
E01003158,3. Associate professional and technical occupations,278,80,198
E01003158,4. Administrative and secretarial occupations,71,109,-38
E01003158,5. Skilled trades occupations,12,29,-17
E01003158,"6. Caring, leisure and other service occupations",28,39,-11
E01003158,7. Sales and customer service occupations,24,37,-13
E01003158,"8. Process, plant and machine operatives",14,10,4
E01003158,9. Elementary occupations,24,26,-2
E01003159,"1. Managers, directors and senior officials",134,63,71
E01003159,2. Professional occupations,288,135,153
E01003159,3. Associate professional and technical occupations,214,56,158
E01003159,4. Administrative and secretarial occupations,90,85,5
E01003159,5. Skilled trades occupations,59,50,9
E01003159,"6. Caring, leisure and other service occupations",70,76,-6
E01003159,7. Sales and customer service occupations,59,47,12
E01003159,"8. Process, plant and machine operatives",50,35,15
E01003159,9. Elementary occupations,118,136,-18
E01003160,"1. Managers, directors and senior officials",81,31,50
E01003160,2. Professional occupations,161,69,92
E01003160,3. Associate professional and technical occupations,128,36,92
E01003160,4. Administrative and secretarial occupations,57,71,-14
E01003160,5. Skilled trades occupations,32,48,-16
E01003160,"6. Caring, leisure and other service occupations",111,98,13
E01003160,7. Sales and customer service occupations,66,79,-13
E01003160,"8. Process, plant and machine operatives",46,47,-1
E01003160,9. Elementary occupations,154,140,14
E01003161,"1. Managers, directors and senior officials",144,83,61
E01003161,2. Professional occupations,333,222,111
E01003161,3. Associate professional and technical occupations,156,42,114
E01003161,4. Administrative and secretarial occupations,49,70,-21
E01003161,5. Skilled trades occupations,28,37,-9
E01003161,"6. Caring, leisure and other service occupations",36,37,-1
E01003161,7. Sales and customer service occupations,20,32,-12
E01003161,"8. Process, plant and machine operatives",19,7,12
E01003161,9. Elementary occupations,31,30,1
E01003162,"1. Managers, directors and senior officials",61,47,14
E01003162,2. Professional occupations,136,101,35
E01003162,3. Associate professional and technical occupations,130,36,94
E01003162,4. Administrative and secretarial occupations,65,85,-20
E01003162,5. Skilled trades occupations,69,80,-11
E01003162,"6. Caring, leisure and other service occupations",140,136,4
E01003162,7. Sales and customer service occupations,73,82,-9
E01003162,"8. Process, plant and machine operatives",57,60,-3
E01003162,9. Elementary occupations,242,205,37
E01003163,"1. Managers, directors and senior officials",161,105,56
E01003163,2. Professional occupations,275,221,54
E01003163,3. Associate professional and technical occupations,175,51,124
E01003163,4. Administrative and secretarial occupations,68,101,-33
E01003163,5. Skilled trades occupations,42,50,-8
E01003163,"6. Caring, leisure and other service occupations",54,60,-6
E01003163,7. Sales and customer service occupations,34,41,-7
E01003163,"8. Process, plant and machine operatives",28,20,8
E01003163,9. Elementary occupations,50,47,3
E01003164,"1. Managers, directors and senior officials",191,108,83
E01003164,2. Professional occupations,349,272,77
E01003164,3. Associate professional and technical occupations,228,100,128
E01003164,4. Administrative and secretarial occupations,73,130,-57
E01003164,5. Skilled trades occupations,103,77,26
E01003164,"6. Caring, leisure and other service occupations",117,85,32
E01003164,7. Sales and customer service occupations,69,101,-32
E01003164,"8. Process, plant and machine operatives",41,28,13
E01003164,9. Elementary occupations,144,87,57
E01003165,"1. Managers, directors and senior officials",151,107,44
E01003165,2. Professional occupations,273,242,31
E01003165,3. Associate professional and technical occupations,184,60,124
E01003165,4. Administrative and secretarial occupations,51,78,-27
E01003165,5. Skilled trades occupations,39,31,8
E01003165,"6. Caring, leisure and other service occupations",62,68,-6
E01003165,7. Sales and customer service occupations,29,29,0
E01003165,"8. Process, plant and machine operatives",16,22,-6
E01003165,9. Elementary occupations,48,55,-7
E01003166,"1. Managers, directors and senior officials",199,137,62
E01003166,2. Professional occupations,457,367,90
E01003166,3. Associate professional and technical occupations,275,84,191
E01003166,4. Administrative and secretarial occupations,95,132,-37
E01003166,5. Skilled trades occupations,96,83,13
E01003166,"6. Caring, leisure and other service occupations",91,79,12
E01003166,7. Sales and customer service occupations,53,78,-25
E01003166,"8. Process, plant and machine operatives",47,51,-4
E01003166,9. Elementary occupations,174,122,52
E01003167,"1. Managers, directors and senior officials",200,142,58
E01003167,2. Professional occupations,354,308,46
E01003167,3. Associate professional and technical occupations,193,64,129
E01003167,4. Administrative and secretarial occupations,64,89,-25
E01003167,5. Skilled trades occupations,31,35,-4
E01003167,"6. Caring, leisure and other service occupations",38,56,-18
E01003167,7. Sales and customer service occupations,27,35,-8
E01003167,"8. Process, plant and machine operatives",9,13,-4
E01003167,9. Elementary occupations,28,44,-16
E01003168,"1. Managers, directors and senior officials",77,49,28
E01003168,2. Professional occupations,144,117,27
E01003168,3. Associate professional and technical occupations,112,45,67
E01003168,4. Administrative and secretarial occupations,53,80,-27
E01003168,5. Skilled trades occupations,58,53,5
E01003168,"6. Caring, leisure and other service occupations",107,97,10
E01003168,7. Sales and customer service occupations,58,66,-8
E01003168,"8. Process, plant and machine operatives",44,39,5
E01003168,9. Elementary occupations,114,72,42
E01003169,"1. Managers, directors and senior officials",201,130,71
E01003169,2. Professional occupations,492,376,116
E01003169,3. Associate professional and technical occupations,287,96,191
E01003169,4. Administrative and secretarial occupations,93,131,-38
E01003169,5. Skilled trades occupations,59,70,-11
E01003169,"6. Caring, leisure and other service occupations",83,97,-14
E01003169,7. Sales and customer service occupations,66,72,-6
E01003169,"8. Process, plant and machine operatives",48,32,16
E01003169,9. Elementary occupations,87,102,-15
E01003170,"1. Managers, directors and senior officials",217,131,86
E01003170,2. Professional occupations,378,365,13
E01003170,3. Associate professional and technical occupations,204,57,147
E01003170,4. Administrative and secretarial occupations,61,84,-23
E01003170,5. Skilled trades occupations,29,35,-6
E01003170,"6. Caring, leisure and other service occupations",27,55,-28
E01003170,7. Sales and customer service occupations,36,37,-1
E01003170,"8. Process, plant and machine operatives",14,18,-4
E01003170,9. Elementary occupations,36,44,-8
E01003171,"1. Managers, directors and senior officials",165,109,56
E01003171,2. Professional occupations,338,311,27
E01003171,3. Associate professional and technical occupations,257,75,182
E01003171,4. Administrative and secretarial occupations,84,103,-19
E01003171,5. Skilled trades occupations,35,54,-19
E01003171,"6. Caring, leisure and other service occupations",78,56,22
E01003171,7. Sales and customer service occupations,41,63,-22
E01003171,"8. Process, plant and machine operatives",29,25,4
E01003171,9. Elementary occupations,69,70,-1
E01003172,"1. Managers, directors and senior officials",110,76,34
E01003172,2. Professional occupations,287,204,83
E01003172,3. Associate professional and technical occupations,181,67,114
E01003172,4. Administrative and secretarial occupations,77,108,-31
E01003172,5. Skilled trades occupations,41,44,-3
E01003172,"6. Caring, leisure and other service occupations",117,102,15
E01003172,7. Sales and customer service occupations,43,66,-23
E01003172,"8. Process, plant and machine operatives",21,49,-28
E01003172,9. Elementary occupations,89,127,-38
E01003173,"1. Managers, directors and senior officials",141,111,30
E01003173,2. Professional occupations,344,286,58
E01003173,3. Associate professional and technical occupations,217,72,145
E01003173,4. Administrative and secretarial occupations,60,95,-35
E01003173,5. Skilled trades occupations,46,57,-11
E01003173,"6. Caring, leisure and other service occupations",56,63,-7
E01003173,7. Sales and customer service occupations,39,55,-16
E01003173,"8. Process, plant and machine operatives",14,15,-1
E01003173,9. Elementary occupations,89,88,1
E01003174,"1. Managers, directors and senior officials",90,61,29
E01003174,2. Professional occupations,166,114,52
E01003174,3. Associate professional and technical occupations,133,53,80
E01003174,4. Administrative and secretarial occupations,71,104,-33
E01003174,5. Skilled trades occupations,62,74,-12
E01003174,"6. Caring, leisure and other service occupations",123,131,-8
E01003174,7. Sales and customer service occupations,82,93,-11
E01003174,"8. Process, plant and machine operatives",56,53,3
E01003174,9. Elementary occupations,194,161,33
E01003175,"1. Managers, directors and senior officials",68,48,20
E01003175,2. Professional occupations,169,103,66
E01003175,3. Associate professional and technical occupations,133,38,95
E01003175,4. Administrative and secretarial occupations,66,83,-17
E01003175,5. Skilled trades occupations,25,51,-26
E01003175,"6. Caring, leisure and other service occupations",98,105,-7
E01003175,7. Sales and customer service occupations,63,74,-11
E01003175,"8. Process, plant and machine operatives",43,38,5
E01003175,9. Elementary occupations,96,89,7
E01003176,"1. Managers, directors and senior officials",73,52,21
E01003176,2. Professional occupations,226,151,75
E01003176,3. Associate professional and technical occupations,179,49,130
E01003176,4. Administrative and secretarial occupations,61,93,-32
E01003176,5. Skilled trades occupations,50,56,-6
E01003176,"6. Caring, leisure and other service occupations",120,85,35
E01003176,7. Sales and customer service occupations,79,53,26
E01003176,"8. Process, plant and machine operatives",50,49,1
E01003176,9. Elementary occupations,148,135,13
E01003177,"1. Managers, directors and senior officials",144,95,49
E01003177,2. Professional occupations,355,265,90
E01003177,3. Associate professional and technical occupations,239,62,177
E01003177,4. Administrative and secretarial occupations,65,85,-20
E01003177,5. Skilled trades occupations,37,48,-11
E01003177,"6. Caring, leisure and other service occupations",51,66,-15
E01003177,7. Sales and customer service occupations,38,51,-13
E01003177,"8. Process, plant and machine operatives",16,23,-7
E01003177,9. Elementary occupations,90,106,-16
E01003178,"1. Managers, directors and senior officials",154,129,25
E01003178,2. Professional occupations,389,291,98
E01003178,3. Associate professional and technical occupations,291,89,202
E01003178,4. Administrative and secretarial occupations,49,91,-42
E01003178,5. Skilled trades occupations,33,59,-26
E01003178,"6. Caring, leisure and other service occupations",27,54,-27
E01003178,7. Sales and customer service occupations,36,47,-11
E01003178,"8. Process, plant and machine operatives",19,12,7
E01003178,9. Elementary occupations,43,52,-9
E01003179,"1. Managers, directors and senior officials",75,42,33
E01003179,2. Professional occupations,106,110,-4
E01003179,3. Associate professional and technical occupations,106,38,68
E01003179,4. Administrative and secretarial occupations,36,56,-20
E01003179,5. Skilled trades occupations,49,49,0
E01003179,"6. Caring, leisure and other service occupations",106,76,30
E01003179,7. Sales and customer service occupations,37,73,-36
E01003179,"8. Process, plant and machine operatives",59,33,26
E01003179,9. Elementary occupations,202,157,45
E01003180,"1. Managers, directors and senior officials",121,93,28
E01003180,2. Professional occupations,272,200,72
E01003180,3. Associate professional and technical occupations,156,58,98
E01003180,4. Administrative and secretarial occupations,76,87,-11
E01003180,5. Skilled trades occupations,47,50,-3
E01003180,"6. Caring, leisure and other service occupations",67,63,4
E01003180,7. Sales and customer service occupations,44,57,-13
E01003180,"8. Process, plant and machine operatives",27,18,9
E01003180,9. Elementary occupations,94,76,18
E01003181,"1. Managers, directors and senior officials",90,65,25
E01003181,2. Professional occupations,210,172,38
E01003181,3. Associate professional and technical occupations,150,57,93
E01003181,4. Administrative and secretarial occupations,75,79,-4
E01003181,5. Skilled trades occupations,46,28,18
E01003181,"6. Caring, leisure and other service occupations",85,76,9
E01003181,7. Sales and customer service occupations,54,67,-13
E01003181,"8. Process, plant and machine operatives",43,24,19
E01003181,9. Elementary occupations,82,76,6
E01003182,"1. Managers, directors and senior officials",143,84,59
E01003182,2. Professional occupations,264,184,80
E01003182,3. Associate professional and technical occupations,202,52,150
E01003182,4. Administrative and secretarial occupations,78,89,-11
E01003182,5. Skilled trades occupations,43,70,-27
E01003182,"6. Caring, leisure and other service occupations",77,87,-10
E01003182,7. Sales and customer service occupations,60,46,14
E01003182,"8. Process, plant and machine operatives",39,32,7
E01003182,9. Elementary occupations,110,126,-16
E01003183,"1. Managers, directors and senior officials",80,67,13
E01003183,2. Professional occupations,186,152,34
E01003183,3. Associate professional and technical occupations,133,50,83
E01003183,4. Administrative and secretarial occupations,72,76,-4
E01003183,5. Skilled trades occupations,51,41,10
E01003183,"6. Caring, leisure and other service occupations",79,67,12
E01003183,7. Sales and customer service occupations,49,63,-14
E01003183,"8. Process, plant and machine operatives",37,23,14
E01003183,9. Elementary occupations,114,109,5
E01003184,"1. Managers, directors and senior officials",76,26,50
E01003184,2. Professional occupations,158,79,79
E01003184,3. Associate professional and technical occupations,91,29,62
E01003184,4. Administrative and secretarial occupations,54,64,-10
E01003184,5. Skilled trades occupations,40,34,6
E01003184,"6. Caring, leisure and other service occupations",69,73,-4
E01003184,7. Sales and customer service occupations,47,51,-4
E01003184,"8. Process, plant and machine operatives",52,26,26
E01003184,9. Elementary occupations,127,119,8
E01003185,"1. Managers, directors and senior officials",123,96,27
E01003185,2. Professional occupations,361,274,87
E01003185,3. Associate professional and technical occupations,271,70,201
E01003185,4. Administrative and secretarial occupations,83,95,-12
E01003185,5. Skilled trades occupations,57,44,13
E01003185,"6. Caring, leisure and other service occupations",53,39,14
E01003185,7. Sales and customer service occupations,59,47,12
E01003185,"8. Process, plant and machine operatives",37,24,13
E01003185,9. Elementary occupations,149,105,44
E01003186,"1. Managers, directors and senior officials",236,156,80
E01003186,2. Professional occupations,577,321,256
E01003186,3. Associate professional and technical occupations,365,89,276
E01003186,4. Administrative and secretarial occupations,120,131,-11
E01003186,5. Skilled trades occupations,52,57,-5
E01003186,"6. Caring, leisure and other service occupations",50,57,-7
E01003186,7. Sales and customer service occupations,74,61,13
E01003186,"8. Process, plant and machine operatives",37,25,12
E01003186,9. Elementary occupations,90,95,-5
E01003187,"1. Managers, directors and senior officials",212,41,171
E01003187,2. Professional occupations,444,111,333
E01003187,3. Associate professional and technical occupations,255,42,213
E01003187,4. Administrative and secretarial occupations,93,80,13
E01003187,5. Skilled trades occupations,56,52,4
E01003187,"6. Caring, leisure and other service occupations",89,75,14
E01003187,7. Sales and customer service occupations,71,74,-3
E01003187,"8. Process, plant and machine operatives",47,39,8
E01003187,9. Elementary occupations,90,126,-36
E01003188,"1. Managers, directors and senior officials",54,40,14
E01003188,2. Professional occupations,159,97,62
E01003188,3. Associate professional and technical occupations,97,46,51
E01003188,4. Administrative and secretarial occupations,46,53,-7
E01003188,5. Skilled trades occupations,35,47,-12
E01003188,"6. Caring, leisure and other service occupations",107,86,21
E01003188,7. Sales and customer service occupations,33,55,-22
E01003188,"8. Process, plant and machine operatives",49,25,24
E01003188,9. Elementary occupations,81,94,-13
E01003189,"1. Managers, directors and senior officials",76,43,33
E01003189,2. Professional occupations,125,89,36
E01003189,3. Associate professional and technical occupations,103,28,75
E01003189,4. Administrative and secretarial occupations,71,77,-6
E01003189,5. Skilled trades occupations,63,52,11
E01003189,"6. Caring, leisure and other service occupations",121,90,31
E01003189,7. Sales and customer service occupations,68,65,3
E01003189,"8. Process, plant and machine operatives",51,42,9
E01003189,9. Elementary occupations,79,83,-4
E01003190,"1. Managers, directors and senior officials",75,57,18
E01003190,2. Professional occupations,207,91,116
E01003190,3. Associate professional and technical occupations,117,60,57
E01003190,4. Administrative and secretarial occupations,81,87,-6
E01003190,5. Skilled trades occupations,86,89,-3
E01003190,"6. Caring, leisure and other service occupations",136,135,1
E01003190,7. Sales and customer service occupations,114,77,37
E01003190,"8. Process, plant and machine operatives",49,34,15
E01003190,9. Elementary occupations,136,94,42
E01003191,"1. Managers, directors and senior officials",68,43,25
E01003191,2. Professional occupations,167,89,78
E01003191,3. Associate professional and technical occupations,106,42,64
E01003191,4. Administrative and secretarial occupations,67,92,-25
E01003191,5. Skilled trades occupations,90,63,27
E01003191,"6. Caring, leisure and other service occupations",80,82,-2
E01003191,7. Sales and customer service occupations,74,67,7
E01003191,"8. Process, plant and machine operatives",61,49,12
E01003191,9. Elementary occupations,100,95,5
E01003192,"1. Managers, directors and senior officials",64,30,34
E01003192,2. Professional occupations,128,89,39
E01003192,3. Associate professional and technical occupations,100,28,72
E01003192,4. Administrative and secretarial occupations,56,79,-23
E01003192,5. Skilled trades occupations,73,66,7
E01003192,"6. Caring, leisure and other service occupations",107,95,12
E01003192,7. Sales and customer service occupations,89,87,2
E01003192,"8. Process, plant and machine operatives",54,45,9
E01003192,9. Elementary occupations,115,97,18
E01003193,"1. Managers, directors and senior officials",119,64,55
E01003193,2. Professional occupations,191,127,64
E01003193,3. Associate professional and technical occupations,117,39,78
E01003193,4. Administrative and secretarial occupations,76,97,-21
E01003193,5. Skilled trades occupations,72,75,-3
E01003193,"6. Caring, leisure and other service occupations",92,91,1
E01003193,7. Sales and customer service occupations,53,44,9
E01003193,"8. Process, plant and machine operatives",37,50,-13
E01003193,9. Elementary occupations,59,77,-18
E01003194,"1. Managers, directors and senior officials",77,61,16
E01003194,2. Professional occupations,146,108,38
E01003194,3. Associate professional and technical occupations,128,49,79
E01003194,4. Administrative and secretarial occupations,65,122,-57
E01003194,5. Skilled trades occupations,101,67,34
E01003194,"6. Caring, leisure and other service occupations",94,95,-1
E01003194,7. Sales and customer service occupations,62,70,-8
E01003194,"8. Process, plant and machine operatives",50,49,1
E01003194,9. Elementary occupations,96,96,0
E01003195,"1. Managers, directors and senior officials",96,60,36
E01003195,2. Professional occupations,227,165,62
E01003195,3. Associate professional and technical occupations,134,56,78
E01003195,4. Administrative and secretarial occupations,83,120,-37
E01003195,5. Skilled trades occupations,64,64,0
E01003195,"6. Caring, leisure and other service occupations",68,71,-3
E01003195,7. Sales and customer service occupations,49,67,-18
E01003195,"8. Process, plant and machine operatives",42,42,0
E01003195,9. Elementary occupations,57,57,0
E01003196,"1. Managers, directors and senior officials",59,35,24
E01003196,2. Professional occupations,135,84,51
E01003196,3. Associate professional and technical occupations,88,41,47
E01003196,4. Administrative and secretarial occupations,72,96,-24
E01003196,5. Skilled trades occupations,71,74,-3
E01003196,"6. Caring, leisure and other service occupations",104,100,4
E01003196,7. Sales and customer service occupations,95,61,34
E01003196,"8. Process, plant and machine operatives",69,55,14
E01003196,9. Elementary occupations,94,100,-6
E01003197,"1. Managers, directors and senior officials",62,45,17
E01003197,2. Professional occupations,123,82,41
E01003197,3. Associate professional and technical occupations,92,43,49
E01003197,4. Administrative and secretarial occupations,65,76,-11
E01003197,5. Skilled trades occupations,50,51,-1
E01003197,"6. Caring, leisure and other service occupations",90,84,6
E01003197,7. Sales and customer service occupations,60,87,-27
E01003197,"8. Process, plant and machine operatives",65,49,16
E01003197,9. Elementary occupations,94,106,-12
E01003198,"1. Managers, directors and senior officials",184,125,59
E01003198,2. Professional occupations,258,252,6
E01003198,3. Associate professional and technical occupations,143,36,107
E01003198,4. Administrative and secretarial occupations,64,55,9
E01003198,5. Skilled trades occupations,27,16,11
E01003198,"6. Caring, leisure and other service occupations",42,44,-2
E01003198,7. Sales and customer service occupations,29,37,-8
E01003198,"8. Process, plant and machine operatives",10,15,-5
E01003198,9. Elementary occupations,51,42,9
E01003199,"1. Managers, directors and senior officials",212,168,44
E01003199,2. Professional occupations,413,332,81
E01003199,3. Associate professional and technical occupations,225,67,158
E01003199,4. Administrative and secretarial occupations,65,115,-50
E01003199,5. Skilled trades occupations,46,30,16
E01003199,"6. Caring, leisure and other service occupations",52,54,-2
E01003199,7. Sales and customer service occupations,45,43,2
E01003199,"8. Process, plant and machine operatives",23,11,12
E01003199,9. Elementary occupations,71,47,24
E01003200,"1. Managers, directors and senior officials",173,157,16
E01003200,2. Professional occupations,322,329,-7
E01003200,3. Associate professional and technical occupations,164,62,102
E01003200,4. Administrative and secretarial occupations,69,75,-6
E01003200,5. Skilled trades occupations,42,28,14
E01003200,"6. Caring, leisure and other service occupations",26,22,4
E01003200,7. Sales and customer service occupations,28,38,-10
E01003200,"8. Process, plant and machine operatives",16,14,2
E01003200,9. Elementary occupations,26,32,-6
E01003201,"1. Managers, directors and senior officials",135,92,43
E01003201,2. Professional occupations,262,207,55
E01003201,3. Associate professional and technical occupations,140,41,99
E01003201,4. Administrative and secretarial occupations,64,84,-20
E01003201,5. Skilled trades occupations,45,53,-8
E01003201,"6. Caring, leisure and other service occupations",67,77,-10
E01003201,7. Sales and customer service occupations,64,53,11
E01003201,"8. Process, plant and machine operatives",32,26,6
E01003201,9. Elementary occupations,66,79,-13
E01003202,"1. Managers, directors and senior officials",183,143,40
E01003202,2. Professional occupations,309,327,-18
E01003202,3. Associate professional and technical occupations,191,60,131
E01003202,4. Administrative and secretarial occupations,66,109,-43
E01003202,5. Skilled trades occupations,31,24,7
E01003202,"6. Caring, leisure and other service occupations",35,33,2
E01003202,7. Sales and customer service occupations,18,27,-9
E01003202,"8. Process, plant and machine operatives",22,12,10
E01003202,9. Elementary occupations,19,23,-4
E01003203,"1. Managers, directors and senior officials",126,88,38
E01003203,2. Professional occupations,249,286,-37
E01003203,3. Associate professional and technical occupations,164,83,81
E01003203,4. Administrative and secretarial occupations,96,129,-33
E01003203,5. Skilled trades occupations,65,42,23
E01003203,"6. Caring, leisure and other service occupations",104,83,21
E01003203,7. Sales and customer service occupations,68,44,24
E01003203,"8. Process, plant and machine operatives",37,29,8
E01003203,9. Elementary occupations,101,98,3
E01003204,"1. Managers, directors and senior officials",127,94,33
E01003204,2. Professional occupations,329,230,99
E01003204,3. Associate professional and technical occupations,169,43,126
E01003204,4. Administrative and secretarial occupations,51,70,-19
E01003204,5. Skilled trades occupations,25,41,-16
E01003204,"6. Caring, leisure and other service occupations",49,50,-1
E01003204,7. Sales and customer service occupations,33,37,-4
E01003204,"8. Process, plant and machine operatives",27,9,18
E01003204,9. Elementary occupations,52,43,9
E01003205,"1. Managers, directors and senior officials",98,28,70
E01003205,2. Professional occupations,217,88,129
E01003205,3. Associate professional and technical occupations,127,21,106
E01003205,4. Administrative and secretarial occupations,49,57,-8
E01003205,5. Skilled trades occupations,35,30,5
E01003205,"6. Caring, leisure and other service occupations",57,61,-4
E01003205,7. Sales and customer service occupations,45,46,-1
E01003205,"8. Process, plant and machine operatives",16,31,-15
E01003205,9. Elementary occupations,52,70,-18
E01003206,"1. Managers, directors and senior officials",175,128,47
E01003206,2. Professional occupations,295,263,32
E01003206,3. Associate professional and technical occupations,149,60,89
E01003206,4. Administrative and secretarial occupations,38,74,-36
E01003206,5. Skilled trades occupations,27,52,-25
E01003206,"6. Caring, leisure and other service occupations",54,35,19
E01003206,7. Sales and customer service occupations,30,40,-10
E01003206,"8. Process, plant and machine operatives",20,17,3
E01003206,9. Elementary occupations,18,42,-24
E01003207,"1. Managers, directors and senior officials",104,36,68
E01003207,2. Professional occupations,304,101,203
E01003207,3. Associate professional and technical occupations,216,35,181
E01003207,4. Administrative and secretarial occupations,94,69,25
E01003207,5. Skilled trades occupations,65,49,16
E01003207,"6. Caring, leisure and other service occupations",106,76,30
E01003207,7. Sales and customer service occupations,55,64,-9
E01003207,"8. Process, plant and machine operatives",55,50,5
E01003207,9. Elementary occupations,153,119,34
E01003209,"1. Managers, directors and senior officials",109,106,3
E01003209,2. Professional occupations,236,145,91
E01003209,3. Associate professional and technical occupations,173,65,108
E01003209,4. Administrative and secretarial occupations,60,137,-77
E01003209,5. Skilled trades occupations,53,49,4
E01003209,"6. Caring, leisure and other service occupations",84,113,-29
E01003209,7. Sales and customer service occupations,56,124,-68
E01003209,"8. Process, plant and machine operatives",36,32,4
E01003209,9. Elementary occupations,126,147,-21
E01003210,"1. Managers, directors and senior officials",155,108,47
E01003210,2. Professional occupations,335,262,73
E01003210,3. Associate professional and technical occupations,254,96,158
E01003210,4. Administrative and secretarial occupations,67,93,-26
E01003210,5. Skilled trades occupations,29,63,-34
E01003210,"6. Caring, leisure and other service occupations",85,83,2
E01003210,7. Sales and customer service occupations,36,65,-29
E01003210,"8. Process, plant and machine operatives",27,12,15
E01003210,9. Elementary occupations,76,94,-18
E01003211,"1. Managers, directors and senior officials",124,104,20
E01003211,2. Professional occupations,338,291,47
E01003211,3. Associate professional and technical occupations,248,70,178
E01003211,4. Administrative and secretarial occupations,65,101,-36
E01003211,5. Skilled trades occupations,42,39,3
E01003211,"6. Caring, leisure and other service occupations",42,76,-34
E01003211,7. Sales and customer service occupations,36,41,-5
E01003211,"8. Process, plant and machine operatives",26,11,15
E01003211,9. Elementary occupations,67,71,-4
E01003212,"1. Managers, directors and senior officials",153,119,34
E01003212,2. Professional occupations,349,244,105
E01003212,3. Associate professional and technical occupations,225,85,140
E01003212,4. Administrative and secretarial occupations,59,133,-74
E01003212,5. Skilled trades occupations,71,77,-6
E01003212,"6. Caring, leisure and other service occupations",87,102,-15
E01003212,7. Sales and customer service occupations,40,64,-24
E01003212,"8. Process, plant and machine operatives",38,33,5
E01003212,9. Elementary occupations,102,114,-12
E01003213,"1. Managers, directors and senior officials",194,142,52
E01003213,2. Professional occupations,377,296,81
E01003213,3. Associate professional and technical occupations,267,93,174
E01003213,4. Administrative and secretarial occupations,69,109,-40
E01003213,5. Skilled trades occupations,40,57,-17
E01003213,"6. Caring, leisure and other service occupations",65,90,-25
E01003213,7. Sales and customer service occupations,44,53,-9
E01003213,"8. Process, plant and machine operatives",33,26,7
E01003213,9. Elementary occupations,75,81,-6
E01003214,"1. Managers, directors and senior officials",144,74,70
E01003214,2. Professional occupations,291,194,97
E01003214,3. Associate professional and technical occupations,201,64,137
E01003214,4. Administrative and secretarial occupations,70,115,-45
E01003214,5. Skilled trades occupations,63,79,-16
E01003214,"6. Caring, leisure and other service occupations",77,78,-1
E01003214,7. Sales and customer service occupations,63,58,5
E01003214,"8. Process, plant and machine operatives",40,31,9
E01003214,9. Elementary occupations,66,105,-39
E01003215,"1. Managers, directors and senior officials",79,72,7
E01003215,2. Professional occupations,204,170,34
E01003215,3. Associate professional and technical occupations,172,46,126
E01003215,4. Administrative and secretarial occupations,59,90,-31
E01003215,5. Skilled trades occupations,60,75,-15
E01003215,"6. Caring, leisure and other service occupations",83,101,-18
E01003215,7. Sales and customer service occupations,60,87,-27
E01003215,"8. Process, plant and machine operatives",42,19,23
E01003215,9. Elementary occupations,109,138,-29
E01003216,"1. Managers, directors and senior officials",126,94,32
E01003216,2. Professional occupations,248,179,69
E01003216,3. Associate professional and technical occupations,146,63,83
E01003216,4. Administrative and secretarial occupations,86,119,-33
E01003216,5. Skilled trades occupations,51,65,-14
E01003216,"6. Caring, leisure and other service occupations",71,85,-14
E01003216,7. Sales and customer service occupations,58,109,-51
E01003216,"8. Process, plant and machine operatives",34,30,4
E01003216,9. Elementary occupations,69,80,-11
E01003217,"1. Managers, directors and senior officials",124,77,47
E01003217,2. Professional occupations,254,159,95
E01003217,3. Associate professional and technical occupations,133,57,76
E01003217,4. Administrative and secretarial occupations,94,126,-32
E01003217,5. Skilled trades occupations,76,75,1
E01003217,"6. Caring, leisure and other service occupations",74,67,7
E01003217,7. Sales and customer service occupations,67,72,-5
E01003217,"8. Process, plant and machine operatives",43,36,7
E01003217,9. Elementary occupations,90,64,26
E01003218,"1. Managers, directors and senior officials",107,66,41
E01003218,2. Professional occupations,219,182,37
E01003218,3. Associate professional and technical occupations,121,50,71
E01003218,4. Administrative and secretarial occupations,85,113,-28
E01003218,5. Skilled trades occupations,46,62,-16
E01003218,"6. Caring, leisure and other service occupations",47,76,-29
E01003218,7. Sales and customer service occupations,48,61,-13
E01003218,"8. Process, plant and machine operatives",34,38,-4
E01003218,9. Elementary occupations,42,49,-7
E01003219,"1. Managers, directors and senior officials",106,73,33
E01003219,2. Professional occupations,211,142,69
E01003219,3. Associate professional and technical occupations,130,56,74
E01003219,4. Administrative and secretarial occupations,124,129,-5
E01003219,5. Skilled trades occupations,56,69,-13
E01003219,"6. Caring, leisure and other service occupations",71,87,-16
E01003219,7. Sales and customer service occupations,53,74,-21
E01003219,"8. Process, plant and machine operatives",37,48,-11
E01003219,9. Elementary occupations,77,72,5
E01003220,"1. Managers, directors and senior officials",109,72,37
E01003220,2. Professional occupations,186,197,-11
E01003220,3. Associate professional and technical occupations,143,51,92
E01003220,4. Administrative and secretarial occupations,59,85,-26
E01003220,5. Skilled trades occupations,56,55,1
E01003220,"6. Caring, leisure and other service occupations",75,74,1
E01003220,7. Sales and customer service occupations,70,71,-1
E01003220,"8. Process, plant and machine operatives",42,31,11
E01003220,9. Elementary occupations,68,68,0
E01003221,"1. Managers, directors and senior officials",127,101,26
E01003221,2. Professional occupations,245,185,60
E01003221,3. Associate professional and technical occupations,156,62,94
E01003221,4. Administrative and secretarial occupations,84,110,-26
E01003221,5. Skilled trades occupations,75,60,15
E01003221,"6. Caring, leisure and other service occupations",119,83,36
E01003221,7. Sales and customer service occupations,79,80,-1
E01003221,"8. Process, plant and machine operatives",54,33,21
E01003221,9. Elementary occupations,87,88,-1
E01003222,"1. Managers, directors and senior officials",115,87,28
E01003222,2. Professional occupations,213,160,53
E01003222,3. Associate professional and technical occupations,137,49,88
E01003222,4. Administrative and secretarial occupations,73,102,-29
E01003222,5. Skilled trades occupations,69,57,12
E01003222,"6. Caring, leisure and other service occupations",70,71,-1
E01003222,7. Sales and customer service occupations,57,74,-17
E01003222,"8. Process, plant and machine operatives",38,40,-2
E01003222,9. Elementary occupations,74,64,10
E01003223,"1. Managers, directors and senior officials",99,67,32
E01003223,2. Professional occupations,220,184,36
E01003223,3. Associate professional and technical occupations,119,40,79
E01003223,4. Administrative and secretarial occupations,85,105,-20
E01003223,5. Skilled trades occupations,62,90,-28
E01003223,"6. Caring, leisure and other service occupations",56,70,-14
E01003223,7. Sales and customer service occupations,62,74,-12
E01003223,"8. Process, plant and machine operatives",52,47,5
E01003223,9. Elementary occupations,69,70,-1
E01003224,"1. Managers, directors and senior officials",108,71,37
E01003224,2. Professional occupations,219,175,44
E01003224,3. Associate professional and technical occupations,123,64,59
E01003224,4. Administrative and secretarial occupations,66,122,-56
E01003224,5. Skilled trades occupations,65,62,3
E01003224,"6. Caring, leisure and other service occupations",61,87,-26
E01003224,7. Sales and customer service occupations,64,70,-6
E01003224,"8. Process, plant and machine operatives",49,43,6
E01003224,9. Elementary occupations,108,69,39
E01003225,"1. Managers, directors and senior officials",164,101,63
E01003225,2. Professional occupations,325,210,115
E01003225,3. Associate professional and technical occupations,162,60,102
E01003225,4. Administrative and secretarial occupations,69,106,-37
E01003225,5. Skilled trades occupations,50,58,-8
E01003225,"6. Caring, leisure and other service occupations",37,65,-28
E01003225,7. Sales and customer service occupations,29,48,-19
E01003225,"8. Process, plant and machine operatives",13,27,-14
E01003225,9. Elementary occupations,36,65,-29
E01003226,"1. Managers, directors and senior officials",162,123,39
E01003226,2. Professional occupations,328,266,62
E01003226,3. Associate professional and technical occupations,215,87,128
E01003226,4. Administrative and secretarial occupations,74,111,-37
E01003226,5. Skilled trades occupations,65,73,-8
E01003226,"6. Caring, leisure and other service occupations",67,73,-6
E01003226,7. Sales and customer service occupations,45,51,-6
E01003226,"8. Process, plant and machine operatives",19,29,-10
E01003226,9. Elementary occupations,66,82,-16
E01003227,"1. Managers, directors and senior officials",159,125,34
E01003227,2. Professional occupations,312,288,24
E01003227,3. Associate professional and technical occupations,210,74,136
E01003227,4. Administrative and secretarial occupations,71,90,-19
E01003227,5. Skilled trades occupations,54,49,5
E01003227,"6. Caring, leisure and other service occupations",60,52,8
E01003227,7. Sales and customer service occupations,35,49,-14
E01003227,"8. Process, plant and machine operatives",20,27,-7
E01003227,9. Elementary occupations,42,52,-10
E01003228,"1. Managers, directors and senior officials",183,110,73
E01003228,2. Professional occupations,372,296,76
E01003228,3. Associate professional and technical occupations,198,47,151
E01003228,4. Administrative and secretarial occupations,55,98,-43
E01003228,5. Skilled trades occupations,34,42,-8
E01003228,"6. Caring, leisure and other service occupations",36,42,-6
E01003228,7. Sales and customer service occupations,21,29,-8
E01003228,"8. Process, plant and machine operatives",15,16,-1
E01003228,9. Elementary occupations,30,45,-15
E01003229,"1. Managers, directors and senior officials",112,62,50
E01003229,2. Professional occupations,205,139,66
E01003229,3. Associate professional and technical occupations,162,52,110
E01003229,4. Administrative and secretarial occupations,76,94,-18
E01003229,5. Skilled trades occupations,61,51,10
E01003229,"6. Caring, leisure and other service occupations",76,60,16
E01003229,7. Sales and customer service occupations,48,64,-16
E01003229,"8. Process, plant and machine operatives",42,29,13
E01003229,9. Elementary occupations,83,68,15
E01003230,"1. Managers, directors and senior officials",129,107,22
E01003230,2. Professional occupations,316,210,106
E01003230,3. Associate professional and technical occupations,199,80,119
E01003230,4. Administrative and secretarial occupations,89,130,-41
E01003230,5. Skilled trades occupations,67,73,-6
E01003230,"6. Caring, leisure and other service occupations",87,83,4
E01003230,7. Sales and customer service occupations,71,71,0
E01003230,"8. Process, plant and machine operatives",42,44,-2
E01003230,9. Elementary occupations,79,88,-9
E01003231,"1. Managers, directors and senior officials",125,70,55
E01003231,2. Professional occupations,276,209,67
E01003231,3. Associate professional and technical occupations,203,75,128
E01003231,4. Administrative and secretarial occupations,55,92,-37
E01003231,5. Skilled trades occupations,54,68,-14
E01003231,"6. Caring, leisure and other service occupations",60,67,-7
E01003231,7. Sales and customer service occupations,50,48,2
E01003231,"8. Process, plant and machine operatives",24,35,-11
E01003231,9. Elementary occupations,67,72,-5
E01003232,"1. Managers, directors and senior officials",141,91,50
E01003232,2. Professional occupations,314,221,93
E01003232,3. Associate professional and technical occupations,184,56,128
E01003232,4. Administrative and secretarial occupations,63,118,-55
E01003232,5. Skilled trades occupations,53,71,-18
E01003232,"6. Caring, leisure and other service occupations",54,80,-26
E01003232,7. Sales and customer service occupations,45,45,0
E01003232,"8. Process, plant and machine operatives",27,32,-5
E01003232,9. Elementary occupations,49,60,-11
E01003233,"1. Managers, directors and senior officials",134,84,50
E01003233,2. Professional occupations,290,256,34
E01003233,3. Associate professional and technical occupations,208,66,142
E01003233,4. Administrative and secretarial occupations,67,108,-41
E01003233,5. Skilled trades occupations,52,49,3
E01003233,"6. Caring, leisure and other service occupations",62,70,-8
E01003233,7. Sales and customer service occupations,48,58,-10
E01003233,"8. Process, plant and machine operatives",33,30,3
E01003233,9. Elementary occupations,49,58,-9
E01003235,"1. Managers, directors and senior officials",99,67,32
E01003235,2. Professional occupations,146,84,62
E01003235,3. Associate professional and technical occupations,99,38,61
E01003235,4. Administrative and secretarial occupations,51,76,-25
E01003235,5. Skilled trades occupations,64,64,0
E01003235,"6. Caring, leisure and other service occupations",61,66,-5
E01003235,7. Sales and customer service occupations,56,60,-4
E01003235,"8. Process, plant and machine operatives",45,23,22
E01003235,9. Elementary occupations,62,56,6
E01003236,"1. Managers, directors and senior officials",74,37,37
E01003236,2. Professional occupations,116,78,38
E01003236,3. Associate professional and technical occupations,91,38,53
E01003236,4. Administrative and secretarial occupations,65,69,-4
E01003236,5. Skilled trades occupations,101,74,27
E01003236,"6. Caring, leisure and other service occupations",94,86,8
E01003236,7. Sales and customer service occupations,77,55,22
E01003236,"8. Process, plant and machine operatives",42,28,14
E01003236,9. Elementary occupations,124,74,50
E01003237,"1. Managers, directors and senior officials",75,42,33
E01003237,2. Professional occupations,141,86,55
E01003237,3. Associate professional and technical occupations,95,29,66
E01003237,4. Administrative and secretarial occupations,56,69,-13
E01003237,5. Skilled trades occupations,91,64,27
E01003237,"6. Caring, leisure and other service occupations",79,77,2
E01003237,7. Sales and customer service occupations,61,65,-4
E01003237,"8. Process, plant and machine operatives",51,40,11
E01003237,9. Elementary occupations,92,74,18
E01003238,"1. Managers, directors and senior officials",56,44,12
E01003238,2. Professional occupations,91,63,28
E01003238,3. Associate professional and technical occupations,65,34,31
E01003238,4. Administrative and secretarial occupations,58,78,-20
E01003238,5. Skilled trades occupations,87,57,30
E01003238,"6. Caring, leisure and other service occupations",107,93,14
E01003238,7. Sales and customer service occupations,59,73,-14
E01003238,"8. Process, plant and machine operatives",54,47,7
E01003238,9. Elementary occupations,57,66,-9
E01003239,"1. Managers, directors and senior officials",53,40,13
E01003239,2. Professional occupations,127,75,52
E01003239,3. Associate professional and technical occupations,69,30,39
E01003239,4. Administrative and secretarial occupations,62,85,-23
E01003239,5. Skilled trades occupations,89,64,25
E01003239,"6. Caring, leisure and other service occupations",96,100,-4
E01003239,7. Sales and customer service occupations,58,49,9
E01003239,"8. Process, plant and machine operatives",55,41,14
E01003239,9. Elementary occupations,93,79,14
E01003240,"1. Managers, directors and senior officials",73,63,10
E01003240,2. Professional occupations,131,87,44
E01003240,3. Associate professional and technical occupations,92,41,51
E01003240,4. Administrative and secretarial occupations,75,106,-31
E01003240,5. Skilled trades occupations,82,68,14
E01003240,"6. Caring, leisure and other service occupations",103,102,1
E01003240,7. Sales and customer service occupations,110,94,16
E01003240,"8. Process, plant and machine operatives",77,70,7
E01003240,9. Elementary occupations,97,74,23
E01003241,"1. Managers, directors and senior officials",102,57,45
E01003241,2. Professional occupations,136,94,42
E01003241,3. Associate professional and technical occupations,95,31,64
E01003241,4. Administrative and secretarial occupations,69,98,-29
E01003241,5. Skilled trades occupations,69,63,6
E01003241,"6. Caring, leisure and other service occupations",75,63,12
E01003241,7. Sales and customer service occupations,70,65,5
E01003241,"8. Process, plant and machine operatives",53,49,4
E01003241,9. Elementary occupations,62,61,1
E01003243,"1. Managers, directors and senior officials",57,36,21
E01003243,2. Professional occupations,107,70,37
E01003243,3. Associate professional and technical occupations,91,33,58
E01003243,4. Administrative and secretarial occupations,55,80,-25
E01003243,5. Skilled trades occupations,73,44,29
E01003243,"6. Caring, leisure and other service occupations",91,69,22
E01003243,7. Sales and customer service occupations,73,57,16
E01003243,"8. Process, plant and machine operatives",66,47,19
E01003243,9. Elementary occupations,100,75,25
E01003244,"1. Managers, directors and senior officials",70,32,38
E01003244,2. Professional occupations,162,87,75
E01003244,3. Associate professional and technical occupations,136,29,107
E01003244,4. Administrative and secretarial occupations,55,58,-3
E01003244,5. Skilled trades occupations,85,56,29
E01003244,"6. Caring, leisure and other service occupations",111,105,6
E01003244,7. Sales and customer service occupations,84,50,34
E01003244,"8. Process, plant and machine operatives",46,44,2
E01003244,9. Elementary occupations,175,120,55
E01003245,"1. Managers, directors and senior officials",58,39,19
E01003245,2. Professional occupations,182,108,74
E01003245,3. Associate professional and technical occupations,105,37,68
E01003245,4. Administrative and secretarial occupations,64,71,-7
E01003245,5. Skilled trades occupations,53,41,12
E01003245,"6. Caring, leisure and other service occupations",102,68,34
E01003245,7. Sales and customer service occupations,80,67,13
E01003245,"8. Process, plant and machine operatives",51,22,29
E01003245,9. Elementary occupations,94,102,-8
E01003246,"1. Managers, directors and senior officials",169,48,121
E01003246,2. Professional occupations,430,98,332
E01003246,3. Associate professional and technical occupations,291,42,249
E01003246,4. Administrative and secretarial occupations,93,62,31
E01003246,5. Skilled trades occupations,56,56,0
E01003246,"6. Caring, leisure and other service occupations",107,68,39
E01003246,7. Sales and customer service occupations,85,66,19
E01003246,"8. Process, plant and machine operatives",40,23,17
E01003246,9. Elementary occupations,113,121,-8
E01003247,"1. Managers, directors and senior officials",159,114,45
E01003247,2. Professional occupations,398,222,176
E01003247,3. Associate professional and technical occupations,223,64,159
E01003247,4. Administrative and secretarial occupations,89,111,-22
E01003247,5. Skilled trades occupations,99,78,21
E01003247,"6. Caring, leisure and other service occupations",102,77,25
E01003247,7. Sales and customer service occupations,66,70,-4
E01003247,"8. Process, plant and machine operatives",45,44,1
E01003247,9. Elementary occupations,139,179,-40
E01003248,"1. Managers, directors and senior officials",86,59,27
E01003248,2. Professional occupations,147,140,7
E01003248,3. Associate professional and technical occupations,97,41,56
E01003248,4. Administrative and secretarial occupations,75,82,-7
E01003248,5. Skilled trades occupations,51,47,4
E01003248,"6. Caring, leisure and other service occupations",107,102,5
E01003248,7. Sales and customer service occupations,60,49,11
E01003248,"8. Process, plant and machine operatives",52,35,17
E01003248,9. Elementary occupations,96,125,-29
E01003249,"1. Managers, directors and senior officials",128,81,47
E01003249,2. Professional occupations,287,246,41
E01003249,3. Associate professional and technical occupations,182,75,107
E01003249,4. Administrative and secretarial occupations,100,121,-21
E01003249,5. Skilled trades occupations,69,54,15
E01003249,"6. Caring, leisure and other service occupations",120,92,28
E01003249,7. Sales and customer service occupations,108,73,35
E01003249,"8. Process, plant and machine operatives",52,48,4
E01003249,9. Elementary occupations,101,110,-9
E01003251,"1. Managers, directors and senior officials",53,52,1
E01003251,2. Professional occupations,123,97,26
E01003251,3. Associate professional and technical occupations,94,35,59
E01003251,4. Administrative and secretarial occupations,49,74,-25
E01003251,5. Skilled trades occupations,77,94,-17
E01003251,"6. Caring, leisure and other service occupations",142,106,36
E01003251,7. Sales and customer service occupations,56,80,-24
E01003251,"8. Process, plant and machine operatives",48,37,11
E01003251,9. Elementary occupations,130,139,-9
E01003252,"1. Managers, directors and senior officials",33,35,-2
E01003252,2. Professional occupations,86,53,33
E01003252,3. Associate professional and technical occupations,79,17,62
E01003252,4. Administrative and secretarial occupations,41,38,3
E01003252,5. Skilled trades occupations,43,47,-4
E01003252,"6. Caring, leisure and other service occupations",123,99,24
E01003252,7. Sales and customer service occupations,64,72,-8
E01003252,"8. Process, plant and machine operatives",30,32,-2
E01003252,9. Elementary occupations,121,110,11
E01003253,"1. Managers, directors and senior officials",92,53,39
E01003253,2. Professional occupations,157,120,37
E01003253,3. Associate professional and technical occupations,134,45,89
E01003253,4. Administrative and secretarial occupations,51,64,-13
E01003253,5. Skilled trades occupations,49,47,2
E01003253,"6. Caring, leisure and other service occupations",80,85,-5
E01003253,7. Sales and customer service occupations,48,56,-8
E01003253,"8. Process, plant and machine operatives",31,28,3
E01003253,9. Elementary occupations,94,119,-25
E01003254,"1. Managers, directors and senior officials",155,106,49
E01003254,2. Professional occupations,261,279,-18
E01003254,3. Associate professional and technical occupations,158,58,100
E01003254,4. Administrative and secretarial occupations,51,84,-33
E01003254,5. Skilled trades occupations,30,42,-12
E01003254,"6. Caring, leisure and other service occupations",40,57,-17
E01003254,7. Sales and customer service occupations,27,29,-2
E01003254,"8. Process, plant and machine operatives",9,17,-8
E01003254,9. Elementary occupations,23,37,-14
E01003255,"1. Managers, directors and senior officials",200,135,65
E01003255,2. Professional occupations,396,336,60
E01003255,3. Associate professional and technical occupations,347,85,262
E01003255,4. Administrative and secretarial occupations,78,116,-38
E01003255,5. Skilled trades occupations,84,70,14
E01003255,"6. Caring, leisure and other service occupations",78,65,13
E01003255,7. Sales and customer service occupations,50,44,6
E01003255,"8. Process, plant and machine operatives",12,25,-13
E01003255,9. Elementary occupations,59,73,-14
E01003256,"1. Managers, directors and senior officials",162,90,72
E01003256,2. Professional occupations,299,221,78
E01003256,3. Associate professional and technical occupations,201,62,139
E01003256,4. Administrative and secretarial occupations,74,115,-41
E01003256,5. Skilled trades occupations,58,72,-14
E01003256,"6. Caring, leisure and other service occupations",96,105,-9
E01003256,7. Sales and customer service occupations,64,73,-9
E01003256,"8. Process, plant and machine operatives",43,41,2
E01003256,9. Elementary occupations,70,101,-31
E01003257,"1. Managers, directors and senior officials",146,83,63
E01003257,2. Professional occupations,223,168,55
E01003257,3. Associate professional and technical occupations,172,60,112
E01003257,4. Administrative and secretarial occupations,48,87,-39
E01003257,5. Skilled trades occupations,54,58,-4
E01003257,"6. Caring, leisure and other service occupations",50,76,-26
E01003257,7. Sales and customer service occupations,38,49,-11
E01003257,"8. Process, plant and machine operatives",24,30,-6
E01003257,9. Elementary occupations,63,65,-2
E01003258,"1. Managers, directors and senior officials",66,38,28
E01003258,2. Professional occupations,156,102,54
E01003258,3. Associate professional and technical occupations,105,30,75
E01003258,4. Administrative and secretarial occupations,47,73,-26
E01003258,5. Skilled trades occupations,45,58,-13
E01003258,"6. Caring, leisure and other service occupations",95,71,24
E01003258,7. Sales and customer service occupations,49,51,-2
E01003258,"8. Process, plant and machine operatives",30,33,-3
E01003258,9. Elementary occupations,100,74,26
E01003259,"1. Managers, directors and senior officials",142,100,42
E01003259,2. Professional occupations,291,236,55
E01003259,3. Associate professional and technical occupations,202,69,133
E01003259,4. Administrative and secretarial occupations,65,105,-40
E01003259,5. Skilled trades occupations,45,57,-12
E01003259,"6. Caring, leisure and other service occupations",67,63,4
E01003259,7. Sales and customer service occupations,39,48,-9
E01003259,"8. Process, plant and machine operatives",34,29,5
E01003259,9. Elementary occupations,78,68,10
E01003260,"1. Managers, directors and senior officials",167,100,67
E01003260,2. Professional occupations,267,236,31
E01003260,3. Associate professional and technical occupations,150,59,91
E01003260,4. Administrative and secretarial occupations,53,89,-36
E01003260,5. Skilled trades occupations,42,67,-25
E01003260,"6. Caring, leisure and other service occupations",58,62,-4
E01003260,7. Sales and customer service occupations,32,71,-39
E01003260,"8. Process, plant and machine operatives",37,31,6
E01003260,9. Elementary occupations,63,72,-9
E01003261,"1. Managers, directors and senior officials",154,69,85
E01003261,2. Professional occupations,284,247,37
E01003261,3. Associate professional and technical occupations,174,60,114
E01003261,4. Administrative and secretarial occupations,68,93,-25
E01003261,5. Skilled trades occupations,41,48,-7
E01003261,"6. Caring, leisure and other service occupations",42,57,-15
E01003261,7. Sales and customer service occupations,59,51,8
E01003261,"8. Process, plant and machine operatives",17,23,-6
E01003261,9. Elementary occupations,43,37,6
E01003262,"1. Managers, directors and senior officials",118,75,43
E01003262,2. Professional occupations,288,203,85
E01003262,3. Associate professional and technical occupations,198,53,145
E01003262,4. Administrative and secretarial occupations,54,91,-37
E01003262,5. Skilled trades occupations,48,44,4
E01003262,"6. Caring, leisure and other service occupations",62,63,-1
E01003262,7. Sales and customer service occupations,39,39,0
E01003262,"8. Process, plant and machine operatives",24,16,8
E01003262,9. Elementary occupations,44,52,-8
E01003263,"1. Managers, directors and senior officials",98,72,26
E01003263,2. Professional occupations,185,121,64
E01003263,3. Associate professional and technical occupations,121,50,71
E01003263,4. Administrative and secretarial occupations,73,107,-34
E01003263,5. Skilled trades occupations,66,77,-11
E01003263,"6. Caring, leisure and other service occupations",84,67,17
E01003263,7. Sales and customer service occupations,61,50,11
E01003263,"8. Process, plant and machine operatives",42,39,3
E01003263,9. Elementary occupations,118,70,48
E01003264,"1. Managers, directors and senior officials",97,84,13
E01003264,2. Professional occupations,195,130,65
E01003264,3. Associate professional and technical occupations,98,51,47
E01003264,4. Administrative and secretarial occupations,98,113,-15
E01003264,5. Skilled trades occupations,74,70,4
E01003264,"6. Caring, leisure and other service occupations",70,70,0
E01003264,7. Sales and customer service occupations,55,66,-11
E01003264,"8. Process, plant and machine operatives",52,40,12
E01003264,9. Elementary occupations,79,53,26
E01003265,"1. Managers, directors and senior officials",67,61,6
E01003265,2. Professional occupations,169,100,69
E01003265,3. Associate professional and technical occupations,120,51,69
E01003265,4. Administrative and secretarial occupations,73,81,-8
E01003265,5. Skilled trades occupations,92,55,37
E01003265,"6. Caring, leisure and other service occupations",106,82,24
E01003265,7. Sales and customer service occupations,84,54,30
E01003265,"8. Process, plant and machine operatives",30,25,5
E01003265,9. Elementary occupations,100,105,-5
E01003266,"1. Managers, directors and senior officials",59,46,13
E01003266,2. Professional occupations,127,101,26
E01003266,3. Associate professional and technical occupations,96,44,52
E01003266,4. Administrative and secretarial occupations,79,115,-36
E01003266,5. Skilled trades occupations,91,87,4
E01003266,"6. Caring, leisure and other service occupations",94,104,-10
E01003266,7. Sales and customer service occupations,68,84,-16
E01003266,"8. Process, plant and machine operatives",48,64,-16
E01003266,9. Elementary occupations,95,96,-1
E01003267,"1. Managers, directors and senior officials",84,26,58
E01003267,2. Professional occupations,146,61,85
E01003267,3. Associate professional and technical occupations,77,23,54
E01003267,4. Administrative and secretarial occupations,74,73,1
E01003267,5. Skilled trades occupations,93,77,16
E01003267,"6. Caring, leisure and other service occupations",108,61,47
E01003267,7. Sales and customer service occupations,61,50,11
E01003267,"8. Process, plant and machine operatives",42,42,0
E01003267,9. Elementary occupations,121,67,54
E01003268,"1. Managers, directors and senior officials",122,99,23
E01003268,2. Professional occupations,249,178,71
E01003268,3. Associate professional and technical occupations,160,85,75
E01003268,4. Administrative and secretarial occupations,79,117,-38
E01003268,5. Skilled trades occupations,49,89,-40
E01003268,"6. Caring, leisure and other service occupations",90,80,10
E01003268,7. Sales and customer service occupations,63,71,-8
E01003268,"8. Process, plant and machine operatives",40,33,7
E01003268,9. Elementary occupations,76,52,24
E01003269,"1. Managers, directors and senior officials",101,78,23
E01003269,2. Professional occupations,172,165,7
E01003269,3. Associate professional and technical occupations,133,52,81
E01003269,4. Administrative and secretarial occupations,67,94,-27
E01003269,5. Skilled trades occupations,63,74,-11
E01003269,"6. Caring, leisure and other service occupations",80,61,19
E01003269,7. Sales and customer service occupations,68,57,11
E01003269,"8. Process, plant and machine operatives",36,30,6
E01003269,9. Elementary occupations,72,68,4
E01003270,"1. Managers, directors and senior officials",133,96,37
E01003270,2. Professional occupations,213,192,21
E01003270,3. Associate professional and technical occupations,155,50,105
E01003270,4. Administrative and secretarial occupations,108,152,-44
E01003270,5. Skilled trades occupations,77,75,2
E01003270,"6. Caring, leisure and other service occupations",76,93,-17
E01003270,7. Sales and customer service occupations,68,58,10
E01003270,"8. Process, plant and machine operatives",28,49,-21
E01003270,9. Elementary occupations,71,59,12
E01003271,"1. Managers, directors and senior officials",137,98,39
E01003271,2. Professional occupations,242,193,49
E01003271,3. Associate professional and technical occupations,107,72,35
E01003271,4. Administrative and secretarial occupations,68,135,-67
E01003271,5. Skilled trades occupations,57,74,-17
E01003271,"6. Caring, leisure and other service occupations",56,74,-18
E01003271,7. Sales and customer service occupations,43,56,-13
E01003271,"8. Process, plant and machine operatives",40,38,2
E01003271,9. Elementary occupations,40,66,-26
E01003272,"1. Managers, directors and senior officials",180,117,63
E01003272,2. Professional occupations,382,270,112
E01003272,3. Associate professional and technical occupations,255,80,175
E01003272,4. Administrative and secretarial occupations,66,93,-27
E01003272,5. Skilled trades occupations,64,74,-10
E01003272,"6. Caring, leisure and other service occupations",64,82,-18
E01003272,7. Sales and customer service occupations,41,58,-17
E01003272,"8. Process, plant and machine operatives",19,27,-8
E01003272,9. Elementary occupations,73,115,-42
E01003273,"1. Managers, directors and senior officials",119,83,36
E01003273,2. Professional occupations,263,217,46
E01003273,3. Associate professional and technical occupations,163,54,109
E01003273,4. Administrative and secretarial occupations,60,78,-18
E01003273,5. Skilled trades occupations,33,53,-20
E01003273,"6. Caring, leisure and other service occupations",43,74,-31
E01003273,7. Sales and customer service occupations,46,75,-29
E01003273,"8. Process, plant and machine operatives",36,39,-3
E01003273,9. Elementary occupations,57,122,-65
E01003274,"1. Managers, directors and senior officials",142,111,31
E01003274,2. Professional occupations,295,274,21
E01003274,3. Associate professional and technical occupations,164,69,95
E01003274,4. Administrative and secretarial occupations,61,119,-58
E01003274,5. Skilled trades occupations,58,60,-2
E01003274,"6. Caring, leisure and other service occupations",65,70,-5
E01003274,7. Sales and customer service occupations,43,67,-24
E01003274,"8. Process, plant and machine operatives",17,31,-14
E01003274,9. Elementary occupations,62,67,-5
E01003275,"1. Managers, directors and senior officials",84,70,14
E01003275,2. Professional occupations,192,142,50
E01003275,3. Associate professional and technical occupations,148,27,121
E01003275,4. Administrative and secretarial occupations,72,85,-13
E01003275,5. Skilled trades occupations,65,67,-2
E01003275,"6. Caring, leisure and other service occupations",81,77,4
E01003275,7. Sales and customer service occupations,32,65,-33
E01003275,"8. Process, plant and machine operatives",46,46,0
E01003275,9. Elementary occupations,73,76,-3
E01003276,"1. Managers, directors and senior officials",148,98,50
E01003276,2. Professional occupations,318,270,48
E01003276,3. Associate professional and technical occupations,176,62,114
E01003276,4. Administrative and secretarial occupations,72,124,-52
E01003276,5. Skilled trades occupations,40,56,-16
E01003276,"6. Caring, leisure and other service occupations",71,82,-11
E01003276,7. Sales and customer service occupations,62,49,13
E01003276,"8. Process, plant and machine operatives",16,35,-19
E01003276,9. Elementary occupations,72,84,-12
E01003277,"1. Managers, directors and senior officials",141,101,40
E01003277,2. Professional occupations,337,263,74
E01003277,3. Associate professional and technical occupations,246,80,166
E01003277,4. Administrative and secretarial occupations,58,99,-41
E01003277,5. Skilled trades occupations,43,56,-13
E01003277,"6. Caring, leisure and other service occupations",64,58,6
E01003277,7. Sales and customer service occupations,55,59,-4
E01003277,"8. Process, plant and machine operatives",31,23,8
E01003277,9. Elementary occupations,69,71,-2
E01003278,"1. Managers, directors and senior officials",151,105,46
E01003278,2. Professional occupations,324,227,97
E01003278,3. Associate professional and technical occupations,212,72,140
E01003278,4. Administrative and secretarial occupations,80,107,-27
E01003278,5. Skilled trades occupations,61,95,-34
E01003278,"6. Caring, leisure and other service occupations",68,87,-19
E01003278,7. Sales and customer service occupations,66,63,3
E01003278,"8. Process, plant and machine operatives",34,49,-15
E01003278,9. Elementary occupations,98,148,-50
E01003279,"1. Managers, directors and senior officials",130,96,34
E01003279,2. Professional occupations,267,248,19
E01003279,3. Associate professional and technical occupations,153,68,85
E01003279,4. Administrative and secretarial occupations,45,102,-57
E01003279,5. Skilled trades occupations,41,53,-12
E01003279,"6. Caring, leisure and other service occupations",53,75,-22
E01003279,7. Sales and customer service occupations,47,59,-12
E01003279,"8. Process, plant and machine operatives",19,26,-7
E01003279,9. Elementary occupations,56,66,-10
E01003280,"1. Managers, directors and senior officials",92,71,21
E01003280,2. Professional occupations,172,148,24
E01003280,3. Associate professional and technical occupations,114,56,58
E01003280,4. Administrative and secretarial occupations,60,108,-48
E01003280,5. Skilled trades occupations,49,64,-15
E01003280,"6. Caring, leisure and other service occupations",62,69,-7
E01003280,7. Sales and customer service occupations,42,65,-23
E01003280,"8. Process, plant and machine operatives",43,29,14
E01003280,9. Elementary occupations,96,75,21
E01003281,"1. Managers, directors and senior officials",141,107,34
E01003281,2. Professional occupations,238,188,50
E01003281,3. Associate professional and technical occupations,131,32,99
E01003281,4. Administrative and secretarial occupations,51,103,-52
E01003281,5. Skilled trades occupations,45,65,-20
E01003281,"6. Caring, leisure and other service occupations",40,58,-18
E01003281,7. Sales and customer service occupations,34,45,-11
E01003281,"8. Process, plant and machine operatives",15,29,-14
E01003281,9. Elementary occupations,36,34,2
E01003282,"1. Managers, directors and senior officials",169,179,-10
E01003282,2. Professional occupations,384,394,-10
E01003282,3. Associate professional and technical occupations,266,111,155
E01003282,4. Administrative and secretarial occupations,112,154,-42
E01003282,5. Skilled trades occupations,96,77,19
E01003282,"6. Caring, leisure and other service occupations",100,103,-3
E01003282,7. Sales and customer service occupations,72,100,-28
E01003282,"8. Process, plant and machine operatives",49,41,8
E01003282,9. Elementary occupations,147,119,28
E01003283,"1. Managers, directors and senior officials",228,162,66
E01003283,2. Professional occupations,404,382,22
E01003283,3. Associate professional and technical occupations,235,73,162
E01003283,4. Administrative and secretarial occupations,64,79,-15
E01003283,5. Skilled trades occupations,62,61,1
E01003283,"6. Caring, leisure and other service occupations",42,76,-34
E01003283,7. Sales and customer service occupations,52,52,0
E01003283,"8. Process, plant and machine operatives",15,25,-10
E01003283,9. Elementary occupations,53,66,-13
E01003284,"1. Managers, directors and senior officials",185,117,68
E01003284,2. Professional occupations,300,251,49
E01003284,3. Associate professional and technical occupations,201,47,154
E01003284,4. Administrative and secretarial occupations,80,113,-33
E01003284,5. Skilled trades occupations,56,50,6
E01003284,"6. Caring, leisure and other service occupations",54,77,-23
E01003284,7. Sales and customer service occupations,60,47,13
E01003284,"8. Process, plant and machine operatives",22,27,-5
E01003284,9. Elementary occupations,60,70,-10
E01003285,"1. Managers, directors and senior officials",140,103,37
E01003285,2. Professional occupations,247,245,2
E01003285,3. Associate professional and technical occupations,186,58,128
E01003285,4. Administrative and secretarial occupations,80,147,-67
E01003285,5. Skilled trades occupations,69,51,18
E01003285,"6. Caring, leisure and other service occupations",72,66,6
E01003285,7. Sales and customer service occupations,36,47,-11
E01003285,"8. Process, plant and machine operatives",27,25,2
E01003285,9. Elementary occupations,77,62,15
E01003286,"1. Managers, directors and senior officials",73,62,11
E01003286,2. Professional occupations,199,139,60
E01003286,3. Associate professional and technical occupations,117,49,68
E01003286,4. Administrative and secretarial occupations,58,74,-16
E01003286,5. Skilled trades occupations,61,54,7
E01003286,"6. Caring, leisure and other service occupations",87,83,4
E01003286,7. Sales and customer service occupations,55,58,-3
E01003286,"8. Process, plant and machine operatives",39,34,5
E01003286,9. Elementary occupations,75,81,-6
E01003287,"1. Managers, directors and senior officials",222,141,81
E01003287,2. Professional occupations,355,364,-9
E01003287,3. Associate professional and technical occupations,212,76,136
E01003287,4. Administrative and secretarial occupations,67,115,-48
E01003287,5. Skilled trades occupations,42,58,-16
E01003287,"6. Caring, leisure and other service occupations",38,56,-18
E01003287,7. Sales and customer service occupations,36,43,-7
E01003287,"8. Process, plant and machine operatives",15,24,-9
E01003287,9. Elementary occupations,27,49,-22
E01003288,"1. Managers, directors and senior officials",135,84,51
E01003288,2. Professional occupations,219,130,89
E01003288,3. Associate professional and technical occupations,153,50,103
E01003288,4. Administrative and secretarial occupations,97,103,-6
E01003288,5. Skilled trades occupations,77,60,17
E01003288,"6. Caring, leisure and other service occupations",133,72,61
E01003288,7. Sales and customer service occupations,67,81,-14
E01003288,"8. Process, plant and machine operatives",47,30,17
E01003288,9. Elementary occupations,145,105,40
E01003290,"1. Managers, directors and senior officials",105,104,1
E01003290,2. Professional occupations,263,194,69
E01003290,3. Associate professional and technical occupations,176,83,93
E01003290,4. Administrative and secretarial occupations,76,95,-19
E01003290,5. Skilled trades occupations,85,57,28
E01003290,"6. Caring, leisure and other service occupations",89,57,32
E01003290,7. Sales and customer service occupations,73,71,2
E01003290,"8. Process, plant and machine operatives",31,29,2
E01003290,9. Elementary occupations,139,114,25
E01003291,"1. Managers, directors and senior officials",86,52,34
E01003291,2. Professional occupations,143,86,57
E01003291,3. Associate professional and technical occupations,128,39,89
E01003291,4. Administrative and secretarial occupations,56,61,-5
E01003291,5. Skilled trades occupations,71,58,13
E01003291,"6. Caring, leisure and other service occupations",79,52,27
E01003291,7. Sales and customer service occupations,49,57,-8
E01003291,"8. Process, plant and machine operatives",32,25,7
E01003291,9. Elementary occupations,67,94,-27
E01003292,"1. Managers, directors and senior officials",138,104,34
E01003292,2. Professional occupations,271,266,5
E01003292,3. Associate professional and technical occupations,170,67,103
E01003292,4. Administrative and secretarial occupations,80,151,-71
E01003292,5. Skilled trades occupations,69,62,7
E01003292,"6. Caring, leisure and other service occupations",47,69,-22
E01003292,7. Sales and customer service occupations,48,76,-28
E01003292,"8. Process, plant and machine operatives",40,23,17
E01003292,9. Elementary occupations,123,85,38
E01003293,"1. Managers, directors and senior officials",113,68,45
E01003293,2. Professional occupations,238,176,62
E01003293,3. Associate professional and technical occupations,141,58,83
E01003293,4. Administrative and secretarial occupations,60,93,-33
E01003293,5. Skilled trades occupations,47,54,-7
E01003293,"6. Caring, leisure and other service occupations",76,69,7
E01003293,7. Sales and customer service occupations,52,52,0
E01003293,"8. Process, plant and machine operatives",26,31,-5
E01003293,9. Elementary occupations,76,82,-6
E01003295,"1. Managers, directors and senior officials",138,48,90
E01003295,2. Professional occupations,241,162,79
E01003295,3. Associate professional and technical occupations,173,34,139
E01003295,4. Administrative and secretarial occupations,73,64,9
E01003295,5. Skilled trades occupations,74,49,25
E01003295,"6. Caring, leisure and other service occupations",52,67,-15
E01003295,7. Sales and customer service occupations,54,52,2
E01003295,"8. Process, plant and machine operatives",39,23,16
E01003295,9. Elementary occupations,62,68,-6
E01003297,"1. Managers, directors and senior officials",67,70,-3
E01003297,2. Professional occupations,203,132,71
E01003297,3. Associate professional and technical occupations,137,40,97
E01003297,4. Administrative and secretarial occupations,72,81,-9
E01003297,5. Skilled trades occupations,91,69,22
E01003297,"6. Caring, leisure and other service occupations",70,85,-15
E01003297,7. Sales and customer service occupations,92,98,-6
E01003297,"8. Process, plant and machine operatives",42,34,8
E01003297,9. Elementary occupations,179,155,24
E01003298,"1. Managers, directors and senior officials",47,26,21
E01003298,2. Professional occupations,113,93,20
E01003298,3. Associate professional and technical occupations,89,34,55
E01003298,4. Administrative and secretarial occupations,57,78,-21
E01003298,5. Skilled trades occupations,46,47,-1
E01003298,"6. Caring, leisure and other service occupations",98,75,23
E01003298,7. Sales and customer service occupations,56,55,1
E01003298,"8. Process, plant and machine operatives",31,28,3
E01003298,9. Elementary occupations,76,78,-2
E01003299,"1. Managers, directors and senior officials",121,65,56
E01003299,2. Professional occupations,210,122,88
E01003299,3. Associate professional and technical occupations,202,53,149
E01003299,4. Administrative and secretarial occupations,62,67,-5
E01003299,5. Skilled trades occupations,61,44,17
E01003299,"6. Caring, leisure and other service occupations",81,82,-1
E01003299,7. Sales and customer service occupations,59,72,-13
E01003299,"8. Process, plant and machine operatives",45,23,22
E01003299,9. Elementary occupations,142,124,18
E01003300,"1. Managers, directors and senior officials",73,44,29
E01003300,2. Professional occupations,152,91,61
E01003300,3. Associate professional and technical occupations,89,25,64
E01003300,4. Administrative and secretarial occupations,44,63,-19
E01003300,5. Skilled trades occupations,52,57,-5
E01003300,"6. Caring, leisure and other service occupations",84,67,17
E01003300,7. Sales and customer service occupations,58,57,1
E01003300,"8. Process, plant and machine operatives",33,30,3
E01003300,9. Elementary occupations,119,103,16
E01003301,"1. Managers, directors and senior officials",152,102,50
E01003301,2. Professional occupations,371,239,132
E01003301,3. Associate professional and technical occupations,308,52,256
E01003301,4. Administrative and secretarial occupations,86,146,-60
E01003301,5. Skilled trades occupations,78,98,-20
E01003301,"6. Caring, leisure and other service occupations",120,113,7
E01003301,7. Sales and customer service occupations,85,106,-21
E01003301,"8. Process, plant and machine operatives",53,37,16
E01003301,9. Elementary occupations,164,172,-8
E01003302,"1. Managers, directors and senior officials",85,59,26
E01003302,2. Professional occupations,182,104,78
E01003302,3. Associate professional and technical occupations,132,43,89
E01003302,4. Administrative and secretarial occupations,70,88,-18
E01003302,5. Skilled trades occupations,60,54,6
E01003302,"6. Caring, leisure and other service occupations",108,93,15
E01003302,7. Sales and customer service occupations,71,75,-4
E01003302,"8. Process, plant and machine operatives",73,32,41
E01003302,9. Elementary occupations,152,124,28
E01003303,"1. Managers, directors and senior officials",65,55,10
E01003303,2. Professional occupations,180,83,97
E01003303,3. Associate professional and technical occupations,179,35,144
E01003303,4. Administrative and secretarial occupations,65,82,-17
E01003303,5. Skilled trades occupations,54,73,-19
E01003303,"6. Caring, leisure and other service occupations",96,80,16
E01003303,7. Sales and customer service occupations,61,65,-4
E01003303,"8. Process, plant and machine operatives",38,30,8
E01003303,9. Elementary occupations,149,130,19
E01003304,"1. Managers, directors and senior officials",144,82,62
E01003304,2. Professional occupations,356,155,201
E01003304,3. Associate professional and technical occupations,273,62,211
E01003304,4. Administrative and secretarial occupations,110,107,3
E01003304,5. Skilled trades occupations,92,99,-7
E01003304,"6. Caring, leisure and other service occupations",96,92,4
E01003304,7. Sales and customer service occupations,78,85,-7
E01003304,"8. Process, plant and machine operatives",53,39,14
E01003304,9. Elementary occupations,122,150,-28
E01003305,"1. Managers, directors and senior officials",104,42,62
E01003305,2. Professional occupations,278,121,157
E01003305,3. Associate professional and technical occupations,179,31,148
E01003305,4. Administrative and secretarial occupations,75,77,-2
E01003305,5. Skilled trades occupations,92,40,52
E01003305,"6. Caring, leisure and other service occupations",107,66,41
E01003305,7. Sales and customer service occupations,80,45,35
E01003305,"8. Process, plant and machine operatives",59,33,26
E01003305,9. Elementary occupations,114,92,22
E01003307,"1. Managers, directors and senior officials",141,85,56
E01003307,2. Professional occupations,287,203,84
E01003307,3. Associate professional and technical occupations,155,63,92
E01003307,4. Administrative and secretarial occupations,65,81,-16
E01003307,5. Skilled trades occupations,51,65,-14
E01003307,"6. Caring, leisure and other service occupations",59,56,3
E01003307,7. Sales and customer service occupations,36,50,-14
E01003307,"8. Process, plant and machine operatives",35,22,13
E01003307,9. Elementary occupations,43,60,-17
E01003308,"1. Managers, directors and senior officials",130,121,9
E01003308,2. Professional occupations,284,217,67
E01003308,3. Associate professional and technical occupations,188,72,116
E01003308,4. Administrative and secretarial occupations,79,91,-12
E01003308,5. Skilled trades occupations,59,70,-11
E01003308,"6. Caring, leisure and other service occupations",73,83,-10
E01003308,7. Sales and customer service occupations,56,76,-20
E01003308,"8. Process, plant and machine operatives",24,37,-13
E01003308,9. Elementary occupations,56,65,-9
E01003309,"1. Managers, directors and senior officials",88,56,32
E01003309,2. Professional occupations,186,110,76
E01003309,3. Associate professional and technical occupations,125,30,95
E01003309,4. Administrative and secretarial occupations,51,70,-19
E01003309,5. Skilled trades occupations,63,63,0
E01003309,"6. Caring, leisure and other service occupations",59,65,-6
E01003309,7. Sales and customer service occupations,53,55,-2
E01003309,"8. Process, plant and machine operatives",55,36,19
E01003309,9. Elementary occupations,72,69,3
E01003310,"1. Managers, directors and senior officials",109,66,43
E01003310,2. Professional occupations,282,201,81
E01003310,3. Associate professional and technical occupations,222,50,172
E01003310,4. Administrative and secretarial occupations,83,89,-6
E01003310,5. Skilled trades occupations,41,82,-41
E01003310,"6. Caring, leisure and other service occupations",54,69,-15
E01003310,7. Sales and customer service occupations,38,59,-21
E01003310,"8. Process, plant and machine operatives",24,26,-2
E01003310,9. Elementary occupations,58,67,-9
E01003311,"1. Managers, directors and senior officials",120,90,30
E01003311,2. Professional occupations,252,209,43
E01003311,3. Associate professional and technical occupations,148,71,77
E01003311,4. Administrative and secretarial occupations,49,80,-31
E01003311,5. Skilled trades occupations,49,64,-15
E01003311,"6. Caring, leisure and other service occupations",66,66,0
E01003311,7. Sales and customer service occupations,33,51,-18
E01003311,"8. Process, plant and machine operatives",26,28,-2
E01003311,9. Elementary occupations,46,49,-3
E01003312,"1. Managers, directors and senior officials",161,94,67
E01003312,2. Professional occupations,290,237,53
E01003312,3. Associate professional and technical occupations,143,90,53
E01003312,4. Administrative and secretarial occupations,83,111,-28
E01003312,5. Skilled trades occupations,51,62,-11
E01003312,"6. Caring, leisure and other service occupations",49,50,-1
E01003312,7. Sales and customer service occupations,40,65,-25
E01003312,"8. Process, plant and machine operatives",46,55,-9
E01003312,9. Elementary occupations,59,48,11
E01003313,"1. Managers, directors and senior officials",82,62,20
E01003313,2. Professional occupations,168,146,22
E01003313,3. Associate professional and technical occupations,124,44,80
E01003313,4. Administrative and secretarial occupations,63,104,-41
E01003313,5. Skilled trades occupations,56,42,14
E01003313,"6. Caring, leisure and other service occupations",76,65,11
E01003313,7. Sales and customer service occupations,56,57,-1
E01003313,"8. Process, plant and machine operatives",42,55,-13
E01003313,9. Elementary occupations,80,75,5
E01003314,"1. Managers, directors and senior officials",159,91,68
E01003314,2. Professional occupations,299,255,44
E01003314,3. Associate professional and technical occupations,175,68,107
E01003314,4. Administrative and secretarial occupations,55,118,-63
E01003314,5. Skilled trades occupations,52,58,-6
E01003314,"6. Caring, leisure and other service occupations",64,59,5
E01003314,7. Sales and customer service occupations,39,54,-15
E01003314,"8. Process, plant and machine operatives",20,36,-16
E01003314,9. Elementary occupations,50,64,-14
E01003315,"1. Managers, directors and senior officials",121,67,54
E01003315,2. Professional occupations,231,197,34
E01003315,3. Associate professional and technical occupations,172,55,117
E01003315,4. Administrative and secretarial occupations,48,65,-17
E01003315,5. Skilled trades occupations,46,34,12
E01003315,"6. Caring, leisure and other service occupations",55,64,-9
E01003315,7. Sales and customer service occupations,27,43,-16
E01003315,"8. Process, plant and machine operatives",27,28,-1
E01003315,9. Elementary occupations,41,34,7
E01003316,"1. Managers, directors and senior officials",146,101,45
E01003316,2. Professional occupations,282,209,73
E01003316,3. Associate professional and technical occupations,184,49,135
E01003316,4. Administrative and secretarial occupations,62,106,-44
E01003316,5. Skilled trades occupations,34,58,-24
E01003316,"6. Caring, leisure and other service occupations",55,64,-9
E01003316,7. Sales and customer service occupations,33,35,-2
E01003316,"8. Process, plant and machine operatives",21,23,-2
E01003316,9. Elementary occupations,50,49,1
E01003318,"1. Managers, directors and senior officials",120,77,43
E01003318,2. Professional occupations,197,137,60
E01003318,3. Associate professional and technical occupations,105,35,70
E01003318,4. Administrative and secretarial occupations,69,96,-27
E01003318,5. Skilled trades occupations,109,85,24
E01003318,"6. Caring, leisure and other service occupations",88,78,10
E01003318,7. Sales and customer service occupations,69,84,-15
E01003318,"8. Process, plant and machine operatives",42,25,17
E01003318,9. Elementary occupations,148,83,65
E01003319,"1. Managers, directors and senior officials",83,61,22
E01003319,2. Professional occupations,168,143,25
E01003319,3. Associate professional and technical occupations,136,47,89
E01003319,4. Administrative and secretarial occupations,56,101,-45
E01003319,5. Skilled trades occupations,77,81,-4
E01003319,"6. Caring, leisure and other service occupations",110,115,-5
E01003319,7. Sales and customer service occupations,76,74,2
E01003319,"8. Process, plant and machine operatives",46,39,7
E01003319,9. Elementary occupations,114,94,20
E01003320,"1. Managers, directors and senior officials",85,66,19
E01003320,2. Professional occupations,187,112,75
E01003320,3. Associate professional and technical occupations,121,34,87
E01003320,4. Administrative and secretarial occupations,74,89,-15
E01003320,5. Skilled trades occupations,79,41,38
E01003320,"6. Caring, leisure and other service occupations",62,95,-33
E01003320,7. Sales and customer service occupations,79,65,14
E01003320,"8. Process, plant and machine operatives",45,26,19
E01003320,9. Elementary occupations,103,83,20
E01003321,"1. Managers, directors and senior officials",117,63,54
E01003321,2. Professional occupations,253,165,88
E01003321,3. Associate professional and technical occupations,166,64,102
E01003321,4. Administrative and secretarial occupations,78,106,-28
E01003321,5. Skilled trades occupations,76,115,-39
E01003321,"6. Caring, leisure and other service occupations",78,116,-38
E01003321,7. Sales and customer service occupations,44,83,-39
E01003321,"8. Process, plant and machine operatives",34,47,-13
E01003321,9. Elementary occupations,88,117,-29
E01003322,"1. Managers, directors and senior officials",104,60,44
E01003322,2. Professional occupations,226,134,92
E01003322,3. Associate professional and technical occupations,143,46,97
E01003322,4. Administrative and secretarial occupations,61,84,-23
E01003322,5. Skilled trades occupations,55,66,-11
E01003322,"6. Caring, leisure and other service occupations",72,70,2
E01003322,7. Sales and customer service occupations,53,54,-1
E01003322,"8. Process, plant and machine operatives",40,42,-2
E01003322,9. Elementary occupations,147,79,68
E01003323,"1. Managers, directors and senior officials",93,63,30
E01003323,2. Professional occupations,233,161,72
E01003323,3. Associate professional and technical occupations,149,45,104
E01003323,4. Administrative and secretarial occupations,51,82,-31
E01003323,5. Skilled trades occupations,38,49,-11
E01003323,"6. Caring, leisure and other service occupations",64,76,-12
E01003323,7. Sales and customer service occupations,46,64,-18
E01003323,"8. Process, plant and machine operatives",36,36,0
E01003323,9. Elementary occupations,84,69,15
E01003324,"1. Managers, directors and senior officials",62,42,20
E01003324,2. Professional occupations,140,101,39
E01003324,3. Associate professional and technical occupations,98,45,53
E01003324,4. Administrative and secretarial occupations,45,74,-29
E01003324,5. Skilled trades occupations,71,48,23
E01003324,"6. Caring, leisure and other service occupations",96,80,16
E01003324,7. Sales and customer service occupations,77,74,3
E01003324,"8. Process, plant and machine operatives",53,45,8
E01003324,9. Elementary occupations,132,104,28
E01003325,"1. Managers, directors and senior officials",96,65,31
E01003325,2. Professional occupations,204,138,66
E01003325,3. Associate professional and technical occupations,123,56,67
E01003325,4. Administrative and secretarial occupations,95,89,6
E01003325,5. Skilled trades occupations,62,55,7
E01003325,"6. Caring, leisure and other service occupations",120,92,28
E01003325,7. Sales and customer service occupations,82,68,14
E01003325,"8. Process, plant and machine operatives",45,30,15
E01003325,9. Elementary occupations,94,92,2
E01003326,"1. Managers, directors and senior officials",127,58,69
E01003326,2. Professional occupations,239,156,83
E01003326,3. Associate professional and technical occupations,169,45,124
E01003326,4. Administrative and secretarial occupations,67,108,-41
E01003326,5. Skilled trades occupations,49,54,-5
E01003326,"6. Caring, leisure and other service occupations",65,53,12
E01003326,7. Sales and customer service occupations,50,52,-2
E01003326,"8. Process, plant and machine operatives",48,32,16
E01003326,9. Elementary occupations,53,59,-6
E01003327,"1. Managers, directors and senior officials",162,109,53
E01003327,2. Professional occupations,251,209,42
E01003327,3. Associate professional and technical occupations,169,64,105
E01003327,4. Administrative and secretarial occupations,59,69,-10
E01003327,5. Skilled trades occupations,51,65,-14
E01003327,"6. Caring, leisure and other service occupations",57,73,-16
E01003327,7. Sales and customer service occupations,66,45,21
E01003327,"8. Process, plant and machine operatives",21,26,-5
E01003327,9. Elementary occupations,54,110,-56
E01003328,"1. Managers, directors and senior officials",130,83,47
E01003328,2. Professional occupations,312,240,72
E01003328,3. Associate professional and technical occupations,196,49,147
E01003328,4. Administrative and secretarial occupations,78,107,-29
E01003328,5. Skilled trades occupations,56,58,-2
E01003328,"6. Caring, leisure and other service occupations",81,72,9
E01003328,7. Sales and customer service occupations,57,45,12
E01003328,"8. Process, plant and machine operatives",28,34,-6
E01003328,9. Elementary occupations,59,54,5
E01003329,"1. Managers, directors and senior officials",155,103,52
E01003329,2. Professional occupations,235,175,60
E01003329,3. Associate professional and technical occupations,187,62,125
E01003329,4. Administrative and secretarial occupations,62,111,-49
E01003329,5. Skilled trades occupations,52,60,-8
E01003329,"6. Caring, leisure and other service occupations",68,69,-1
E01003329,7. Sales and customer service occupations,52,66,-14
E01003329,"8. Process, plant and machine operatives",15,36,-21
E01003329,9. Elementary occupations,53,53,0
E01003330,"1. Managers, directors and senior officials",90,52,38
E01003330,2. Professional occupations,161,111,50
E01003330,3. Associate professional and technical occupations,122,39,83
E01003330,4. Administrative and secretarial occupations,54,78,-24
E01003330,5. Skilled trades occupations,46,58,-12
E01003330,"6. Caring, leisure and other service occupations",89,81,8
E01003330,7. Sales and customer service occupations,47,56,-9
E01003330,"8. Process, plant and machine operatives",44,28,16
E01003330,9. Elementary occupations,61,65,-4
E01003331,"1. Managers, directors and senior officials",96,58,38
E01003331,2. Professional occupations,184,131,53
E01003331,3. Associate professional and technical occupations,97,47,50
E01003331,4. Administrative and secretarial occupations,55,84,-29
E01003331,5. Skilled trades occupations,42,49,-7
E01003331,"6. Caring, leisure and other service occupations",45,72,-27
E01003331,7. Sales and customer service occupations,45,48,-3
E01003331,"8. Process, plant and machine operatives",32,30,2
E01003331,9. Elementary occupations,74,56,18
E01003332,"1. Managers, directors and senior officials",97,74,23
E01003332,2. Professional occupations,222,184,38
E01003332,3. Associate professional and technical occupations,168,43,125
E01003332,4. Administrative and secretarial occupations,50,89,-39
E01003332,5. Skilled trades occupations,52,56,-4
E01003332,"6. Caring, leisure and other service occupations",63,65,-2
E01003332,7. Sales and customer service occupations,46,51,-5
E01003332,"8. Process, plant and machine operatives",31,34,-3
E01003332,9. Elementary occupations,76,61,15
E01003333,"1. Managers, directors and senior officials",102,79,23
E01003333,2. Professional occupations,194,160,34
E01003333,3. Associate professional and technical occupations,156,40,116
E01003333,4. Administrative and secretarial occupations,63,95,-32
E01003333,5. Skilled trades occupations,50,61,-11
E01003333,"6. Caring, leisure and other service occupations",61,68,-7
E01003333,7. Sales and customer service occupations,52,51,1
E01003333,"8. Process, plant and machine operatives",23,27,-4
E01003333,9. Elementary occupations,80,71,9
E01003334,"1. Managers, directors and senior officials",129,77,52
E01003334,2. Professional occupations,240,179,61
E01003334,3. Associate professional and technical occupations,183,59,124
E01003334,4. Administrative and secretarial occupations,85,110,-25
E01003334,5. Skilled trades occupations,73,54,19
E01003334,"6. Caring, leisure and other service occupations",84,80,4
E01003334,7. Sales and customer service occupations,56,55,1
E01003334,"8. Process, plant and machine operatives",34,38,-4
E01003334,9. Elementary occupations,98,88,10
E01003335,"1. Managers, directors and senior officials",83,73,10
E01003335,2. Professional occupations,150,109,41
E01003335,3. Associate professional and technical occupations,80,42,38
E01003335,4. Administrative and secretarial occupations,53,68,-15
E01003335,5. Skilled trades occupations,68,39,29
E01003335,"6. Caring, leisure and other service occupations",83,94,-11
E01003335,7. Sales and customer service occupations,70,53,17
E01003335,"8. Process, plant and machine operatives",41,18,23
E01003335,9. Elementary occupations,67,68,-1
E01003336,"1. Managers, directors and senior officials",69,31,38
E01003336,2. Professional occupations,127,80,47
E01003336,3. Associate professional and technical occupations,94,35,59
E01003336,4. Administrative and secretarial occupations,50,63,-13
E01003336,5. Skilled trades occupations,47,47,0
E01003336,"6. Caring, leisure and other service occupations",76,89,-13
E01003336,7. Sales and customer service occupations,59,38,21
E01003336,"8. Process, plant and machine operatives",49,53,-4
E01003336,9. Elementary occupations,141,84,57
E01003337,"1. Managers, directors and senior officials",40,37,3
E01003337,2. Professional occupations,101,78,23
E01003337,3. Associate professional and technical occupations,90,20,70
E01003337,4. Administrative and secretarial occupations,55,98,-43
E01003337,5. Skilled trades occupations,33,55,-22
E01003337,"6. Caring, leisure and other service occupations",94,147,-53
E01003337,7. Sales and customer service occupations,61,68,-7
E01003337,"8. Process, plant and machine operatives",44,36,8
E01003337,9. Elementary occupations,102,96,6
E01003338,"1. Managers, directors and senior officials",78,41,37
E01003338,2. Professional occupations,192,102,90
E01003338,3. Associate professional and technical occupations,153,51,102
E01003338,4. Administrative and secretarial occupations,69,79,-10
E01003338,5. Skilled trades occupations,72,73,-1
E01003338,"6. Caring, leisure and other service occupations",117,102,15
E01003338,7. Sales and customer service occupations,78,67,11
E01003338,"8. Process, plant and machine operatives",45,34,11
E01003338,9. Elementary occupations,158,131,27
E01003339,"1. Managers, directors and senior officials",110,99,11
E01003339,2. Professional occupations,233,235,-2
E01003339,3. Associate professional and technical occupations,166,76,90
E01003339,4. Administrative and secretarial occupations,66,66,0
E01003339,5. Skilled trades occupations,61,82,-21
E01003339,"6. Caring, leisure and other service occupations",82,98,-16
E01003339,7. Sales and customer service occupations,38,68,-30
E01003339,"8. Process, plant and machine operatives",50,27,23
E01003339,9. Elementary occupations,123,100,23
E01003340,"1. Managers, directors and senior officials",158,95,63
E01003340,2. Professional occupations,368,265,103
E01003340,3. Associate professional and technical occupations,301,85,216
E01003340,4. Administrative and secretarial occupations,85,127,-42
E01003340,5. Skilled trades occupations,69,56,13
E01003340,"6. Caring, leisure and other service occupations",93,68,25
E01003340,7. Sales and customer service occupations,71,79,-8
E01003340,"8. Process, plant and machine operatives",28,19,9
E01003340,9. Elementary occupations,144,130,14
E01003341,"1. Managers, directors and senior officials",110,104,6
E01003341,2. Professional occupations,289,219,70
E01003341,3. Associate professional and technical occupations,169,71,98
E01003341,4. Administrative and secretarial occupations,51,69,-18
E01003341,5. Skilled trades occupations,35,36,-1
E01003341,"6. Caring, leisure and other service occupations",38,63,-25
E01003341,7. Sales and customer service occupations,28,43,-15
E01003341,"8. Process, plant and machine operatives",20,29,-9
E01003341,9. Elementary occupations,57,65,-8
E01003342,"1. Managers, directors and senior officials",142,98,44
E01003342,2. Professional occupations,319,233,86
E01003342,3. Associate professional and technical occupations,250,52,198
E01003342,4. Administrative and secretarial occupations,64,137,-73
E01003342,5. Skilled trades occupations,29,61,-32
E01003342,"6. Caring, leisure and other service occupations",65,74,-9
E01003342,7. Sales and customer service occupations,42,57,-15
E01003342,"8. Process, plant and machine operatives",30,25,5
E01003342,9. Elementary occupations,68,74,-6
E01003343,"1. Managers, directors and senior officials",105,83,22
E01003343,2. Professional occupations,248,160,88
E01003343,3. Associate professional and technical occupations,158,56,102
E01003343,4. Administrative and secretarial occupations,69,75,-6
E01003343,5. Skilled trades occupations,37,58,-21
E01003343,"6. Caring, leisure and other service occupations",57,48,9
E01003343,7. Sales and customer service occupations,35,34,1
E01003343,"8. Process, plant and machine operatives",27,21,6
E01003343,9. Elementary occupations,60,80,-20
E01003344,"1. Managers, directors and senior officials",134,90,44
E01003344,2. Professional occupations,271,244,27
E01003344,3. Associate professional and technical occupations,200,93,107
E01003344,4. Administrative and secretarial occupations,75,90,-15
E01003344,5. Skilled trades occupations,50,76,-26
E01003344,"6. Caring, leisure and other service occupations",65,89,-24
E01003344,7. Sales and customer service occupations,43,58,-15
E01003344,"8. Process, plant and machine operatives",26,21,5
E01003344,9. Elementary occupations,77,95,-18
E01003345,"1. Managers, directors and senior officials",156,105,51
E01003345,2. Professional occupations,330,188,142
E01003345,3. Associate professional and technical occupations,240,70,170
E01003345,4. Administrative and secretarial occupations,92,127,-35
E01003345,5. Skilled trades occupations,70,78,-8
E01003345,"6. Caring, leisure and other service occupations",80,74,6
E01003345,7. Sales and customer service occupations,51,61,-10
E01003345,"8. Process, plant and machine operatives",28,39,-11
E01003345,9. Elementary occupations,86,82,4
E01003346,"1. Managers, directors and senior officials",62,35,27
E01003346,2. Professional occupations,135,87,48
E01003346,3. Associate professional and technical occupations,99,38,61
E01003346,4. Administrative and secretarial occupations,82,110,-28
E01003346,5. Skilled trades occupations,60,77,-17
E01003346,"6. Caring, leisure and other service occupations",118,80,38
E01003346,7. Sales and customer service occupations,74,60,14
E01003346,"8. Process, plant and machine operatives",57,53,4
E01003346,9. Elementary occupations,72,72,0
E01003347,"1. Managers, directors and senior officials",44,35,9
E01003347,2. Professional occupations,77,66,11
E01003347,3. Associate professional and technical occupations,66,34,32
E01003347,4. Administrative and secretarial occupations,66,62,4
E01003347,5. Skilled trades occupations,52,59,-7
E01003347,"6. Caring, leisure and other service occupations",116,106,10
E01003347,7. Sales and customer service occupations,73,72,1
E01003347,"8. Process, plant and machine operatives",49,37,12
E01003347,9. Elementary occupations,74,90,-16
E01003348,"1. Managers, directors and senior officials",75,49,26
E01003348,2. Professional occupations,155,111,44
E01003348,3. Associate professional and technical occupations,99,24,75
E01003348,4. Administrative and secretarial occupations,68,96,-28
E01003348,5. Skilled trades occupations,82,65,17
E01003348,"6. Caring, leisure and other service occupations",127,70,57
E01003348,7. Sales and customer service occupations,86,66,20
E01003348,"8. Process, plant and machine operatives",43,39,4
E01003348,9. Elementary occupations,85,77,8
E01003349,"1. Managers, directors and senior officials",68,45,23
E01003349,2. Professional occupations,113,80,33
E01003349,3. Associate professional and technical occupations,68,26,42
E01003349,4. Administrative and secretarial occupations,58,70,-12
E01003349,5. Skilled trades occupations,84,63,21
E01003349,"6. Caring, leisure and other service occupations",102,67,35
E01003349,7. Sales and customer service occupations,62,57,5
E01003349,"8. Process, plant and machine operatives",41,37,4
E01003349,9. Elementary occupations,74,57,17
E01003350,"1. Managers, directors and senior officials",50,35,15
E01003350,2. Professional occupations,101,74,27
E01003350,3. Associate professional and technical occupations,52,33,19
E01003350,4. Administrative and secretarial occupations,71,63,8
E01003350,5. Skilled trades occupations,65,77,-12
E01003350,"6. Caring, leisure and other service occupations",87,62,25
E01003350,7. Sales and customer service occupations,58,63,-5
E01003350,"8. Process, plant and machine operatives",33,31,2
E01003350,9. Elementary occupations,66,68,-2
E01003351,"1. Managers, directors and senior officials",52,43,9
E01003351,2. Professional occupations,139,82,57
E01003351,3. Associate professional and technical occupations,89,27,62
E01003351,4. Administrative and secretarial occupations,44,72,-28
E01003351,5. Skilled trades occupations,88,66,22
E01003351,"6. Caring, leisure and other service occupations",96,73,23
E01003351,7. Sales and customer service occupations,59,50,9
E01003351,"8. Process, plant and machine operatives",49,46,3
E01003351,9. Elementary occupations,95,83,12
E01003352,"1. Managers, directors and senior officials",88,42,46
E01003352,2. Professional occupations,157,104,53
E01003352,3. Associate professional and technical occupations,126,42,84
E01003352,4. Administrative and secretarial occupations,93,99,-6
E01003352,5. Skilled trades occupations,81,67,14
E01003352,"6. Caring, leisure and other service occupations",108,102,6
E01003352,7. Sales and customer service occupations,104,86,18
E01003352,"8. Process, plant and machine operatives",61,42,19
E01003352,9. Elementary occupations,122,105,17
E01003353,"1. Managers, directors and senior officials",112,75,37
E01003353,2. Professional occupations,177,123,54
E01003353,3. Associate professional and technical occupations,113,56,57
E01003353,4. Administrative and secretarial occupations,101,133,-32
E01003353,5. Skilled trades occupations,98,107,-9
E01003353,"6. Caring, leisure and other service occupations",77,70,7
E01003353,7. Sales and customer service occupations,80,89,-9
E01003353,"8. Process, plant and machine operatives",57,39,18
E01003353,9. Elementary occupations,73,78,-5
E01003354,"1. Managers, directors and senior officials",108,86,22
E01003354,2. Professional occupations,204,138,66
E01003354,3. Associate professional and technical occupations,160,66,94
E01003354,4. Administrative and secretarial occupations,79,112,-33
E01003354,5. Skilled trades occupations,74,74,0
E01003354,"6. Caring, leisure and other service occupations",116,88,28
E01003354,7. Sales and customer service occupations,65,66,-1
E01003354,"8. Process, plant and machine operatives",62,42,20
E01003354,9. Elementary occupations,120,73,47
E01003355,"1. Managers, directors and senior officials",240,143,97
E01003355,2. Professional occupations,427,372,55
E01003355,3. Associate professional and technical occupations,234,84,150
E01003355,4. Administrative and secretarial occupations,79,114,-35
E01003355,5. Skilled trades occupations,46,41,5
E01003355,"6. Caring, leisure and other service occupations",51,44,7
E01003355,7. Sales and customer service occupations,37,42,-5
E01003355,"8. Process, plant and machine operatives",25,18,7
E01003355,9. Elementary occupations,64,41,23
E01003356,"1. Managers, directors and senior officials",210,154,56
E01003356,2. Professional occupations,363,330,33
E01003356,3. Associate professional and technical occupations,176,83,93
E01003356,4. Administrative and secretarial occupations,76,109,-33
E01003356,5. Skilled trades occupations,62,49,13
E01003356,"6. Caring, leisure and other service occupations",67,54,13
E01003356,7. Sales and customer service occupations,36,67,-31
E01003356,"8. Process, plant and machine operatives",28,14,14
E01003356,9. Elementary occupations,44,34,10
E01003357,"1. Managers, directors and senior officials",72,74,-2
E01003357,2. Professional occupations,157,163,-6
E01003357,3. Associate professional and technical occupations,103,52,51
E01003357,4. Administrative and secretarial occupations,78,105,-27
E01003357,5. Skilled trades occupations,71,90,-19
E01003357,"6. Caring, leisure and other service occupations",91,92,-1
E01003357,7. Sales and customer service occupations,92,82,10
E01003357,"8. Process, plant and machine operatives",51,54,-3
E01003357,9. Elementary occupations,116,120,-4
E01003358,"1. Managers, directors and senior officials",213,182,31
E01003358,2. Professional occupations,406,430,-24
E01003358,3. Associate professional and technical occupations,231,71,160
E01003358,4. Administrative and secretarial occupations,86,102,-16
E01003358,5. Skilled trades occupations,47,43,4
E01003358,"6. Caring, leisure and other service occupations",59,56,3
E01003358,7. Sales and customer service occupations,34,51,-17
E01003358,"8. Process, plant and machine operatives",24,16,8
E01003358,9. Elementary occupations,38,36,2
E01003359,"1. Managers, directors and senior officials",182,133,49
E01003359,2. Professional occupations,335,286,49
E01003359,3. Associate professional and technical occupations,186,81,105
E01003359,4. Administrative and secretarial occupations,72,116,-44
E01003359,5. Skilled trades occupations,51,64,-13
E01003359,"6. Caring, leisure and other service occupations",44,60,-16
E01003359,7. Sales and customer service occupations,38,51,-13
E01003359,"8. Process, plant and machine operatives",29,26,3
E01003359,9. Elementary occupations,74,52,22
E01003360,"1. Managers, directors and senior officials",238,187,51
E01003360,2. Professional occupations,439,383,56
E01003360,3. Associate professional and technical occupations,225,70,155
E01003360,4. Administrative and secretarial occupations,85,116,-31
E01003360,5. Skilled trades occupations,48,51,-3
E01003360,"6. Caring, leisure and other service occupations",38,41,-3
E01003360,7. Sales and customer service occupations,36,37,-1
E01003360,"8. Process, plant and machine operatives",11,22,-11
E01003360,9. Elementary occupations,53,54,-1
E01003361,"1. Managers, directors and senior officials",159,120,39
E01003361,2. Professional occupations,217,190,27
E01003361,3. Associate professional and technical occupations,112,52,60
E01003361,4. Administrative and secretarial occupations,59,101,-42
E01003361,5. Skilled trades occupations,79,65,14
E01003361,"6. Caring, leisure and other service occupations",76,71,5
E01003361,7. Sales and customer service occupations,58,62,-4
E01003361,"8. Process, plant and machine operatives",45,40,5
E01003361,9. Elementary occupations,69,72,-3
E01003362,"1. Managers, directors and senior officials",127,78,49
E01003362,2. Professional occupations,204,147,57
E01003362,3. Associate professional and technical occupations,109,48,61
E01003362,4. Administrative and secretarial occupations,74,85,-11
E01003362,5. Skilled trades occupations,49,75,-26
E01003362,"6. Caring, leisure and other service occupations",45,69,-24
E01003362,7. Sales and customer service occupations,30,46,-16
E01003362,"8. Process, plant and machine operatives",22,25,-3
E01003362,9. Elementary occupations,32,47,-15
E01003363,"1. Managers, directors and senior officials",136,82,54
E01003363,2. Professional occupations,234,176,58
E01003363,3. Associate professional and technical occupations,118,63,55
E01003363,4. Administrative and secretarial occupations,80,139,-59
E01003363,5. Skilled trades occupations,79,88,-9
E01003363,"6. Caring, leisure and other service occupations",58,62,-4
E01003363,7. Sales and customer service occupations,53,55,-2
E01003363,"8. Process, plant and machine operatives",36,45,-9
E01003363,9. Elementary occupations,41,51,-10
E01003364,"1. Managers, directors and senior officials",144,104,40
E01003364,2. Professional occupations,245,190,55
E01003364,3. Associate professional and technical occupations,106,60,46
E01003364,4. Administrative and secretarial occupations,100,141,-41
E01003364,5. Skilled trades occupations,81,83,-2
E01003364,"6. Caring, leisure and other service occupations",68,64,4
E01003364,7. Sales and customer service occupations,55,45,10
E01003364,"8. Process, plant and machine operatives",28,55,-27
E01003364,9. Elementary occupations,46,54,-8
E01003365,"1. Managers, directors and senior officials",124,95,29
E01003365,2. Professional occupations,206,151,55
E01003365,3. Associate professional and technical occupations,103,48,55
E01003365,4. Administrative and secretarial occupations,56,91,-35
E01003365,5. Skilled trades occupations,54,67,-13
E01003365,"6. Caring, leisure and other service occupations",41,68,-27
E01003365,7. Sales and customer service occupations,34,44,-10
E01003365,"8. Process, plant and machine operatives",32,24,8
E01003365,9. Elementary occupations,40,54,-14
E01003366,"1. Managers, directors and senior officials",155,95,60
E01003366,2. Professional occupations,241,154,87
E01003366,3. Associate professional and technical occupations,132,42,90
E01003366,4. Administrative and secretarial occupations,95,111,-16
E01003366,5. Skilled trades occupations,84,86,-2
E01003366,"6. Caring, leisure and other service occupations",57,75,-18
E01003366,7. Sales and customer service occupations,41,55,-14
E01003366,"8. Process, plant and machine operatives",46,39,7
E01003366,9. Elementary occupations,88,77,11
E01003368,"1. Managers, directors and senior officials",137,67,70
E01003368,2. Professional occupations,202,137,65
E01003368,3. Associate professional and technical occupations,136,36,100
E01003368,4. Administrative and secretarial occupations,65,95,-30
E01003368,5. Skilled trades occupations,99,106,-7
E01003368,"6. Caring, leisure and other service occupations",66,77,-11
E01003368,7. Sales and customer service occupations,61,102,-41
E01003368,"8. Process, plant and machine operatives",65,54,11
E01003368,9. Elementary occupations,101,110,-9
E01003369,"1. Managers, directors and senior officials",164,114,50
E01003369,2. Professional occupations,330,283,47
E01003369,3. Associate professional and technical occupations,193,73,120
E01003369,4. Administrative and secretarial occupations,83,147,-64
E01003369,5. Skilled trades occupations,92,96,-4
E01003369,"6. Caring, leisure and other service occupations",57,70,-13
E01003369,7. Sales and customer service occupations,49,69,-20
E01003369,"8. Process, plant and machine operatives",32,44,-12
E01003369,9. Elementary occupations,80,79,1
E01003370,"1. Managers, directors and senior officials",178,144,34
E01003370,2. Professional occupations,367,310,57
E01003370,3. Associate professional and technical occupations,196,92,104
E01003370,4. Administrative and secretarial occupations,92,121,-29
E01003370,5. Skilled trades occupations,112,101,11
E01003370,"6. Caring, leisure and other service occupations",80,112,-32
E01003370,7. Sales and customer service occupations,73,110,-37
E01003370,"8. Process, plant and machine operatives",36,48,-12
E01003370,9. Elementary occupations,112,133,-21
E01003371,"1. Managers, directors and senior officials",135,95,40
E01003371,2. Professional occupations,294,245,49
E01003371,3. Associate professional and technical occupations,174,57,117
E01003371,4. Administrative and secretarial occupations,74,113,-39
E01003371,5. Skilled trades occupations,59,79,-20
E01003371,"6. Caring, leisure and other service occupations",55,57,-2
E01003371,7. Sales and customer service occupations,41,74,-33
E01003371,"8. Process, plant and machine operatives",30,39,-9
E01003371,9. Elementary occupations,69,93,-24
E01003372,"1. Managers, directors and senior officials",94,59,35
E01003372,2. Professional occupations,190,138,52
E01003372,3. Associate professional and technical occupations,172,40,132
E01003372,4. Administrative and secretarial occupations,64,87,-23
E01003372,5. Skilled trades occupations,82,89,-7
E01003372,"6. Caring, leisure and other service occupations",79,69,10
E01003372,7. Sales and customer service occupations,70,87,-17
E01003372,"8. Process, plant and machine operatives",58,43,15
E01003372,9. Elementary occupations,112,94,18
E01003373,"1. Managers, directors and senior officials",53,39,14
E01003373,2. Professional occupations,103,69,34
E01003373,3. Associate professional and technical occupations,78,21,57
E01003373,4. Administrative and secretarial occupations,48,63,-15
E01003373,5. Skilled trades occupations,78,68,10
E01003373,"6. Caring, leisure and other service occupations",89,68,21
E01003373,7. Sales and customer service occupations,76,80,-4
E01003373,"8. Process, plant and machine operatives",41,50,-9
E01003373,9. Elementary occupations,97,88,9
E01003374,"1. Managers, directors and senior officials",93,69,24
E01003374,2. Professional occupations,146,91,55
E01003374,3. Associate professional and technical occupations,106,32,74
E01003374,4. Administrative and secretarial occupations,73,59,14
E01003374,5. Skilled trades occupations,83,59,24
E01003374,"6. Caring, leisure and other service occupations",83,67,16
E01003374,7. Sales and customer service occupations,70,64,6
E01003374,"8. Process, plant and machine operatives",58,35,23
E01003374,9. Elementary occupations,110,80,30
E01003375,"1. Managers, directors and senior officials",102,81,21
E01003375,2. Professional occupations,139,127,12
E01003375,3. Associate professional and technical occupations,81,34,47
E01003375,4. Administrative and secretarial occupations,80,103,-23
E01003375,5. Skilled trades occupations,109,92,17
E01003375,"6. Caring, leisure and other service occupations",72,78,-6
E01003375,7. Sales and customer service occupations,67,65,2
E01003375,"8. Process, plant and machine operatives",68,62,6
E01003375,9. Elementary occupations,95,90,5
E01003376,"1. Managers, directors and senior officials",79,61,18
E01003376,2. Professional occupations,136,84,52
E01003376,3. Associate professional and technical occupations,78,33,45
E01003376,4. Administrative and secretarial occupations,63,79,-16
E01003376,5. Skilled trades occupations,86,79,7
E01003376,"6. Caring, leisure and other service occupations",73,79,-6
E01003376,7. Sales and customer service occupations,74,103,-29
E01003376,"8. Process, plant and machine operatives",77,68,9
E01003376,9. Elementary occupations,101,116,-15
E01003377,"1. Managers, directors and senior officials",66,39,27
E01003377,2. Professional occupations,85,47,38
E01003377,3. Associate professional and technical occupations,69,24,45
E01003377,4. Administrative and secretarial occupations,60,73,-13
E01003377,5. Skilled trades occupations,80,76,4
E01003377,"6. Caring, leisure and other service occupations",114,82,32
E01003377,7. Sales and customer service occupations,70,83,-13
E01003377,"8. Process, plant and machine operatives",55,64,-9
E01003377,9. Elementary occupations,115,100,15
E01003378,"1. Managers, directors and senior officials",93,71,22
E01003378,2. Professional occupations,184,151,33
E01003378,3. Associate professional and technical occupations,149,48,101
E01003378,4. Administrative and secretarial occupations,84,109,-25
E01003378,5. Skilled trades occupations,141,108,33
E01003378,"6. Caring, leisure and other service occupations",125,109,16
E01003378,7. Sales and customer service occupations,104,106,-2
E01003378,"8. Process, plant and machine operatives",89,80,9
E01003378,9. Elementary occupations,161,136,25
E01003379,"1. Managers, directors and senior officials",62,49,13
E01003379,2. Professional occupations,128,90,38
E01003379,3. Associate professional and technical occupations,68,24,44
E01003379,4. Administrative and secretarial occupations,64,86,-22
E01003379,5. Skilled trades occupations,93,78,15
E01003379,"6. Caring, leisure and other service occupations",142,91,51
E01003379,7. Sales and customer service occupations,106,92,14
E01003379,"8. Process, plant and machine operatives",70,59,11
E01003379,9. Elementary occupations,153,140,13
E01003380,"1. Managers, directors and senior officials",208,118,90
E01003380,2. Professional occupations,339,295,44
E01003380,3. Associate professional and technical occupations,146,80,66
E01003380,4. Administrative and secretarial occupations,64,121,-57
E01003380,5. Skilled trades occupations,41,75,-34
E01003380,"6. Caring, leisure and other service occupations",41,61,-20
E01003380,7. Sales and customer service occupations,35,36,-1
E01003380,"8. Process, plant and machine operatives",20,15,5
E01003380,9. Elementary occupations,36,57,-21
E01003381,"1. Managers, directors and senior officials",200,100,100
E01003381,2. Professional occupations,325,280,45
E01003381,3. Associate professional and technical occupations,189,58,131
E01003381,4. Administrative and secretarial occupations,76,95,-19
E01003381,5. Skilled trades occupations,50,46,4
E01003381,"6. Caring, leisure and other service occupations",55,51,4
E01003381,7. Sales and customer service occupations,29,27,2
E01003381,"8. Process, plant and machine operatives",11,12,-1
E01003381,9. Elementary occupations,43,21,22
E01003382,"1. Managers, directors and senior officials",219,145,74
E01003382,2. Professional occupations,368,329,39
E01003382,3. Associate professional and technical occupations,184,94,90
E01003382,4. Administrative and secretarial occupations,76,130,-54
E01003382,5. Skilled trades occupations,52,48,4
E01003382,"6. Caring, leisure and other service occupations",55,62,-7
E01003382,7. Sales and customer service occupations,38,45,-7
E01003382,"8. Process, plant and machine operatives",20,13,7
E01003382,9. Elementary occupations,29,24,5
E01003383,"1. Managers, directors and senior officials",237,179,58
E01003383,2. Professional occupations,369,341,28
E01003383,3. Associate professional and technical occupations,183,66,117
E01003383,4. Administrative and secretarial occupations,57,89,-32
E01003383,5. Skilled trades occupations,47,35,12
E01003383,"6. Caring, leisure and other service occupations",45,47,-2
E01003383,7. Sales and customer service occupations,36,34,2
E01003383,"8. Process, plant and machine operatives",10,11,-1
E01003383,9. Elementary occupations,34,31,3
E01003384,"1. Managers, directors and senior officials",207,138,69
E01003384,2. Professional occupations,385,381,4
E01003384,3. Associate professional and technical occupations,193,67,126
E01003384,4. Administrative and secretarial occupations,64,77,-13
E01003384,5. Skilled trades occupations,38,32,6
E01003384,"6. Caring, leisure and other service occupations",37,28,9
E01003384,7. Sales and customer service occupations,20,40,-20
E01003384,"8. Process, plant and machine operatives",17,15,2
E01003384,9. Elementary occupations,33,25,8
E01003385,"1. Managers, directors and senior officials",188,141,47
E01003385,2. Professional occupations,335,340,-5
E01003385,3. Associate professional and technical occupations,152,67,85
E01003385,4. Administrative and secretarial occupations,52,88,-36
E01003385,5. Skilled trades occupations,19,37,-18
E01003385,"6. Caring, leisure and other service occupations",23,39,-16
E01003385,7. Sales and customer service occupations,23,28,-5
E01003385,"8. Process, plant and machine operatives",12,10,2
E01003385,9. Elementary occupations,22,25,-3
E01003386,"1. Managers, directors and senior officials",96,81,15
E01003386,2. Professional occupations,187,114,73
E01003386,3. Associate professional and technical occupations,117,43,74
E01003386,4. Administrative and secretarial occupations,90,144,-54
E01003386,5. Skilled trades occupations,145,119,26
E01003386,"6. Caring, leisure and other service occupations",130,107,23
E01003386,7. Sales and customer service occupations,128,125,3
E01003386,"8. Process, plant and machine operatives",108,75,33
E01003386,9. Elementary occupations,159,139,20
E01003387,"1. Managers, directors and senior officials",107,42,65
E01003387,2. Professional occupations,171,100,71
E01003387,3. Associate professional and technical occupations,134,43,91
E01003387,4. Administrative and secretarial occupations,86,98,-12
E01003387,5. Skilled trades occupations,99,94,5
E01003387,"6. Caring, leisure and other service occupations",117,79,38
E01003387,7. Sales and customer service occupations,80,52,28
E01003387,"8. Process, plant and machine operatives",93,58,35
E01003387,9. Elementary occupations,129,112,17
E01003388,"1. Managers, directors and senior officials",72,46,26
E01003388,2. Professional occupations,122,84,38
E01003388,3. Associate professional and technical occupations,86,44,42
E01003388,4. Administrative and secretarial occupations,70,83,-13
E01003388,5. Skilled trades occupations,100,70,30
E01003388,"6. Caring, leisure and other service occupations",100,73,27
E01003388,7. Sales and customer service occupations,85,64,21
E01003388,"8. Process, plant and machine operatives",68,50,18
E01003388,9. Elementary occupations,133,98,35
E01003389,"1. Managers, directors and senior officials",100,76,24
E01003389,2. Professional occupations,135,109,26
E01003389,3. Associate professional and technical occupations,99,46,53
E01003389,4. Administrative and secretarial occupations,66,89,-23
E01003389,5. Skilled trades occupations,128,98,30
E01003389,"6. Caring, leisure and other service occupations",94,82,12
E01003389,7. Sales and customer service occupations,104,97,7
E01003389,"8. Process, plant and machine operatives",57,72,-15
E01003389,9. Elementary occupations,124,120,4
E01003390,"1. Managers, directors and senior officials",57,39,18
E01003390,2. Professional occupations,123,80,43
E01003390,3. Associate professional and technical occupations,77,23,54
E01003390,4. Administrative and secretarial occupations,53,63,-10
E01003390,5. Skilled trades occupations,73,70,3
E01003390,"6. Caring, leisure and other service occupations",128,111,17
E01003390,7. Sales and customer service occupations,87,90,-3
E01003390,"8. Process, plant and machine operatives",71,39,32
E01003390,9. Elementary occupations,135,146,-11
E01003391,"1. Managers, directors and senior officials",41,21,20
E01003391,2. Professional occupations,62,79,-17
E01003391,3. Associate professional and technical occupations,56,27,29
E01003391,4. Administrative and secretarial occupations,33,42,-9
E01003391,5. Skilled trades occupations,44,51,-7
E01003391,"6. Caring, leisure and other service occupations",61,87,-26
E01003391,7. Sales and customer service occupations,45,69,-24
E01003391,"8. Process, plant and machine operatives",51,56,-5
E01003391,9. Elementary occupations,102,79,23
E01003392,"1. Managers, directors and senior officials",70,55,15
E01003392,2. Professional occupations,150,123,27
E01003392,3. Associate professional and technical occupations,95,30,65
E01003392,4. Administrative and secretarial occupations,58,89,-31
E01003392,5. Skilled trades occupations,82,84,-2
E01003392,"6. Caring, leisure and other service occupations",89,71,18
E01003392,7. Sales and customer service occupations,66,82,-16
E01003392,"8. Process, plant and machine operatives",40,39,1
E01003392,9. Elementary occupations,85,75,10
E01003393,"1. Managers, directors and senior officials",108,67,41
E01003393,2. Professional occupations,208,158,50
E01003393,3. Associate professional and technical occupations,137,41,96
E01003393,4. Administrative and secretarial occupations,71,84,-13
E01003393,5. Skilled trades occupations,101,119,-18
E01003393,"6. Caring, leisure and other service occupations",101,92,9
E01003393,7. Sales and customer service occupations,74,71,3
E01003393,"8. Process, plant and machine operatives",47,47,0
E01003393,9. Elementary occupations,118,130,-12
E01003394,"1. Managers, directors and senior officials",117,71,46
E01003394,2. Professional occupations,209,113,96
E01003394,3. Associate professional and technical occupations,128,40,88
E01003394,4. Administrative and secretarial occupations,85,103,-18
E01003394,5. Skilled trades occupations,144,190,-46
E01003394,"6. Caring, leisure and other service occupations",91,86,5
E01003394,7. Sales and customer service occupations,103,109,-6
E01003394,"8. Process, plant and machine operatives",79,78,1
E01003394,9. Elementary occupations,153,165,-12
E01003395,"1. Managers, directors and senior officials",91,63,28
E01003395,2. Professional occupations,157,121,36
E01003395,3. Associate professional and technical occupations,89,31,58
E01003395,4. Administrative and secretarial occupations,70,94,-24
E01003395,5. Skilled trades occupations,109,106,3
E01003395,"6. Caring, leisure and other service occupations",60,61,-1
E01003395,7. Sales and customer service occupations,60,77,-17
E01003395,"8. Process, plant and machine operatives",59,51,8
E01003395,9. Elementary occupations,116,79,37
E01003396,"1. Managers, directors and senior officials",113,77,36
E01003396,2. Professional occupations,234,169,65
E01003396,3. Associate professional and technical occupations,139,39,100
E01003396,4. Administrative and secretarial occupations,64,85,-21
E01003396,5. Skilled trades occupations,68,101,-33
E01003396,"6. Caring, leisure and other service occupations",58,59,-1
E01003396,7. Sales and customer service occupations,51,96,-45
E01003396,"8. Process, plant and machine operatives",31,49,-18
E01003396,9. Elementary occupations,77,100,-23
E01003397,"1. Managers, directors and senior officials",101,63,38
E01003397,2. Professional occupations,187,128,59
E01003397,3. Associate professional and technical occupations,119,37,82
E01003397,4. Administrative and secretarial occupations,80,89,-9
E01003397,5. Skilled trades occupations,72,110,-38
E01003397,"6. Caring, leisure and other service occupations",68,61,7
E01003397,7. Sales and customer service occupations,65,89,-24
E01003397,"8. Process, plant and machine operatives",37,56,-19
E01003397,9. Elementary occupations,79,95,-16
E01003398,"1. Managers, directors and senior officials",134,73,61
E01003398,2. Professional occupations,212,135,77
E01003398,3. Associate professional and technical occupations,144,52,92
E01003398,4. Administrative and secretarial occupations,80,125,-45
E01003398,5. Skilled trades occupations,108,100,8
E01003398,"6. Caring, leisure and other service occupations",71,65,6
E01003398,7. Sales and customer service occupations,74,95,-21
E01003398,"8. Process, plant and machine operatives",59,52,7
E01003398,9. Elementary occupations,114,93,21
E01003399,"1. Managers, directors and senior officials",151,141,10
E01003399,2. Professional occupations,305,374,-69
E01003399,3. Associate professional and technical occupations,161,57,104
E01003399,4. Administrative and secretarial occupations,64,123,-59
E01003399,5. Skilled trades occupations,45,43,2
E01003399,"6. Caring, leisure and other service occupations",47,45,2
E01003399,7. Sales and customer service occupations,35,31,4
E01003399,"8. Process, plant and machine operatives",22,11,11
E01003399,9. Elementary occupations,32,23,9
E01003400,"1. Managers, directors and senior officials",186,157,29
E01003400,2. Professional occupations,318,365,-47
E01003400,3. Associate professional and technical occupations,162,61,101
E01003400,4. Administrative and secretarial occupations,74,98,-24
E01003400,5. Skilled trades occupations,39,45,-6
E01003400,"6. Caring, leisure and other service occupations",46,47,-1
E01003400,7. Sales and customer service occupations,27,29,-2
E01003400,"8. Process, plant and machine operatives",14,7,7
E01003400,9. Elementary occupations,29,36,-7
E01003401,"1. Managers, directors and senior officials",191,131,60
E01003401,2. Professional occupations,305,299,6
E01003401,3. Associate professional and technical occupations,133,36,97
E01003401,4. Administrative and secretarial occupations,43,59,-16
E01003401,5. Skilled trades occupations,25,19,6
E01003401,"6. Caring, leisure and other service occupations",35,22,13
E01003401,7. Sales and customer service occupations,24,23,1
E01003401,"8. Process, plant and machine operatives",12,11,1
E01003401,9. Elementary occupations,21,18,3
E01003402,"1. Managers, directors and senior officials",201,166,35
E01003402,2. Professional occupations,274,349,-75
E01003402,3. Associate professional and technical occupations,132,39,93
E01003402,4. Administrative and secretarial occupations,52,74,-22
E01003402,5. Skilled trades occupations,24,7,17
E01003402,"6. Caring, leisure and other service occupations",35,31,4
E01003402,7. Sales and customer service occupations,22,25,-3
E01003402,"8. Process, plant and machine operatives",8,4,4
E01003402,9. Elementary occupations,14,14,0
E01003403,"1. Managers, directors and senior officials",201,166,35
E01003403,2. Professional occupations,297,284,13
E01003403,3. Associate professional and technical occupations,134,47,87
E01003403,4. Administrative and secretarial occupations,49,78,-29
E01003403,5. Skilled trades occupations,21,28,-7
E01003403,"6. Caring, leisure and other service occupations",30,35,-5
E01003403,7. Sales and customer service occupations,29,19,10
E01003403,"8. Process, plant and machine operatives",8,3,5
E01003403,9. Elementary occupations,15,21,-6
E01003404,"1. Managers, directors and senior officials",219,139,80
E01003404,2. Professional occupations,439,348,91
E01003404,3. Associate professional and technical occupations,179,52,127
E01003404,4. Administrative and secretarial occupations,64,79,-15
E01003404,5. Skilled trades occupations,13,32,-19
E01003404,"6. Caring, leisure and other service occupations",48,26,22
E01003404,7. Sales and customer service occupations,32,23,9
E01003404,"8. Process, plant and machine operatives",20,8,12
E01003404,9. Elementary occupations,26,20,6
E01003405,"1. Managers, directors and senior officials",109,54,55
E01003405,2. Professional occupations,233,99,134
E01003405,3. Associate professional and technical occupations,130,40,90
E01003405,4. Administrative and secretarial occupations,97,85,12
E01003405,5. Skilled trades occupations,120,90,30
E01003405,"6. Caring, leisure and other service occupations",130,88,42
E01003405,7. Sales and customer service occupations,114,94,20
E01003405,"8. Process, plant and machine operatives",107,54,53
E01003405,9. Elementary occupations,153,141,12
E01003406,"1. Managers, directors and senior officials",81,50,31
E01003406,2. Professional occupations,183,122,61
E01003406,3. Associate professional and technical occupations,112,47,65
E01003406,4. Administrative and secretarial occupations,97,111,-14
E01003406,5. Skilled trades occupations,118,97,21
E01003406,"6. Caring, leisure and other service occupations",96,84,12
E01003406,7. Sales and customer service occupations,68,87,-19
E01003406,"8. Process, plant and machine operatives",63,41,22
E01003406,9. Elementary occupations,125,97,28
E01003407,"1. Managers, directors and senior officials",135,115,20
E01003407,2. Professional occupations,265,215,50
E01003407,3. Associate professional and technical occupations,156,58,98
E01003407,4. Administrative and secretarial occupations,100,129,-29
E01003407,5. Skilled trades occupations,131,105,26
E01003407,"6. Caring, leisure and other service occupations",74,88,-14
E01003407,7. Sales and customer service occupations,79,74,5
E01003407,"8. Process, plant and machine operatives",68,64,4
E01003407,9. Elementary occupations,137,145,-8
E01003408,"1. Managers, directors and senior officials",152,102,50
E01003408,2. Professional occupations,269,259,10
E01003408,3. Associate professional and technical occupations,192,73,119
E01003408,4. Administrative and secretarial occupations,94,156,-62
E01003408,5. Skilled trades occupations,126,120,6
E01003408,"6. Caring, leisure and other service occupations",106,77,29
E01003408,7. Sales and customer service occupations,73,76,-3
E01003408,"8. Process, plant and machine operatives",58,45,13
E01003408,9. Elementary occupations,130,112,18
E01003409,"1. Managers, directors and senior officials",94,48,46
E01003409,2. Professional occupations,138,95,43
E01003409,3. Associate professional and technical occupations,81,36,45
E01003409,4. Administrative and secretarial occupations,77,98,-21
E01003409,5. Skilled trades occupations,94,95,-1
E01003409,"6. Caring, leisure and other service occupations",100,94,6
E01003409,7. Sales and customer service occupations,114,112,2
E01003409,"8. Process, plant and machine operatives",73,61,12
E01003409,9. Elementary occupations,121,87,34
E01003410,"1. Managers, directors and senior officials",81,79,2
E01003410,2. Professional occupations,152,155,-3
E01003410,3. Associate professional and technical occupations,83,47,36
E01003410,4. Administrative and secretarial occupations,88,100,-12
E01003410,5. Skilled trades occupations,98,94,4
E01003410,"6. Caring, leisure and other service occupations",76,84,-8
E01003410,7. Sales and customer service occupations,55,83,-28
E01003410,"8. Process, plant and machine operatives",69,48,21
E01003410,9. Elementary occupations,110,123,-13
E01003411,"1. Managers, directors and senior officials",121,87,34
E01003411,2. Professional occupations,196,129,67
E01003411,3. Associate professional and technical occupations,116,53,63
E01003411,4. Administrative and secretarial occupations,88,110,-22
E01003411,5. Skilled trades occupations,104,100,4
E01003411,"6. Caring, leisure and other service occupations",88,85,3
E01003411,7. Sales and customer service occupations,78,92,-14
E01003411,"8. Process, plant and machine operatives",74,52,22
E01003411,9. Elementary occupations,103,90,13
E01003412,"1. Managers, directors and senior officials",86,60,26
E01003412,2. Professional occupations,139,106,33
E01003412,3. Associate professional and technical occupations,84,41,43
E01003412,4. Administrative and secretarial occupations,83,102,-19
E01003412,5. Skilled trades occupations,104,100,4
E01003412,"6. Caring, leisure and other service occupations",98,94,4
E01003412,7. Sales and customer service occupations,77,78,-1
E01003412,"8. Process, plant and machine operatives",73,69,4
E01003412,9. Elementary occupations,118,89,29
E01003413,"1. Managers, directors and senior officials",126,99,27
E01003413,2. Professional occupations,195,147,48
E01003413,3. Associate professional and technical occupations,142,55,87
E01003413,4. Administrative and secretarial occupations,99,142,-43
E01003413,5. Skilled trades occupations,123,108,15
E01003413,"6. Caring, leisure and other service occupations",106,72,34
E01003413,7. Sales and customer service occupations,68,84,-16
E01003413,"8. Process, plant and machine operatives",66,52,14
E01003413,9. Elementary occupations,157,118,39
E01003414,"1. Managers, directors and senior officials",89,55,34
E01003414,2. Professional occupations,152,100,52
E01003414,3. Associate professional and technical occupations,112,45,67
E01003414,4. Administrative and secretarial occupations,89,132,-43
E01003414,5. Skilled trades occupations,99,79,20
E01003414,"6. Caring, leisure and other service occupations",58,64,-6
E01003414,7. Sales and customer service occupations,68,81,-13
E01003414,"8. Process, plant and machine operatives",54,50,4
E01003414,9. Elementary occupations,81,87,-6
E01003415,"1. Managers, directors and senior officials",167,56,111
E01003415,2. Professional occupations,217,106,111
E01003415,3. Associate professional and technical occupations,142,44,98
E01003415,4. Administrative and secretarial occupations,115,130,-15
E01003415,5. Skilled trades occupations,128,73,55
E01003415,"6. Caring, leisure and other service occupations",107,76,31
E01003415,7. Sales and customer service occupations,105,73,32
E01003415,"8. Process, plant and machine operatives",89,62,27
E01003415,9. Elementary occupations,151,101,50
E01003416,"1. Managers, directors and senior officials",74,52,22
E01003416,2. Professional occupations,150,114,36
E01003416,3. Associate professional and technical occupations,114,40,74
E01003416,4. Administrative and secretarial occupations,83,94,-11
E01003416,5. Skilled trades occupations,122,103,19
E01003416,"6. Caring, leisure and other service occupations",70,69,1
E01003416,7. Sales and customer service occupations,87,78,9
E01003416,"8. Process, plant and machine operatives",69,51,18
E01003416,9. Elementary occupations,98,90,8
E01003417,"1. Managers, directors and senior officials",101,91,10
E01003417,2. Professional occupations,176,101,75
E01003417,3. Associate professional and technical occupations,109,54,55
E01003417,4. Administrative and secretarial occupations,86,136,-50
E01003417,5. Skilled trades occupations,104,108,-4
E01003417,"6. Caring, leisure and other service occupations",81,95,-14
E01003417,7. Sales and customer service occupations,43,49,-6
E01003417,"8. Process, plant and machine operatives",34,56,-22
E01003417,9. Elementary occupations,72,70,2
E01003418,"1. Managers, directors and senior officials",93,67,26
E01003418,2. Professional occupations,131,104,27
E01003418,3. Associate professional and technical occupations,98,52,46
E01003418,4. Administrative and secretarial occupations,121,129,-8
E01003418,5. Skilled trades occupations,100,99,1
E01003418,"6. Caring, leisure and other service occupations",66,100,-34
E01003418,7. Sales and customer service occupations,59,59,0
E01003418,"8. Process, plant and machine operatives",47,59,-12
E01003418,9. Elementary occupations,48,66,-18
E01003419,"1. Managers, directors and senior officials",119,106,13
E01003419,2. Professional occupations,160,134,26
E01003419,3. Associate professional and technical occupations,107,57,50
E01003419,4. Administrative and secretarial occupations,121,168,-47
E01003419,5. Skilled trades occupations,108,109,-1
E01003419,"6. Caring, leisure and other service occupations",86,74,12
E01003419,7. Sales and customer service occupations,76,87,-11
E01003419,"8. Process, plant and machine operatives",62,60,2
E01003419,9. Elementary occupations,75,66,9
E01003420,"1. Managers, directors and senior officials",96,72,24
E01003420,2. Professional occupations,152,105,47
E01003420,3. Associate professional and technical occupations,109,36,73
E01003420,4. Administrative and secretarial occupations,102,110,-8
E01003420,5. Skilled trades occupations,86,103,-17
E01003420,"6. Caring, leisure and other service occupations",64,60,4
E01003420,7. Sales and customer service occupations,66,65,1
E01003420,"8. Process, plant and machine operatives",51,34,17
E01003420,9. Elementary occupations,51,68,-17
E01003421,"1. Managers, directors and senior officials",107,89,18
E01003421,2. Professional occupations,181,166,15
E01003421,3. Associate professional and technical occupations,123,55,68
E01003421,4. Administrative and secretarial occupations,87,125,-38
E01003421,5. Skilled trades occupations,87,84,3
E01003421,"6. Caring, leisure and other service occupations",60,78,-18
E01003421,7. Sales and customer service occupations,69,72,-3
E01003421,"8. Process, plant and machine operatives",27,43,-16
E01003421,9. Elementary occupations,73,68,5
E01003422,"1. Managers, directors and senior officials",99,65,34
E01003422,2. Professional occupations,175,113,62
E01003422,3. Associate professional and technical occupations,100,45,55
E01003422,4. Administrative and secretarial occupations,75,108,-33
E01003422,5. Skilled trades occupations,89,85,4
E01003422,"6. Caring, leisure and other service occupations",53,73,-20
E01003422,7. Sales and customer service occupations,42,59,-17
E01003422,"8. Process, plant and machine operatives",34,43,-9
E01003422,9. Elementary occupations,40,60,-20
E01003423,"1. Managers, directors and senior officials",193,124,69
E01003423,2. Professional occupations,266,286,-20
E01003423,3. Associate professional and technical occupations,135,57,78
E01003423,4. Administrative and secretarial occupations,64,81,-17
E01003423,5. Skilled trades occupations,54,59,-5
E01003423,"6. Caring, leisure and other service occupations",36,35,1
E01003423,7. Sales and customer service occupations,30,48,-18
E01003423,"8. Process, plant and machine operatives",23,23,0
E01003423,9. Elementary occupations,36,39,-3
E01003424,"1. Managers, directors and senior officials",177,131,46
E01003424,2. Professional occupations,245,255,-10
E01003424,3. Associate professional and technical occupations,129,34,95
E01003424,4. Administrative and secretarial occupations,53,89,-36
E01003424,5. Skilled trades occupations,28,32,-4
E01003424,"6. Caring, leisure and other service occupations",33,39,-6
E01003424,7. Sales and customer service occupations,18,24,-6
E01003424,"8. Process, plant and machine operatives",15,7,8
E01003424,9. Elementary occupations,24,27,-3
E01003425,"1. Managers, directors and senior officials",175,99,76
E01003425,2. Professional occupations,238,232,6
E01003425,3. Associate professional and technical occupations,123,43,80
E01003425,4. Administrative and secretarial occupations,58,79,-21
E01003425,5. Skilled trades occupations,45,52,-7
E01003425,"6. Caring, leisure and other service occupations",36,49,-13
E01003425,7. Sales and customer service occupations,28,30,-2
E01003425,"8. Process, plant and machine operatives",5,20,-15
E01003425,9. Elementary occupations,27,41,-14
E01003426,"1. Managers, directors and senior officials",178,114,64
E01003426,2. Professional occupations,254,229,25
E01003426,3. Associate professional and technical occupations,158,61,97
E01003426,4. Administrative and secretarial occupations,64,105,-41
E01003426,5. Skilled trades occupations,52,59,-7
E01003426,"6. Caring, leisure and other service occupations",66,67,-1
E01003426,7. Sales and customer service occupations,49,56,-7
E01003426,"8. Process, plant and machine operatives",27,21,6
E01003426,9. Elementary occupations,63,45,18
E01003427,"1. Managers, directors and senior officials",136,89,47
E01003427,2. Professional occupations,215,170,45
E01003427,3. Associate professional and technical occupations,122,42,80
E01003427,4. Administrative and secretarial occupations,84,114,-30
E01003427,5. Skilled trades occupations,98,109,-11
E01003427,"6. Caring, leisure and other service occupations",73,72,1
E01003427,7. Sales and customer service occupations,86,91,-5
E01003427,"8. Process, plant and machine operatives",60,48,12
E01003427,9. Elementary occupations,137,101,36
E01003428,"1. Managers, directors and senior officials",146,111,35
E01003428,2. Professional occupations,302,289,13
E01003428,3. Associate professional and technical occupations,112,45,67
E01003428,4. Administrative and secretarial occupations,52,102,-50
E01003428,5. Skilled trades occupations,28,28,0
E01003428,"6. Caring, leisure and other service occupations",33,32,1
E01003428,7. Sales and customer service occupations,24,27,-3
E01003428,"8. Process, plant and machine operatives",8,6,2
E01003428,9. Elementary occupations,28,27,1
E01003429,"1. Managers, directors and senior officials",79,47,32
E01003429,2. Professional occupations,164,110,54
E01003429,3. Associate professional and technical occupations,94,46,48
E01003429,4. Administrative and secretarial occupations,80,101,-21
E01003429,5. Skilled trades occupations,96,83,13
E01003429,"6. Caring, leisure and other service occupations",82,83,-1
E01003429,7. Sales and customer service occupations,67,73,-6
E01003429,"8. Process, plant and machine operatives",78,57,21
E01003429,9. Elementary occupations,103,80,23
E01003430,"1. Managers, directors and senior officials",47,36,11
E01003430,2. Professional occupations,124,84,40
E01003430,3. Associate professional and technical occupations,60,22,38
E01003430,4. Administrative and secretarial occupations,56,57,-1
E01003430,5. Skilled trades occupations,68,56,12
E01003430,"6. Caring, leisure and other service occupations",137,91,46
E01003430,7. Sales and customer service occupations,63,78,-15
E01003430,"8. Process, plant and machine operatives",56,44,12
E01003430,9. Elementary occupations,139,128,11
E01003431,"1. Managers, directors and senior officials",51,25,26
E01003431,2. Professional occupations,98,77,21
E01003431,3. Associate professional and technical occupations,77,40,37
E01003431,4. Administrative and secretarial occupations,70,95,-25
E01003431,5. Skilled trades occupations,101,68,33
E01003431,"6. Caring, leisure and other service occupations",113,101,12
E01003431,7. Sales and customer service occupations,69,60,9
E01003431,"8. Process, plant and machine operatives",55,42,13
E01003431,9. Elementary occupations,127,99,28
E01003432,"1. Managers, directors and senior officials",46,36,10
E01003432,2. Professional occupations,118,54,64
E01003432,3. Associate professional and technical occupations,82,27,55
E01003432,4. Administrative and secretarial occupations,80,84,-4
E01003432,5. Skilled trades occupations,77,77,0
E01003432,"6. Caring, leisure and other service occupations",104,83,21
E01003432,7. Sales and customer service occupations,59,75,-16
E01003432,"8. Process, plant and machine operatives",53,58,-5
E01003432,9. Elementary occupations,117,96,21
E01003433,"1. Managers, directors and senior officials",61,46,15
E01003433,2. Professional occupations,129,82,47
E01003433,3. Associate professional and technical occupations,76,37,39
E01003433,4. Administrative and secretarial occupations,63,93,-30
E01003433,5. Skilled trades occupations,68,77,-9
E01003433,"6. Caring, leisure and other service occupations",105,74,31
E01003433,7. Sales and customer service occupations,67,81,-14
E01003433,"8. Process, plant and machine operatives",75,57,18
E01003433,9. Elementary occupations,105,101,4
E01003434,"1. Managers, directors and senior officials",82,51,31
E01003434,2. Professional occupations,143,103,40
E01003434,3. Associate professional and technical occupations,77,40,37
E01003434,4. Administrative and secretarial occupations,77,121,-44
E01003434,5. Skilled trades occupations,87,94,-7
E01003434,"6. Caring, leisure and other service occupations",84,97,-13
E01003434,7. Sales and customer service occupations,57,72,-15
E01003434,"8. Process, plant and machine operatives",54,51,3
E01003434,9. Elementary occupations,97,86,11
E01003435,"1. Managers, directors and senior officials",105,49,56
E01003435,2. Professional occupations,199,101,98
E01003435,3. Associate professional and technical occupations,154,50,104
E01003435,4. Administrative and secretarial occupations,94,107,-13
E01003435,5. Skilled trades occupations,95,43,52
E01003435,"6. Caring, leisure and other service occupations",100,55,45
E01003435,7. Sales and customer service occupations,85,72,13
E01003435,"8. Process, plant and machine operatives",86,47,39
E01003435,9. Elementary occupations,91,73,18
E01003436,"1. Managers, directors and senior officials",112,81,31
E01003436,2. Professional occupations,131,94,37
E01003436,3. Associate professional and technical occupations,93,39,54
E01003436,4. Administrative and secretarial occupations,71,98,-27
E01003436,5. Skilled trades occupations,107,102,5
E01003436,"6. Caring, leisure and other service occupations",87,74,13
E01003436,7. Sales and customer service occupations,67,69,-2
E01003436,"8. Process, plant and machine operatives",68,48,20
E01003436,9. Elementary occupations,98,72,26
E01003437,"1. Managers, directors and senior officials",121,80,41
E01003437,2. Professional occupations,199,152,47
E01003437,3. Associate professional and technical occupations,133,63,70
E01003437,4. Administrative and secretarial occupations,84,100,-16
E01003437,5. Skilled trades occupations,123,90,33
E01003437,"6. Caring, leisure and other service occupations",78,77,1
E01003437,7. Sales and customer service occupations,88,82,6
E01003437,"8. Process, plant and machine operatives",79,48,31
E01003437,9. Elementary occupations,127,98,29
E01003438,"1. Managers, directors and senior officials",90,67,23
E01003438,2. Professional occupations,147,95,52
E01003438,3. Associate professional and technical occupations,85,36,49
E01003438,4. Administrative and secretarial occupations,96,104,-8
E01003438,5. Skilled trades occupations,108,70,38
E01003438,"6. Caring, leisure and other service occupations",108,85,23
E01003438,7. Sales and customer service occupations,90,103,-13
E01003438,"8. Process, plant and machine operatives",61,59,2
E01003438,9. Elementary occupations,95,100,-5
E01003439,"1. Managers, directors and senior officials",88,62,26
E01003439,2. Professional occupations,145,88,57
E01003439,3. Associate professional and technical occupations,88,28,60
E01003439,4. Administrative and secretarial occupations,80,90,-10
E01003439,5. Skilled trades occupations,116,122,-6
E01003439,"6. Caring, leisure and other service occupations",78,71,7
E01003439,7. Sales and customer service occupations,74,62,12
E01003439,"8. Process, plant and machine operatives",41,48,-7
E01003439,9. Elementary occupations,115,97,18
E01003440,"1. Managers, directors and senior officials",85,47,38
E01003440,2. Professional occupations,155,112,43
E01003440,3. Associate professional and technical occupations,84,45,39
E01003440,4. Administrative and secretarial occupations,70,102,-32
E01003440,5. Skilled trades occupations,81,80,1
E01003440,"6. Caring, leisure and other service occupations",61,76,-15
E01003440,7. Sales and customer service occupations,87,93,-6
E01003440,"8. Process, plant and machine operatives",65,58,7
E01003440,9. Elementary occupations,90,77,13
E01003441,"1. Managers, directors and senior officials",103,46,57
E01003441,2. Professional occupations,158,127,31
E01003441,3. Associate professional and technical occupations,94,41,53
E01003441,4. Administrative and secretarial occupations,86,106,-20
E01003441,5. Skilled trades occupations,97,100,-3
E01003441,"6. Caring, leisure and other service occupations",97,96,1
E01003441,7. Sales and customer service occupations,92,77,15
E01003441,"8. Process, plant and machine operatives",60,57,3
E01003441,9. Elementary occupations,101,116,-15
E01003442,"1. Managers, directors and senior officials",230,190,40
E01003442,2. Professional occupations,289,290,-1
E01003442,3. Associate professional and technical occupations,116,49,67
E01003442,4. Administrative and secretarial occupations,49,69,-20
E01003442,5. Skilled trades occupations,21,28,-7
E01003442,"6. Caring, leisure and other service occupations",32,34,-2
E01003442,7. Sales and customer service occupations,18,30,-12
E01003442,"8. Process, plant and machine operatives",4,8,-4
E01003442,9. Elementary occupations,11,13,-2
E01003443,"1. Managers, directors and senior officials",228,151,77
E01003443,2. Professional occupations,304,303,1
E01003443,3. Associate professional and technical occupations,111,40,71
E01003443,4. Administrative and secretarial occupations,46,69,-23
E01003443,5. Skilled trades occupations,9,23,-14
E01003443,"6. Caring, leisure and other service occupations",35,32,3
E01003443,7. Sales and customer service occupations,20,16,4
E01003443,"8. Process, plant and machine operatives",9,7,2
E01003443,9. Elementary occupations,11,11,0
E01003444,"1. Managers, directors and senior officials",178,130,48
E01003444,2. Professional occupations,308,294,14
E01003444,3. Associate professional and technical occupations,152,55,97
E01003444,4. Administrative and secretarial occupations,69,86,-17
E01003444,5. Skilled trades occupations,38,34,4
E01003444,"6. Caring, leisure and other service occupations",23,31,-8
E01003444,7. Sales and customer service occupations,34,27,7
E01003444,"8. Process, plant and machine operatives",7,11,-4
E01003444,9. Elementary occupations,23,18,5
E01003445,"1. Managers, directors and senior officials",200,138,62
E01003445,2. Professional occupations,304,258,46
E01003445,3. Associate professional and technical occupations,144,53,91
E01003445,4. Administrative and secretarial occupations,82,102,-20
E01003445,5. Skilled trades occupations,50,59,-9
E01003445,"6. Caring, leisure and other service occupations",40,46,-6
E01003445,7. Sales and customer service occupations,40,45,-5
E01003445,"8. Process, plant and machine operatives",14,23,-9
E01003445,9. Elementary occupations,41,39,2
E01003446,"1. Managers, directors and senior officials",180,109,71
E01003446,2. Professional occupations,380,332,48
E01003446,3. Associate professional and technical occupations,191,69,122
E01003446,4. Administrative and secretarial occupations,85,130,-45
E01003446,5. Skilled trades occupations,70,60,10
E01003446,"6. Caring, leisure and other service occupations",65,61,4
E01003446,7. Sales and customer service occupations,53,47,6
E01003446,"8. Process, plant and machine operatives",30,31,-1
E01003446,9. Elementary occupations,63,59,4
E01003447,"1. Managers, directors and senior officials",103,84,19
E01003447,2. Professional occupations,193,151,42
E01003447,3. Associate professional and technical occupations,112,47,65
E01003447,4. Administrative and secretarial occupations,78,86,-8
E01003447,5. Skilled trades occupations,77,99,-22
E01003447,"6. Caring, leisure and other service occupations",75,73,2
E01003447,7. Sales and customer service occupations,60,76,-16
E01003447,"8. Process, plant and machine operatives",39,34,5
E01003447,9. Elementary occupations,85,64,21
E01003448,"1. Managers, directors and senior officials",128,60,68
E01003448,2. Professional occupations,304,105,199
E01003448,3. Associate professional and technical occupations,165,45,120
E01003448,4. Administrative and secretarial occupations,101,98,3
E01003448,5. Skilled trades occupations,145,93,52
E01003448,"6. Caring, leisure and other service occupations",115,74,41
E01003448,7. Sales and customer service occupations,94,61,33
E01003448,"8. Process, plant and machine operatives",76,72,4
E01003448,9. Elementary occupations,108,98,10
E01003449,"1. Managers, directors and senior officials",87,72,15
E01003449,2. Professional occupations,171,124,47
E01003449,3. Associate professional and technical occupations,112,50,62
E01003449,4. Administrative and secretarial occupations,81,85,-4
E01003449,5. Skilled trades occupations,108,105,3
E01003449,"6. Caring, leisure and other service occupations",103,71,32
E01003449,7. Sales and customer service occupations,92,77,15
E01003449,"8. Process, plant and machine operatives",71,52,19
E01003449,9. Elementary occupations,102,93,9
E01003450,"1. Managers, directors and senior officials",87,61,26
E01003450,2. Professional occupations,130,98,32
E01003450,3. Associate professional and technical occupations,87,34,53
E01003450,4. Administrative and secretarial occupations,70,99,-29
E01003450,5. Skilled trades occupations,111,92,19
E01003450,"6. Caring, leisure and other service occupations",87,88,-1
E01003450,7. Sales and customer service occupations,77,71,6
E01003450,"8. Process, plant and machine operatives",63,56,7
E01003450,9. Elementary occupations,113,87,26
E01003451,"1. Managers, directors and senior officials",129,102,27
E01003451,2. Professional occupations,188,114,74
E01003451,3. Associate professional and technical occupations,125,63,62
E01003451,4. Administrative and secretarial occupations,99,128,-29
E01003451,5. Skilled trades occupations,93,98,-5
E01003451,"6. Caring, leisure and other service occupations",88,83,5
E01003451,7. Sales and customer service occupations,63,71,-8
E01003451,"8. Process, plant and machine operatives",67,65,2
E01003451,9. Elementary occupations,83,74,9
E01003452,"1. Managers, directors and senior officials",97,102,-5
E01003452,2. Professional occupations,149,120,29
E01003452,3. Associate professional and technical occupations,103,51,52
E01003452,4. Administrative and secretarial occupations,88,109,-21
E01003452,5. Skilled trades occupations,111,112,-1
E01003452,"6. Caring, leisure and other service occupations",129,92,37
E01003452,7. Sales and customer service occupations,105,81,24
E01003452,"8. Process, plant and machine operatives",88,58,30
E01003452,9. Elementary occupations,157,131,26
E01003453,"1. Managers, directors and senior officials",119,65,54
E01003453,2. Professional occupations,177,112,65
E01003453,3. Associate professional and technical occupations,107,40,67
E01003453,4. Administrative and secretarial occupations,75,87,-12
E01003453,5. Skilled trades occupations,120,101,19
E01003453,"6. Caring, leisure and other service occupations",79,69,10
E01003453,7. Sales and customer service occupations,62,69,-7
E01003453,"8. Process, plant and machine operatives",45,65,-20
E01003453,9. Elementary occupations,127,101,26
E01003454,"1. Managers, directors and senior officials",170,118,52
E01003454,2. Professional occupations,275,296,-21
E01003454,3. Associate professional and technical occupations,148,65,83
E01003454,4. Administrative and secretarial occupations,51,73,-22
E01003454,5. Skilled trades occupations,33,23,10
E01003454,"6. Caring, leisure and other service occupations",29,26,3
E01003454,7. Sales and customer service occupations,31,32,-1
E01003454,"8. Process, plant and machine operatives",15,6,9
E01003454,9. Elementary occupations,27,33,-6
E01003455,"1. Managers, directors and senior officials",150,144,6
E01003455,2. Professional occupations,360,336,24
E01003455,3. Associate professional and technical occupations,183,65,118
E01003455,4. Administrative and secretarial occupations,91,119,-28
E01003455,5. Skilled trades occupations,64,61,3
E01003455,"6. Caring, leisure and other service occupations",56,42,14
E01003455,7. Sales and customer service occupations,46,42,4
E01003455,"8. Process, plant and machine operatives",53,30,23
E01003455,9. Elementary occupations,92,71,21
E01003456,"1. Managers, directors and senior officials",194,133,61
E01003456,2. Professional occupations,363,323,40
E01003456,3. Associate professional and technical occupations,190,56,134
E01003456,4. Administrative and secretarial occupations,58,105,-47
E01003456,5. Skilled trades occupations,35,39,-4
E01003456,"6. Caring, leisure and other service occupations",33,29,4
E01003456,7. Sales and customer service occupations,34,29,5
E01003456,"8. Process, plant and machine operatives",8,18,-10
E01003456,9. Elementary occupations,47,34,13
E01003457,"1. Managers, directors and senior officials",221,179,42
E01003457,2. Professional occupations,328,321,7
E01003457,3. Associate professional and technical occupations,168,57,111
E01003457,4. Administrative and secretarial occupations,54,74,-20
E01003457,5. Skilled trades occupations,29,30,-1
E01003457,"6. Caring, leisure and other service occupations",38,46,-8
E01003457,7. Sales and customer service occupations,19,25,-6
E01003457,"8. Process, plant and machine operatives",9,15,-6
E01003457,9. Elementary occupations,11,26,-15
E01003458,"1. Managers, directors and senior officials",220,147,73
E01003458,2. Professional occupations,412,369,43
E01003458,3. Associate professional and technical occupations,196,60,136
E01003458,4. Administrative and secretarial occupations,68,104,-36
E01003458,5. Skilled trades occupations,36,49,-13
E01003458,"6. Caring, leisure and other service occupations",40,39,1
E01003458,7. Sales and customer service occupations,23,31,-8
E01003458,"8. Process, plant and machine operatives",26,15,11
E01003458,9. Elementary occupations,59,39,20
E01003459,"1. Managers, directors and senior officials",201,148,53
E01003459,2. Professional occupations,406,345,61
E01003459,3. Associate professional and technical occupations,204,84,120
E01003459,4. Administrative and secretarial occupations,120,134,-14
E01003459,5. Skilled trades occupations,66,64,2
E01003459,"6. Caring, leisure and other service occupations",106,92,14
E01003459,7. Sales and customer service occupations,50,77,-27
E01003459,"8. Process, plant and machine operatives",40,44,-4
E01003459,9. Elementary occupations,75,62,13
E01003460,"1. Managers, directors and senior officials",177,176,1
E01003460,2. Professional occupations,210,208,2
E01003460,3. Associate professional and technical occupations,115,43,72
E01003460,4. Administrative and secretarial occupations,32,55,-23
E01003460,5. Skilled trades occupations,16,19,-3
E01003460,"6. Caring, leisure and other service occupations",33,33,0
E01003460,7. Sales and customer service occupations,13,19,-6
E01003460,"8. Process, plant and machine operatives",8,8,0
E01003460,9. Elementary occupations,20,22,-2
E01003461,"1. Managers, directors and senior officials",230,200,30
E01003461,2. Professional occupations,319,324,-5
E01003461,3. Associate professional and technical occupations,154,63,91
E01003461,4. Administrative and secretarial occupations,36,65,-29
E01003461,5. Skilled trades occupations,14,15,-1
E01003461,"6. Caring, leisure and other service occupations",27,34,-7
E01003461,7. Sales and customer service occupations,20,18,2
E01003461,"8. Process, plant and machine operatives",9,2,7
E01003461,9. Elementary occupations,16,18,-2
E01003462,"1. Managers, directors and senior officials",196,178,18
E01003462,2. Professional occupations,192,184,8
E01003462,3. Associate professional and technical occupations,84,29,55
E01003462,4. Administrative and secretarial occupations,44,56,-12
E01003462,5. Skilled trades occupations,22,21,1
E01003462,"6. Caring, leisure and other service occupations",23,38,-15
E01003462,7. Sales and customer service occupations,9,15,-6
E01003462,"8. Process, plant and machine operatives",7,4,3
E01003462,9. Elementary occupations,26,9,17
E01003463,"1. Managers, directors and senior officials",213,135,78
E01003463,2. Professional occupations,227,183,44
E01003463,3. Associate professional and technical occupations,86,28,58
E01003463,4. Administrative and secretarial occupations,35,57,-22
E01003463,5. Skilled trades occupations,18,15,3
E01003463,"6. Caring, leisure and other service occupations",31,19,12
E01003463,7. Sales and customer service occupations,21,22,-1
E01003463,"8. Process, plant and machine operatives",6,6,0
E01003463,9. Elementary occupations,40,28,12
E01003464,"1. Managers, directors and senior officials",186,174,12
E01003464,2. Professional occupations,180,150,30
E01003464,3. Associate professional and technical occupations,84,34,50
E01003464,4. Administrative and secretarial occupations,35,42,-7
E01003464,5. Skilled trades occupations,25,13,12
E01003464,"6. Caring, leisure and other service occupations",26,12,14
E01003464,7. Sales and customer service occupations,4,11,-7
E01003464,"8. Process, plant and machine operatives",4,4,0
E01003464,9. Elementary occupations,19,14,5
E01003465,"1. Managers, directors and senior officials",208,174,34
E01003465,2. Professional occupations,152,170,-18
E01003465,3. Associate professional and technical occupations,74,34,40
E01003465,4. Administrative and secretarial occupations,28,30,-2
E01003465,5. Skilled trades occupations,8,12,-4
E01003465,"6. Caring, leisure and other service occupations",35,28,7
E01003465,7. Sales and customer service occupations,8,9,-1
E01003465,"8. Process, plant and machine operatives",5,3,2
E01003465,9. Elementary occupations,14,9,5
E01003466,"1. Managers, directors and senior officials",172,113,59
E01003466,2. Professional occupations,289,220,69
E01003466,3. Associate professional and technical occupations,138,55,83
E01003466,4. Administrative and secretarial occupations,75,97,-22
E01003466,5. Skilled trades occupations,57,44,13
E01003466,"6. Caring, leisure and other service occupations",55,62,-7
E01003466,7. Sales and customer service occupations,40,62,-22
E01003466,"8. Process, plant and machine operatives",30,27,3
E01003466,9. Elementary occupations,54,42,12
E01003467,"1. Managers, directors and senior officials",191,105,86
E01003467,2. Professional occupations,291,219,72
E01003467,3. Associate professional and technical occupations,124,69,55
E01003467,4. Administrative and secretarial occupations,91,124,-33
E01003467,5. Skilled trades occupations,41,51,-10
E01003467,"6. Caring, leisure and other service occupations",42,53,-11
E01003467,7. Sales and customer service occupations,39,44,-5
E01003467,"8. Process, plant and machine operatives",18,27,-9
E01003467,9. Elementary occupations,35,41,-6
E01003468,"1. Managers, directors and senior officials",182,118,64
E01003468,2. Professional occupations,294,234,60
E01003468,3. Associate professional and technical occupations,121,56,65
E01003468,4. Administrative and secretarial occupations,73,127,-54
E01003468,5. Skilled trades occupations,59,75,-16
E01003468,"6. Caring, leisure and other service occupations",66,77,-11
E01003468,7. Sales and customer service occupations,35,51,-16
E01003468,"8. Process, plant and machine operatives",27,36,-9
E01003468,9. Elementary occupations,41,41,0
E01003469,"1. Managers, directors and senior officials",123,100,23
E01003469,2. Professional occupations,206,160,46
E01003469,3. Associate professional and technical occupations,89,53,36
E01003469,4. Administrative and secretarial occupations,81,107,-26
E01003469,5. Skilled trades occupations,87,68,19
E01003469,"6. Caring, leisure and other service occupations",73,86,-13
E01003469,7. Sales and customer service occupations,103,110,-7
E01003469,"8. Process, plant and machine operatives",54,24,30
E01003469,9. Elementary occupations,77,70,7
E01003470,"1. Managers, directors and senior officials",161,94,67
E01003470,2. Professional occupations,235,203,32
E01003470,3. Associate professional and technical occupations,164,61,103
E01003470,4. Administrative and secretarial occupations,108,126,-18
E01003470,5. Skilled trades occupations,79,61,18
E01003470,"6. Caring, leisure and other service occupations",75,80,-5
E01003470,7. Sales and customer service occupations,104,96,8
E01003470,"8. Process, plant and machine operatives",46,38,8
E01003470,9. Elementary occupations,73,56,17
E01003471,"1. Managers, directors and senior officials",168,108,60
E01003471,2. Professional occupations,276,216,60
E01003471,3. Associate professional and technical occupations,132,53,79
E01003471,4. Administrative and secretarial occupations,82,106,-24
E01003471,5. Skilled trades occupations,56,56,0
E01003471,"6. Caring, leisure and other service occupations",60,64,-4
E01003471,7. Sales and customer service occupations,44,43,1
E01003471,"8. Process, plant and machine operatives",28,29,-1
E01003471,9. Elementary occupations,47,37,10
E01003472,"1. Managers, directors and senior officials",187,133,54
E01003472,2. Professional occupations,271,273,-2
E01003472,3. Associate professional and technical occupations,117,42,75
E01003472,4. Administrative and secretarial occupations,45,61,-16
E01003472,5. Skilled trades occupations,16,21,-5
E01003472,"6. Caring, leisure and other service occupations",23,27,-4
E01003472,7. Sales and customer service occupations,15,13,2
E01003472,"8. Process, plant and machine operatives",7,14,-7
E01003472,9. Elementary occupations,9,19,-10
E01003473,"1. Managers, directors and senior officials",197,137,60
E01003473,2. Professional occupations,294,263,31
E01003473,3. Associate professional and technical occupations,150,55,95
E01003473,4. Administrative and secretarial occupations,49,78,-29
E01003473,5. Skilled trades occupations,24,34,-10
E01003473,"6. Caring, leisure and other service occupations",56,46,10
E01003473,7. Sales and customer service occupations,23,33,-10
E01003473,"8. Process, plant and machine operatives",22,13,9
E01003473,9. Elementary occupations,23,21,2
E01003474,"1. Managers, directors and senior officials",227,165,62
E01003474,2. Professional occupations,223,210,13
E01003474,3. Associate professional and technical occupations,106,41,65
E01003474,4. Administrative and secretarial occupations,32,63,-31
E01003474,5. Skilled trades occupations,13,17,-4
E01003474,"6. Caring, leisure and other service occupations",20,22,-2
E01003474,7. Sales and customer service occupations,11,16,-5
E01003474,"8. Process, plant and machine operatives",7,5,2
E01003474,9. Elementary occupations,17,17,0
E01003476,"1. Managers, directors and senior officials",121,114,7
E01003476,2. Professional occupations,233,231,2
E01003476,3. Associate professional and technical occupations,111,35,76
E01003476,4. Administrative and secretarial occupations,38,82,-44
E01003476,5. Skilled trades occupations,25,49,-24
E01003476,"6. Caring, leisure and other service occupations",49,55,-6
E01003476,7. Sales and customer service occupations,34,42,-8
E01003476,"8. Process, plant and machine operatives",27,24,3
E01003476,9. Elementary occupations,55,37,18
E01003477,"1. Managers, directors and senior officials",199,178,21
E01003477,2. Professional occupations,314,322,-8
E01003477,3. Associate professional and technical occupations,137,66,71
E01003477,4. Administrative and secretarial occupations,70,109,-39
E01003477,5. Skilled trades occupations,39,41,-2
E01003477,"6. Caring, leisure and other service occupations",39,59,-20
E01003477,7. Sales and customer service occupations,27,41,-14
E01003477,"8. Process, plant and machine operatives",24,16,8
E01003477,9. Elementary occupations,39,36,3
E01003478,"1. Managers, directors and senior officials",217,171,46
E01003478,2. Professional occupations,363,313,50
E01003478,3. Associate professional and technical occupations,220,46,174
E01003478,4. Administrative and secretarial occupations,55,95,-40
E01003478,5. Skilled trades occupations,39,48,-9
E01003478,"6. Caring, leisure and other service occupations",41,53,-12
E01003478,7. Sales and customer service occupations,42,25,17
E01003478,"8. Process, plant and machine operatives",21,9,12
E01003478,9. Elementary occupations,41,33,8
E01003479,"1. Managers, directors and senior officials",74,52,22
E01003479,2. Professional occupations,89,94,-5
E01003479,3. Associate professional and technical occupations,75,43,32
E01003479,4. Administrative and secretarial occupations,64,89,-25
E01003479,5. Skilled trades occupations,135,107,28
E01003479,"6. Caring, leisure and other service occupations",75,73,2
E01003479,7. Sales and customer service occupations,47,57,-10
E01003479,"8. Process, plant and machine operatives",61,59,2
E01003479,9. Elementary occupations,140,125,15
E01003480,"1. Managers, directors and senior officials",67,61,6
E01003480,2. Professional occupations,126,115,11
E01003480,3. Associate professional and technical occupations,91,57,34
E01003480,4. Administrative and secretarial occupations,67,102,-35
E01003480,5. Skilled trades occupations,115,81,34
E01003480,"6. Caring, leisure and other service occupations",75,62,13
E01003480,7. Sales and customer service occupations,70,106,-36
E01003480,"8. Process, plant and machine operatives",85,60,25
E01003480,9. Elementary occupations,164,190,-26
E01003481,"1. Managers, directors and senior officials",59,44,15
E01003481,2. Professional occupations,99,50,49
E01003481,3. Associate professional and technical occupations,63,24,39
E01003481,4. Administrative and secretarial occupations,67,74,-7
E01003481,5. Skilled trades occupations,100,89,11
E01003481,"6. Caring, leisure and other service occupations",56,53,3
E01003481,7. Sales and customer service occupations,52,66,-14
E01003481,"8. Process, plant and machine operatives",44,36,8
E01003481,9. Elementary occupations,114,111,3
E01003483,"1. Managers, directors and senior officials",57,35,22
E01003483,2. Professional occupations,147,60,87
E01003483,3. Associate professional and technical occupations,90,36,54
E01003483,4. Administrative and secretarial occupations,73,68,5
E01003483,5. Skilled trades occupations,88,70,18
E01003483,"6. Caring, leisure and other service occupations",89,86,3
E01003483,7. Sales and customer service occupations,78,83,-5
E01003483,"8. Process, plant and machine operatives",50,52,-2
E01003483,9. Elementary occupations,109,99,10
E01003484,"1. Managers, directors and senior officials",74,75,-1
E01003484,2. Professional occupations,138,118,20
E01003484,3. Associate professional and technical occupations,79,47,32
E01003484,4. Administrative and secretarial occupations,64,115,-51
E01003484,5. Skilled trades occupations,166,101,65
E01003484,"6. Caring, leisure and other service occupations",65,72,-7
E01003484,7. Sales and customer service occupations,44,71,-27
E01003484,"8. Process, plant and machine operatives",66,67,-1
E01003484,9. Elementary occupations,219,140,79
E01003485,"1. Managers, directors and senior officials",93,60,33
E01003485,2. Professional occupations,107,105,2
E01003485,3. Associate professional and technical occupations,80,34,46
E01003485,4. Administrative and secretarial occupations,67,81,-14
E01003485,5. Skilled trades occupations,134,110,24
E01003485,"6. Caring, leisure and other service occupations",75,92,-17
E01003485,7. Sales and customer service occupations,65,59,6
E01003485,"8. Process, plant and machine operatives",84,53,31
E01003485,9. Elementary occupations,162,129,33
E01003486,"1. Managers, directors and senior officials",35,20,15
E01003486,2. Professional occupations,79,47,32
E01003486,3. Associate professional and technical occupations,43,23,20
E01003486,4. Administrative and secretarial occupations,58,55,3
E01003486,5. Skilled trades occupations,31,30,1
E01003486,"6. Caring, leisure and other service occupations",56,53,3
E01003486,7. Sales and customer service occupations,36,59,-23
E01003486,"8. Process, plant and machine operatives",31,31,0
E01003486,9. Elementary occupations,86,60,26
E01003487,"1. Managers, directors and senior officials",39,31,8
E01003487,2. Professional occupations,109,53,56
E01003487,3. Associate professional and technical occupations,65,22,43
E01003487,4. Administrative and secretarial occupations,40,68,-28
E01003487,5. Skilled trades occupations,47,54,-7
E01003487,"6. Caring, leisure and other service occupations",60,64,-4
E01003487,7. Sales and customer service occupations,62,61,1
E01003487,"8. Process, plant and machine operatives",49,40,9
E01003487,9. Elementary occupations,60,70,-10
E01003488,"1. Managers, directors and senior officials",37,44,-7
E01003488,2. Professional occupations,112,105,7
E01003488,3. Associate professional and technical occupations,71,35,36
E01003488,4. Administrative and secretarial occupations,73,77,-4
E01003488,5. Skilled trades occupations,66,76,-10
E01003488,"6. Caring, leisure and other service occupations",92,84,8
E01003488,7. Sales and customer service occupations,67,101,-34
E01003488,"8. Process, plant and machine operatives",63,75,-12
E01003488,9. Elementary occupations,136,131,5
E01003489,"1. Managers, directors and senior officials",126,37,89
E01003489,2. Professional occupations,296,62,234
E01003489,3. Associate professional and technical occupations,183,16,167
E01003489,4. Administrative and secretarial occupations,84,50,34
E01003489,5. Skilled trades occupations,80,74,6
E01003489,"6. Caring, leisure and other service occupations",91,72,19
E01003489,7. Sales and customer service occupations,132,112,20
E01003489,"8. Process, plant and machine operatives",86,50,36
E01003489,9. Elementary occupations,177,114,63
E01003490,"1. Managers, directors and senior officials",41,48,-7
E01003490,2. Professional occupations,120,78,42
E01003490,3. Associate professional and technical occupations,81,28,53
E01003490,4. Administrative and secretarial occupations,84,59,25
E01003490,5. Skilled trades occupations,77,52,25
E01003490,"6. Caring, leisure and other service occupations",63,41,22
E01003490,7. Sales and customer service occupations,93,90,3
E01003490,"8. Process, plant and machine operatives",79,42,37
E01003490,9. Elementary occupations,142,138,4
E01003491,"1. Managers, directors and senior officials",53,48,5
E01003491,2. Professional occupations,99,88,11
E01003491,3. Associate professional and technical occupations,80,24,56
E01003491,4. Administrative and secretarial occupations,58,71,-13
E01003491,5. Skilled trades occupations,95,58,37
E01003491,"6. Caring, leisure and other service occupations",69,76,-7
E01003491,7. Sales and customer service occupations,109,170,-61
E01003491,"8. Process, plant and machine operatives",55,46,9
E01003491,9. Elementary occupations,152,157,-5
E01003492,"1. Managers, directors and senior officials",71,42,29
E01003492,2. Professional occupations,134,96,38
E01003492,3. Associate professional and technical occupations,80,35,45
E01003492,4. Administrative and secretarial occupations,66,74,-8
E01003492,5. Skilled trades occupations,97,80,17
E01003492,"6. Caring, leisure and other service occupations",89,77,12
E01003492,7. Sales and customer service occupations,98,140,-42
E01003492,"8. Process, plant and machine operatives",87,71,16
E01003492,9. Elementary occupations,164,138,26
E01003494,"1. Managers, directors and senior officials",79,65,14
E01003494,2. Professional occupations,175,138,37
E01003494,3. Associate professional and technical occupations,113,48,65
E01003494,4. Administrative and secretarial occupations,85,102,-17
E01003494,5. Skilled trades occupations,106,83,23
E01003494,"6. Caring, leisure and other service occupations",80,92,-12
E01003494,7. Sales and customer service occupations,91,96,-5
E01003494,"8. Process, plant and machine operatives",79,72,7
E01003494,9. Elementary occupations,155,128,27
E01003495,"1. Managers, directors and senior officials",89,80,9
E01003495,2. Professional occupations,165,161,4
E01003495,3. Associate professional and technical occupations,123,42,81
E01003495,4. Administrative and secretarial occupations,114,123,-9
E01003495,5. Skilled trades occupations,91,98,-7
E01003495,"6. Caring, leisure and other service occupations",78,84,-6
E01003495,7. Sales and customer service occupations,67,99,-32
E01003495,"8. Process, plant and machine operatives",82,58,24
E01003495,9. Elementary occupations,115,179,-64
E01003496,"1. Managers, directors and senior officials",50,46,4
E01003496,2. Professional occupations,124,130,-6
E01003496,3. Associate professional and technical occupations,102,37,65
E01003496,4. Administrative and secretarial occupations,61,64,-3
E01003496,5. Skilled trades occupations,67,69,-2
E01003496,"6. Caring, leisure and other service occupations",62,67,-5
E01003496,7. Sales and customer service occupations,45,83,-38
E01003496,"8. Process, plant and machine operatives",45,54,-9
E01003496,9. Elementary occupations,124,138,-14
E01003497,"1. Managers, directors and senior officials",55,31,24
E01003497,2. Professional occupations,98,70,28
E01003497,3. Associate professional and technical occupations,70,33,37
E01003497,4. Administrative and secretarial occupations,62,81,-19
E01003497,5. Skilled trades occupations,80,109,-29
E01003497,"6. Caring, leisure and other service occupations",67,90,-23
E01003497,7. Sales and customer service occupations,58,49,9
E01003497,"8. Process, plant and machine operatives",67,59,8
E01003497,9. Elementary occupations,153,172,-19
E01003498,"1. Managers, directors and senior officials",60,47,13
E01003498,2. Professional occupations,127,86,41
E01003498,3. Associate professional and technical occupations,102,30,72
E01003498,4. Administrative and secretarial occupations,62,75,-13
E01003498,5. Skilled trades occupations,103,104,-1
E01003498,"6. Caring, leisure and other service occupations",100,86,14
E01003498,7. Sales and customer service occupations,71,76,-5
E01003498,"8. Process, plant and machine operatives",72,44,28
E01003498,9. Elementary occupations,168,171,-3
E01003499,"1. Managers, directors and senior officials",63,52,11
E01003499,2. Professional occupations,133,75,58
E01003499,3. Associate professional and technical occupations,94,32,62
E01003499,4. Administrative and secretarial occupations,80,68,12
E01003499,5. Skilled trades occupations,85,107,-22
E01003499,"6. Caring, leisure and other service occupations",115,88,27
E01003499,7. Sales and customer service occupations,99,86,13
E01003499,"8. Process, plant and machine operatives",74,61,13
E01003499,9. Elementary occupations,190,193,-3
E01003500,"1. Managers, directors and senior officials",89,63,26
E01003500,2. Professional occupations,151,107,44
E01003500,3. Associate professional and technical occupations,126,55,71
E01003500,4. Administrative and secretarial occupations,70,90,-20
E01003500,5. Skilled trades occupations,124,109,15
E01003500,"6. Caring, leisure and other service occupations",99,97,2
E01003500,7. Sales and customer service occupations,73,69,4
E01003500,"8. Process, plant and machine operatives",76,67,9
E01003500,9. Elementary occupations,182,167,15
E01003501,"1. Managers, directors and senior officials",85,43,42
E01003501,2. Professional occupations,136,103,33
E01003501,3. Associate professional and technical occupations,102,38,64
E01003501,4. Administrative and secretarial occupations,90,84,6
E01003501,5. Skilled trades occupations,119,94,25
E01003501,"6. Caring, leisure and other service occupations",117,101,16
E01003501,7. Sales and customer service occupations,82,78,4
E01003501,"8. Process, plant and machine operatives",93,68,25
E01003501,9. Elementary occupations,249,225,24
E01003502,"1. Managers, directors and senior officials",77,47,30
E01003502,2. Professional occupations,154,85,69
E01003502,3. Associate professional and technical occupations,96,31,65
E01003502,4. Administrative and secretarial occupations,84,63,21
E01003502,5. Skilled trades occupations,132,99,33
E01003502,"6. Caring, leisure and other service occupations",154,94,60
E01003502,7. Sales and customer service occupations,110,85,25
E01003502,"8. Process, plant and machine operatives",88,52,36
E01003502,9. Elementary occupations,255,207,48
E01003503,"1. Managers, directors and senior officials",167,25,142
E01003503,2. Professional occupations,502,93,409
E01003503,3. Associate professional and technical occupations,241,34,207
E01003503,4. Administrative and secretarial occupations,120,51,69
E01003503,5. Skilled trades occupations,139,65,74
E01003503,"6. Caring, leisure and other service occupations",124,99,25
E01003503,7. Sales and customer service occupations,87,56,31
E01003503,"8. Process, plant and machine operatives",74,52,22
E01003503,9. Elementary occupations,207,128,79
E01003506,"1. Managers, directors and senior officials",44,33,11
E01003506,2. Professional occupations,77,40,37
E01003506,3. Associate professional and technical occupations,70,27,43
E01003506,4. Administrative and secretarial occupations,56,60,-4
E01003506,5. Skilled trades occupations,72,73,-1
E01003506,"6. Caring, leisure and other service occupations",85,84,1
E01003506,7. Sales and customer service occupations,50,63,-13
E01003506,"8. Process, plant and machine operatives",63,39,24
E01003506,9. Elementary occupations,116,119,-3
E01003507,"1. Managers, directors and senior officials",69,50,19
E01003507,2. Professional occupations,166,136,30
E01003507,3. Associate professional and technical occupations,94,46,48
E01003507,4. Administrative and secretarial occupations,93,96,-3
E01003507,5. Skilled trades occupations,128,114,14
E01003507,"6. Caring, leisure and other service occupations",94,109,-15
E01003507,7. Sales and customer service occupations,74,77,-3
E01003507,"8. Process, plant and machine operatives",104,62,42
E01003507,9. Elementary occupations,183,172,11
E01003508,"1. Managers, directors and senior officials",134,35,99
E01003508,2. Professional occupations,289,80,209
E01003508,3. Associate professional and technical occupations,152,33,119
E01003508,4. Administrative and secretarial occupations,102,38,64
E01003508,5. Skilled trades occupations,149,82,67
E01003508,"6. Caring, leisure and other service occupations",121,76,45
E01003508,7. Sales and customer service occupations,101,48,53
E01003508,"8. Process, plant and machine operatives",92,53,39
E01003508,9. Elementary occupations,214,151,63
E01003509,"1. Managers, directors and senior officials",78,48,30
E01003509,2. Professional occupations,92,86,6
E01003509,3. Associate professional and technical occupations,99,30,69
E01003509,4. Administrative and secretarial occupations,87,87,0
E01003509,5. Skilled trades occupations,139,121,18
E01003509,"6. Caring, leisure and other service occupations",95,94,1
E01003509,7. Sales and customer service occupations,74,82,-8
E01003509,"8. Process, plant and machine operatives",60,67,-7
E01003509,9. Elementary occupations,186,181,5
E01003511,"1. Managers, directors and senior officials",88,31,57
E01003511,2. Professional occupations,182,53,129
E01003511,3. Associate professional and technical occupations,131,24,107
E01003511,4. Administrative and secretarial occupations,85,38,47
E01003511,5. Skilled trades occupations,89,44,45
E01003511,"6. Caring, leisure and other service occupations",93,55,38
E01003511,7. Sales and customer service occupations,84,44,40
E01003511,"8. Process, plant and machine operatives",70,39,31
E01003511,9. Elementary occupations,134,97,37
E01003512,"1. Managers, directors and senior officials",71,49,22
E01003512,2. Professional occupations,149,86,63
E01003512,3. Associate professional and technical occupations,91,22,69
E01003512,4. Administrative and secretarial occupations,64,68,-4
E01003512,5. Skilled trades occupations,137,109,28
E01003512,"6. Caring, leisure and other service occupations",111,83,28
E01003512,7. Sales and customer service occupations,77,60,17
E01003512,"8. Process, plant and machine operatives",87,65,22
E01003512,9. Elementary occupations,196,176,20
E01003513,"1. Managers, directors and senior officials",83,63,20
E01003513,2. Professional occupations,116,107,9
E01003513,3. Associate professional and technical occupations,80,30,50
E01003513,4. Administrative and secretarial occupations,66,82,-16
E01003513,5. Skilled trades occupations,128,92,36
E01003513,"6. Caring, leisure and other service occupations",71,70,1
E01003513,7. Sales and customer service occupations,58,72,-14
E01003513,"8. Process, plant and machine operatives",64,72,-8
E01003513,9. Elementary occupations,142,155,-13
E01003514,"1. Managers, directors and senior officials",57,37,20
E01003514,2. Professional occupations,89,65,24
E01003514,3. Associate professional and technical occupations,78,27,51
E01003514,4. Administrative and secretarial occupations,43,72,-29
E01003514,5. Skilled trades occupations,99,93,6
E01003514,"6. Caring, leisure and other service occupations",86,81,5
E01003514,7. Sales and customer service occupations,67,48,19
E01003514,"8. Process, plant and machine operatives",63,54,9
E01003514,9. Elementary occupations,145,137,8
E01003515,"1. Managers, directors and senior officials",80,38,42
E01003515,2. Professional occupations,139,78,61
E01003515,3. Associate professional and technical occupations,88,32,56
E01003515,4. Administrative and secretarial occupations,59,69,-10
E01003515,5. Skilled trades occupations,85,75,10
E01003515,"6. Caring, leisure and other service occupations",139,86,53
E01003515,7. Sales and customer service occupations,68,87,-19
E01003515,"8. Process, plant and machine operatives",81,66,15
E01003515,9. Elementary occupations,155,150,5
E01003516,"1. Managers, directors and senior officials",62,41,21
E01003516,2. Professional occupations,85,72,13
E01003516,3. Associate professional and technical occupations,79,29,50
E01003516,4. Administrative and secretarial occupations,58,67,-9
E01003516,5. Skilled trades occupations,94,81,13
E01003516,"6. Caring, leisure and other service occupations",116,93,23
E01003516,7. Sales and customer service occupations,69,43,26
E01003516,"8. Process, plant and machine operatives",82,70,12
E01003516,9. Elementary occupations,172,180,-8
E01003517,"1. Managers, directors and senior officials",37,36,1
E01003517,2. Professional occupations,128,86,42
E01003517,3. Associate professional and technical occupations,87,22,65
E01003517,4. Administrative and secretarial occupations,68,92,-24
E01003517,5. Skilled trades occupations,84,76,8
E01003517,"6. Caring, leisure and other service occupations",107,106,1
E01003517,7. Sales and customer service occupations,76,59,17
E01003517,"8. Process, plant and machine operatives",72,54,18
E01003517,9. Elementary occupations,117,137,-20
E01003518,"1. Managers, directors and senior officials",74,68,6
E01003518,2. Professional occupations,139,128,11
E01003518,3. Associate professional and technical occupations,81,31,50
E01003518,4. Administrative and secretarial occupations,69,86,-17
E01003518,5. Skilled trades occupations,105,115,-10
E01003518,"6. Caring, leisure and other service occupations",102,62,40
E01003518,7. Sales and customer service occupations,36,70,-34
E01003518,"8. Process, plant and machine operatives",70,66,4
E01003518,9. Elementary occupations,137,146,-9
E01003519,"1. Managers, directors and senior officials",59,50,9
E01003519,2. Professional occupations,111,97,14
E01003519,3. Associate professional and technical occupations,75,23,52
E01003519,4. Administrative and secretarial occupations,43,69,-26
E01003519,5. Skilled trades occupations,135,120,15
E01003519,"6. Caring, leisure and other service occupations",84,80,4
E01003519,7. Sales and customer service occupations,52,61,-9
E01003519,"8. Process, plant and machine operatives",81,56,25
E01003519,9. Elementary occupations,200,174,26
E01003520,"1. Managers, directors and senior officials",55,56,-1
E01003520,2. Professional occupations,101,116,-15
E01003520,3. Associate professional and technical occupations,63,31,32
E01003520,4. Administrative and secretarial occupations,78,88,-10
E01003520,5. Skilled trades occupations,99,52,47
E01003520,"6. Caring, leisure and other service occupations",64,71,-7
E01003520,7. Sales and customer service occupations,102,165,-63
E01003520,"8. Process, plant and machine operatives",68,42,26
E01003520,9. Elementary occupations,160,155,5
E01003521,"1. Managers, directors and senior officials",90,70,20
E01003521,2. Professional occupations,144,181,-37
E01003521,3. Associate professional and technical occupations,74,30,44
E01003521,4. Administrative and secretarial occupations,75,75,0
E01003521,5. Skilled trades occupations,93,72,21
E01003521,"6. Caring, leisure and other service occupations",49,66,-17
E01003521,7. Sales and customer service occupations,149,299,-150
E01003521,"8. Process, plant and machine operatives",87,39,48
E01003521,9. Elementary occupations,176,209,-33
E01003522,"1. Managers, directors and senior officials",44,66,-22
E01003522,2. Professional occupations,113,76,37
E01003522,3. Associate professional and technical occupations,56,22,34
E01003522,4. Administrative and secretarial occupations,47,65,-18
E01003522,5. Skilled trades occupations,82,68,14
E01003522,"6. Caring, leisure and other service occupations",57,71,-14
E01003522,7. Sales and customer service occupations,93,160,-67
E01003522,"8. Process, plant and machine operatives",69,28,41
E01003522,9. Elementary occupations,155,139,16
E01003523,"1. Managers, directors and senior officials",58,58,0
E01003523,2. Professional occupations,163,95,68
E01003523,3. Associate professional and technical occupations,70,40,30
E01003523,4. Administrative and secretarial occupations,97,90,7
E01003523,5. Skilled trades occupations,160,73,87
E01003523,"6. Caring, leisure and other service occupations",86,75,11
E01003523,7. Sales and customer service occupations,122,105,17
E01003523,"8. Process, plant and machine operatives",122,68,54
E01003523,9. Elementary occupations,169,154,15
E01003524,"1. Managers, directors and senior officials",49,43,6
E01003524,2. Professional occupations,82,82,0
E01003524,3. Associate professional and technical occupations,62,30,32
E01003524,4. Administrative and secretarial occupations,59,86,-27
E01003524,5. Skilled trades occupations,91,68,23
E01003524,"6. Caring, leisure and other service occupations",80,59,21
E01003524,7. Sales and customer service occupations,122,169,-47
E01003524,"8. Process, plant and machine operatives",65,62,3
E01003524,9. Elementary occupations,164,168,-4
E01003525,"1. Managers, directors and senior officials",63,63,0
E01003525,2. Professional occupations,98,118,-20
E01003525,3. Associate professional and technical occupations,81,49,32
E01003525,4. Administrative and secretarial occupations,63,68,-5
E01003525,5. Skilled trades occupations,86,73,13
E01003525,"6. Caring, leisure and other service occupations",53,58,-5
E01003525,7. Sales and customer service occupations,134,153,-19
E01003525,"8. Process, plant and machine operatives",70,62,8
E01003525,9. Elementary occupations,160,173,-13
E01003526,"1. Managers, directors and senior officials",68,63,5
E01003526,2. Professional occupations,109,100,9
E01003526,3. Associate professional and technical occupations,92,27,65
E01003526,4. Administrative and secretarial occupations,68,61,7
E01003526,5. Skilled trades occupations,66,70,-4
E01003526,"6. Caring, leisure and other service occupations",76,50,26
E01003526,7. Sales and customer service occupations,81,113,-32
E01003526,"8. Process, plant and machine operatives",69,57,12
E01003526,9. Elementary occupations,110,130,-20
E01003527,"1. Managers, directors and senior officials",72,57,15
E01003527,2. Professional occupations,168,122,46
E01003527,3. Associate professional and technical occupations,83,37,46
E01003527,4. Administrative and secretarial occupations,68,92,-24
E01003527,5. Skilled trades occupations,76,77,-1
E01003527,"6. Caring, leisure and other service occupations",79,78,1
E01003527,7. Sales and customer service occupations,68,74,-6
E01003527,"8. Process, plant and machine operatives",69,60,9
E01003527,9. Elementary occupations,112,114,-2
E01003528,"1. Managers, directors and senior officials",34,27,7
E01003528,2. Professional occupations,64,53,11
E01003528,3. Associate professional and technical occupations,47,12,35
E01003528,4. Administrative and secretarial occupations,37,60,-23
E01003528,5. Skilled trades occupations,45,27,18
E01003528,"6. Caring, leisure and other service occupations",75,53,22
E01003528,7. Sales and customer service occupations,56,81,-25
E01003528,"8. Process, plant and machine operatives",48,41,7
E01003528,9. Elementary occupations,83,86,-3
E01003529,"1. Managers, directors and senior officials",78,74,4
E01003529,2. Professional occupations,190,133,57
E01003529,3. Associate professional and technical occupations,97,43,54
E01003529,4. Administrative and secretarial occupations,100,123,-23
E01003529,5. Skilled trades occupations,102,86,16
E01003529,"6. Caring, leisure and other service occupations",60,68,-8
E01003529,7. Sales and customer service occupations,145,184,-39
E01003529,"8. Process, plant and machine operatives",94,71,23
E01003529,9. Elementary occupations,174,156,18
E01003530,"1. Managers, directors and senior officials",74,48,26
E01003530,2. Professional occupations,147,107,40
E01003530,3. Associate professional and technical occupations,67,26,41
E01003530,4. Administrative and secretarial occupations,80,93,-13
E01003530,5. Skilled trades occupations,95,64,31
E01003530,"6. Caring, leisure and other service occupations",54,50,4
E01003530,7. Sales and customer service occupations,91,140,-49
E01003530,"8. Process, plant and machine operatives",57,51,6
E01003530,9. Elementary occupations,183,133,50
E01003531,"1. Managers, directors and senior officials",61,58,3
E01003531,2. Professional occupations,148,126,22
E01003531,3. Associate professional and technical occupations,97,24,73
E01003531,4. Administrative and secretarial occupations,83,76,7
E01003531,5. Skilled trades occupations,75,66,9
E01003531,"6. Caring, leisure and other service occupations",76,50,26
E01003531,7. Sales and customer service occupations,113,193,-80
E01003531,"8. Process, plant and machine operatives",80,62,18
E01003531,9. Elementary occupations,133,138,-5
E01003532,"1. Managers, directors and senior officials",82,64,18
E01003532,2. Professional occupations,213,124,89
E01003532,3. Associate professional and technical occupations,96,33,63
E01003532,4. Administrative and secretarial occupations,93,117,-24
E01003532,5. Skilled trades occupations,125,50,75
E01003532,"6. Caring, leisure and other service occupations",79,51,28
E01003532,7. Sales and customer service occupations,132,155,-23
E01003532,"8. Process, plant and machine operatives",91,56,35
E01003532,9. Elementary occupations,169,132,37
E01003533,"1. Managers, directors and senior officials",76,57,19
E01003533,2. Professional occupations,132,97,35
E01003533,3. Associate professional and technical occupations,80,29,51
E01003533,4. Administrative and secretarial occupations,73,82,-9
E01003533,5. Skilled trades occupations,50,67,-17
E01003533,"6. Caring, leisure and other service occupations",81,57,24
E01003533,7. Sales and customer service occupations,109,149,-40
E01003533,"8. Process, plant and machine operatives",107,58,49
E01003533,9. Elementary occupations,139,135,4
E01003534,"1. Managers, directors and senior officials",73,65,8
E01003534,2. Professional occupations,109,129,-20
E01003534,3. Associate professional and technical occupations,91,43,48
E01003534,4. Administrative and secretarial occupations,88,99,-11
E01003534,5. Skilled trades occupations,83,75,8
E01003534,"6. Caring, leisure and other service occupations",82,54,28
E01003534,7. Sales and customer service occupations,120,170,-50
E01003534,"8. Process, plant and machine operatives",74,67,7
E01003534,9. Elementary occupations,187,161,26
E01003535,"1. Managers, directors and senior officials",38,34,4
E01003535,2. Professional occupations,89,54,35
E01003535,3. Associate professional and technical occupations,68,30,38
E01003535,4. Administrative and secretarial occupations,48,58,-10
E01003535,5. Skilled trades occupations,68,69,-1
E01003535,"6. Caring, leisure and other service occupations",88,73,15
E01003535,7. Sales and customer service occupations,50,64,-14
E01003535,"8. Process, plant and machine operatives",68,61,7
E01003535,9. Elementary occupations,123,109,14
E01003536,"1. Managers, directors and senior officials",68,45,23
E01003536,2. Professional occupations,124,101,23
E01003536,3. Associate professional and technical occupations,80,34,46
E01003536,4. Administrative and secretarial occupations,67,90,-23
E01003536,5. Skilled trades occupations,109,73,36
E01003536,"6. Caring, leisure and other service occupations",80,79,1
E01003536,7. Sales and customer service occupations,98,103,-5
E01003536,"8. Process, plant and machine operatives",80,52,28
E01003536,9. Elementary occupations,163,135,28
E01003537,"1. Managers, directors and senior officials",83,59,24
E01003537,2. Professional occupations,139,112,27
E01003537,3. Associate professional and technical occupations,93,34,59
E01003537,4. Administrative and secretarial occupations,72,105,-33
E01003537,5. Skilled trades occupations,114,90,24
E01003537,"6. Caring, leisure and other service occupations",73,79,-6
E01003537,7. Sales and customer service occupations,96,105,-9
E01003537,"8. Process, plant and machine operatives",78,67,11
E01003537,9. Elementary occupations,189,197,-8
E01003538,"1. Managers, directors and senior officials",58,57,1
E01003538,2. Professional occupations,116,87,29
E01003538,3. Associate professional and technical occupations,81,43,38
E01003538,4. Administrative and secretarial occupations,83,78,5
E01003538,5. Skilled trades occupations,132,77,55
E01003538,"6. Caring, leisure and other service occupations",83,83,0
E01003538,7. Sales and customer service occupations,98,104,-6
E01003538,"8. Process, plant and machine operatives",74,72,2
E01003538,9. Elementary occupations,164,153,11
E01003539,"1. Managers, directors and senior officials",72,54,18
E01003539,2. Professional occupations,176,126,50
E01003539,3. Associate professional and technical occupations,99,56,43
E01003539,4. Administrative and secretarial occupations,69,106,-37
E01003539,5. Skilled trades occupations,146,94,52
E01003539,"6. Caring, leisure and other service occupations",95,63,32
E01003539,7. Sales and customer service occupations,95,110,-15
E01003539,"8. Process, plant and machine operatives",111,77,34
E01003539,9. Elementary occupations,238,192,46
E01003540,"1. Managers, directors and senior officials",87,41,46
E01003540,2. Professional occupations,108,73,35
E01003540,3. Associate professional and technical occupations,78,22,56
E01003540,4. Administrative and secretarial occupations,63,80,-17
E01003540,5. Skilled trades occupations,110,105,5
E01003540,"6. Caring, leisure and other service occupations",98,79,19
E01003540,7. Sales and customer service occupations,67,77,-10
E01003540,"8. Process, plant and machine operatives",66,61,5
E01003540,9. Elementary occupations,156,109,47
E01003541,"1. Managers, directors and senior officials",67,57,10
E01003541,2. Professional occupations,122,77,45
E01003541,3. Associate professional and technical occupations,62,31,31
E01003541,4. Administrative and secretarial occupations,79,92,-13
E01003541,5. Skilled trades occupations,107,82,25
E01003541,"6. Caring, leisure and other service occupations",85,76,9
E01003541,7. Sales and customer service occupations,71,68,3
E01003541,"8. Process, plant and machine operatives",106,62,44
E01003541,9. Elementary occupations,166,151,15
E01003542,"1. Managers, directors and senior officials",59,33,26
E01003542,2. Professional occupations,115,62,53
E01003542,3. Associate professional and technical occupations,113,24,89
E01003542,4. Administrative and secretarial occupations,73,91,-18
E01003542,5. Skilled trades occupations,87,68,19
E01003542,"6. Caring, leisure and other service occupations",88,95,-7
E01003542,7. Sales and customer service occupations,112,78,34
E01003542,"8. Process, plant and machine operatives",86,66,20
E01003542,9. Elementary occupations,130,137,-7
E01003543,"1. Managers, directors and senior officials",117,99,18
E01003543,2. Professional occupations,273,249,24
E01003543,3. Associate professional and technical occupations,160,70,90
E01003543,4. Administrative and secretarial occupations,114,111,3
E01003543,5. Skilled trades occupations,108,124,-16
E01003543,"6. Caring, leisure and other service occupations",74,101,-27
E01003543,7. Sales and customer service occupations,84,138,-54
E01003543,"8. Process, plant and machine operatives",74,50,24
E01003543,9. Elementary occupations,158,225,-67
E01003544,"1. Managers, directors and senior officials",104,61,43
E01003544,2. Professional occupations,171,103,68
E01003544,3. Associate professional and technical occupations,119,42,77
E01003544,4. Administrative and secretarial occupations,55,84,-29
E01003544,5. Skilled trades occupations,89,110,-21
E01003544,"6. Caring, leisure and other service occupations",77,92,-15
E01003544,7. Sales and customer service occupations,66,86,-20
E01003544,"8. Process, plant and machine operatives",63,72,-9
E01003544,9. Elementary occupations,131,224,-93
E01003545,"1. Managers, directors and senior officials",63,41,22
E01003545,2. Professional occupations,157,121,36
E01003545,3. Associate professional and technical occupations,90,43,47
E01003545,4. Administrative and secretarial occupations,70,91,-21
E01003545,5. Skilled trades occupations,124,81,43
E01003545,"6. Caring, leisure and other service occupations",99,73,26
E01003545,7. Sales and customer service occupations,77,85,-8
E01003545,"8. Process, plant and machine operatives",85,44,41
E01003545,9. Elementary occupations,151,136,15
E01003546,"1. Managers, directors and senior officials",65,55,10
E01003546,2. Professional occupations,145,91,54
E01003546,3. Associate professional and technical occupations,114,58,56
E01003546,4. Administrative and secretarial occupations,72,79,-7
E01003546,5. Skilled trades occupations,105,63,42
E01003546,"6. Caring, leisure and other service occupations",83,104,-21
E01003546,7. Sales and customer service occupations,64,92,-28
E01003546,"8. Process, plant and machine operatives",64,43,21
E01003546,9. Elementary occupations,138,155,-17
E01003547,"1. Managers, directors and senior officials",153,90,63
E01003547,2. Professional occupations,215,215,0
E01003547,3. Associate professional and technical occupations,141,60,81
E01003547,4. Administrative and secretarial occupations,78,102,-24
E01003547,5. Skilled trades occupations,91,76,15
E01003547,"6. Caring, leisure and other service occupations",64,78,-14
E01003547,7. Sales and customer service occupations,54,94,-40
E01003547,"8. Process, plant and machine operatives",57,47,10
E01003547,9. Elementary occupations,121,95,26
E01003548,"1. Managers, directors and senior officials",117,73,44
E01003548,2. Professional occupations,226,167,59
E01003548,3. Associate professional and technical occupations,135,55,80
E01003548,4. Administrative and secretarial occupations,82,144,-62
E01003548,5. Skilled trades occupations,171,140,31
E01003548,"6. Caring, leisure and other service occupations",84,98,-14
E01003548,7. Sales and customer service occupations,91,119,-28
E01003548,"8. Process, plant and machine operatives",78,57,21
E01003548,9. Elementary occupations,211,234,-23
E01003549,"1. Managers, directors and senior officials",112,75,37
E01003549,2. Professional occupations,233,151,82
E01003549,3. Associate professional and technical occupations,121,48,73
E01003549,4. Administrative and secretarial occupations,67,135,-68
E01003549,5. Skilled trades occupations,112,112,0
E01003549,"6. Caring, leisure and other service occupations",85,93,-8
E01003549,7. Sales and customer service occupations,106,95,11
E01003549,"8. Process, plant and machine operatives",65,65,0
E01003549,9. Elementary occupations,163,194,-31
E01003550,"1. Managers, directors and senior officials",85,54,31
E01003550,2. Professional occupations,133,119,14
E01003550,3. Associate professional and technical occupations,122,34,88
E01003550,4. Administrative and secretarial occupations,58,86,-28
E01003550,5. Skilled trades occupations,103,68,35
E01003550,"6. Caring, leisure and other service occupations",80,72,8
E01003550,7. Sales and customer service occupations,57,85,-28
E01003550,"8. Process, plant and machine operatives",37,50,-13
E01003550,9. Elementary occupations,150,149,1
E01003551,"1. Managers, directors and senior officials",72,50,22
E01003551,2. Professional occupations,139,148,-9
E01003551,3. Associate professional and technical occupations,92,39,53
E01003551,4. Administrative and secretarial occupations,60,70,-10
E01003551,5. Skilled trades occupations,132,73,59
E01003551,"6. Caring, leisure and other service occupations",82,82,0
E01003551,7. Sales and customer service occupations,77,120,-43
E01003551,"8. Process, plant and machine operatives",58,47,11
E01003551,9. Elementary occupations,198,121,77
E01003552,"1. Managers, directors and senior officials",80,61,19
E01003552,2. Professional occupations,123,94,29
E01003552,3. Associate professional and technical occupations,81,28,53
E01003552,4. Administrative and secretarial occupations,50,63,-13
E01003552,5. Skilled trades occupations,89,84,5
E01003552,"6. Caring, leisure and other service occupations",65,72,-7
E01003552,7. Sales and customer service occupations,62,67,-5
E01003552,"8. Process, plant and machine operatives",45,45,0
E01003552,9. Elementary occupations,125,155,-30
E01003553,"1. Managers, directors and senior officials",81,42,39
E01003553,2. Professional occupations,157,123,34
E01003553,3. Associate professional and technical occupations,105,42,63
E01003553,4. Administrative and secretarial occupations,55,74,-19
E01003553,5. Skilled trades occupations,88,139,-51
E01003553,"6. Caring, leisure and other service occupations",90,75,15
E01003553,7. Sales and customer service occupations,97,118,-21
E01003553,"8. Process, plant and machine operatives",76,45,31
E01003553,9. Elementary occupations,147,161,-14
E01003554,"1. Managers, directors and senior officials",89,69,20
E01003554,2. Professional occupations,241,190,51
E01003554,3. Associate professional and technical occupations,135,41,94
E01003554,4. Administrative and secretarial occupations,61,101,-40
E01003554,5. Skilled trades occupations,121,93,28
E01003554,"6. Caring, leisure and other service occupations",77,70,7
E01003554,7. Sales and customer service occupations,80,106,-26
E01003554,"8. Process, plant and machine operatives",74,67,7
E01003554,9. Elementary occupations,148,202,-54
E01003555,"1. Managers, directors and senior officials",124,101,23
E01003555,2. Professional occupations,169,147,22
E01003555,3. Associate professional and technical occupations,121,36,85
E01003555,4. Administrative and secretarial occupations,75,91,-16
E01003555,5. Skilled trades occupations,67,67,0
E01003555,"6. Caring, leisure and other service occupations",49,48,1
E01003555,7. Sales and customer service occupations,81,91,-10
E01003555,"8. Process, plant and machine operatives",40,40,0
E01003555,9. Elementary occupations,89,120,-31
E01003556,"1. Managers, directors and senior officials",77,66,11
E01003556,2. Professional occupations,109,110,-1
E01003556,3. Associate professional and technical occupations,65,27,38
E01003556,4. Administrative and secretarial occupations,58,76,-18
E01003556,5. Skilled trades occupations,84,57,27
E01003556,"6. Caring, leisure and other service occupations",74,96,-22
E01003556,7. Sales and customer service occupations,68,100,-32
E01003556,"8. Process, plant and machine operatives",48,50,-2
E01003556,9. Elementary occupations,140,157,-17
E01003557,"1. Managers, directors and senior officials",86,77,9
E01003557,2. Professional occupations,138,145,-7
E01003557,3. Associate professional and technical occupations,122,34,88
E01003557,4. Administrative and secretarial occupations,54,95,-41
E01003557,5. Skilled trades occupations,106,91,15
E01003557,"6. Caring, leisure and other service occupations",92,95,-3
E01003557,7. Sales and customer service occupations,104,98,6
E01003557,"8. Process, plant and machine operatives",53,61,-8
E01003557,9. Elementary occupations,146,203,-57
E01003558,"1. Managers, directors and senior officials",56,52,4
E01003558,2. Professional occupations,106,62,44
E01003558,3. Associate professional and technical occupations,66,25,41
E01003558,4. Administrative and secretarial occupations,60,47,13
E01003558,5. Skilled trades occupations,79,63,16
E01003558,"6. Caring, leisure and other service occupations",67,52,15
E01003558,7. Sales and customer service occupations,63,89,-26
E01003558,"8. Process, plant and machine operatives",67,49,18
E01003558,9. Elementary occupations,147,151,-4
E01003559,"1. Managers, directors and senior officials",140,124,16
E01003559,2. Professional occupations,300,353,-53
E01003559,3. Associate professional and technical occupations,209,80,129
E01003559,4. Administrative and secretarial occupations,113,149,-36
E01003559,5. Skilled trades occupations,135,118,17
E01003559,"6. Caring, leisure and other service occupations",105,90,15
E01003559,7. Sales and customer service occupations,110,121,-11
E01003559,"8. Process, plant and machine operatives",62,77,-15
E01003559,9. Elementary occupations,205,254,-49
E01003560,"1. Managers, directors and senior officials",49,44,5
E01003560,2. Professional occupations,106,56,50
E01003560,3. Associate professional and technical occupations,63,32,31
E01003560,4. Administrative and secretarial occupations,63,62,1
E01003560,5. Skilled trades occupations,63,78,-15
E01003560,"6. Caring, leisure and other service occupations",67,77,-10
E01003560,7. Sales and customer service occupations,83,131,-48
E01003560,"8. Process, plant and machine operatives",78,57,21
E01003560,9. Elementary occupations,110,138,-28
E01003561,"1. Managers, directors and senior officials",46,53,-7
E01003561,2. Professional occupations,123,80,43
E01003561,3. Associate professional and technical occupations,60,26,34
E01003561,4. Administrative and secretarial occupations,68,69,-1
E01003561,5. Skilled trades occupations,79,72,7
E01003561,"6. Caring, leisure and other service occupations",55,77,-22
E01003561,7. Sales and customer service occupations,83,148,-65
E01003561,"8. Process, plant and machine operatives",64,69,-5
E01003561,9. Elementary occupations,119,147,-28
E01003562,"1. Managers, directors and senior officials",67,78,-11
E01003562,2. Professional occupations,117,95,22
E01003562,3. Associate professional and technical occupations,104,26,78
E01003562,4. Administrative and secretarial occupations,70,88,-18
E01003562,5. Skilled trades occupations,75,89,-14
E01003562,"6. Caring, leisure and other service occupations",81,84,-3
E01003562,7. Sales and customer service occupations,132,185,-53
E01003562,"8. Process, plant and machine operatives",81,48,33
E01003562,9. Elementary occupations,169,202,-33
E01003563,"1. Managers, directors and senior officials",75,57,18
E01003563,2. Professional occupations,149,94,55
E01003563,3. Associate professional and technical occupations,94,24,70
E01003563,4. Administrative and secretarial occupations,88,66,22
E01003563,5. Skilled trades occupations,118,81,37
E01003563,"6. Caring, leisure and other service occupations",65,69,-4
E01003563,7. Sales and customer service occupations,118,122,-4
E01003563,"8. Process, plant and machine operatives",63,58,5
E01003563,9. Elementary occupations,173,137,36
E01003564,"1. Managers, directors and senior officials",98,68,30
E01003564,2. Professional occupations,115,136,-21
E01003564,3. Associate professional and technical occupations,91,30,61
E01003564,4. Administrative and secretarial occupations,83,85,-2
E01003564,5. Skilled trades occupations,78,92,-14
E01003564,"6. Caring, leisure and other service occupations",88,104,-16
E01003564,7. Sales and customer service occupations,133,190,-57
E01003564,"8. Process, plant and machine operatives",94,94,0
E01003564,9. Elementary occupations,195,186,9
E01003565,"1. Managers, directors and senior officials",71,47,24
E01003565,2. Professional occupations,119,90,29
E01003565,3. Associate professional and technical occupations,68,26,42
E01003565,4. Administrative and secretarial occupations,66,75,-9
E01003565,5. Skilled trades occupations,90,65,25
E01003565,"6. Caring, leisure and other service occupations",74,47,27
E01003565,7. Sales and customer service occupations,107,153,-46
E01003565,"8. Process, plant and machine operatives",67,63,4
E01003565,9. Elementary occupations,140,144,-4
E01003566,"1. Managers, directors and senior officials",49,42,7
E01003566,2. Professional occupations,78,89,-11
E01003566,3. Associate professional and technical occupations,53,24,29
E01003566,4. Administrative and secretarial occupations,55,60,-5
E01003566,5. Skilled trades occupations,86,55,31
E01003566,"6. Caring, leisure and other service occupations",46,56,-10
E01003566,7. Sales and customer service occupations,99,162,-63
E01003566,"8. Process, plant and machine operatives",63,43,20
E01003566,9. Elementary occupations,138,143,-5
E01003567,"1. Managers, directors and senior officials",81,60,21
E01003567,2. Professional occupations,94,76,18
E01003567,3. Associate professional and technical occupations,74,35,39
E01003567,4. Administrative and secretarial occupations,63,69,-6
E01003567,5. Skilled trades occupations,93,57,36
E01003567,"6. Caring, leisure and other service occupations",59,56,3
E01003567,7. Sales and customer service occupations,91,153,-62
E01003567,"8. Process, plant and machine operatives",70,58,12
E01003567,9. Elementary occupations,180,133,47
E01003568,"1. Managers, directors and senior officials",81,73,8
E01003568,2. Professional occupations,168,136,32
E01003568,3. Associate professional and technical occupations,107,46,61
E01003568,4. Administrative and secretarial occupations,96,113,-17
E01003568,5. Skilled trades occupations,81,64,17
E01003568,"6. Caring, leisure and other service occupations",64,74,-10
E01003568,7. Sales and customer service occupations,152,172,-20
E01003568,"8. Process, plant and machine operatives",96,62,34
E01003568,9. Elementary occupations,203,151,52
E01003569,"1. Managers, directors and senior officials",121,57,64
E01003569,2. Professional occupations,165,89,76
E01003569,3. Associate professional and technical occupations,86,29,57
E01003569,4. Administrative and secretarial occupations,79,78,1
E01003569,5. Skilled trades occupations,193,78,115
E01003569,"6. Caring, leisure and other service occupations",82,49,33
E01003569,7. Sales and customer service occupations,112,141,-29
E01003569,"8. Process, plant and machine operatives",79,49,30
E01003569,9. Elementary occupations,213,156,57
E01003570,"1. Managers, directors and senior officials",60,70,-10
E01003570,2. Professional occupations,113,91,22
E01003570,3. Associate professional and technical occupations,78,26,52
E01003570,4. Administrative and secretarial occupations,63,89,-26
E01003570,5. Skilled trades occupations,84,83,1
E01003570,"6. Caring, leisure and other service occupations",80,65,15
E01003570,7. Sales and customer service occupations,85,136,-51
E01003570,"8. Process, plant and machine operatives",71,60,11
E01003570,9. Elementary occupations,166,168,-2
E01003571,"1. Managers, directors and senior officials",77,59,18
E01003571,2. Professional occupations,104,105,-1
E01003571,3. Associate professional and technical occupations,73,45,28
E01003571,4. Administrative and secretarial occupations,71,72,-1
E01003571,5. Skilled trades occupations,89,59,30
E01003571,"6. Caring, leisure and other service occupations",82,81,1
E01003571,7. Sales and customer service occupations,111,150,-39
E01003571,"8. Process, plant and machine operatives",93,76,17
E01003571,9. Elementary occupations,136,150,-14
E01003572,"1. Managers, directors and senior officials",70,45,25
E01003572,2. Professional occupations,117,78,39
E01003572,3. Associate professional and technical occupations,72,23,49
E01003572,4. Administrative and secretarial occupations,58,68,-10
E01003572,5. Skilled trades occupations,69,57,12
E01003572,"6. Caring, leisure and other service occupations",64,57,7
E01003572,7. Sales and customer service occupations,63,77,-14
E01003572,"8. Process, plant and machine operatives",58,49,9
E01003572,9. Elementary occupations,133,153,-20
E01003573,"1. Managers, directors and senior officials",100,60,40
E01003573,2. Professional occupations,114,95,19
E01003573,3. Associate professional and technical occupations,60,37,23
E01003573,4. Administrative and secretarial occupations,78,81,-3
E01003573,5. Skilled trades occupations,92,67,25
E01003573,"6. Caring, leisure and other service occupations",80,53,27
E01003573,7. Sales and customer service occupations,116,173,-57
E01003573,"8. Process, plant and machine operatives",98,65,33
E01003573,9. Elementary occupations,159,172,-13
E01003574,"1. Managers, directors and senior officials",112,90,22
E01003574,2. Professional occupations,154,163,-9
E01003574,3. Associate professional and technical occupations,120,36,84
E01003574,4. Administrative and secretarial occupations,73,104,-31
E01003574,5. Skilled trades occupations,105,89,16
E01003574,"6. Caring, leisure and other service occupations",88,97,-9
E01003574,7. Sales and customer service occupations,107,170,-63
E01003574,"8. Process, plant and machine operatives",94,72,22
E01003574,9. Elementary occupations,159,195,-36
E01003575,"1. Managers, directors and senior officials",49,38,11
E01003575,2. Professional occupations,97,73,24
E01003575,3. Associate professional and technical occupations,73,28,45
E01003575,4. Administrative and secretarial occupations,57,59,-2
E01003575,5. Skilled trades occupations,79,70,9
E01003575,"6. Caring, leisure and other service occupations",53,63,-10
E01003575,7. Sales and customer service occupations,79,98,-19
E01003575,"8. Process, plant and machine operatives",59,48,11
E01003575,9. Elementary occupations,102,97,5
E01003576,"1. Managers, directors and senior officials",48,42,6
E01003576,2. Professional occupations,74,65,9
E01003576,3. Associate professional and technical occupations,59,27,32
E01003576,4. Administrative and secretarial occupations,60,52,8
E01003576,5. Skilled trades occupations,61,58,3
E01003576,"6. Caring, leisure and other service occupations",96,69,27
E01003576,7. Sales and customer service occupations,91,106,-15
E01003576,"8. Process, plant and machine operatives",70,51,19
E01003576,9. Elementary occupations,127,173,-46
E01003577,"1. Managers, directors and senior officials",61,31,30
E01003577,2. Professional occupations,140,64,76
E01003577,3. Associate professional and technical occupations,90,32,58
E01003577,4. Administrative and secretarial occupations,63,79,-16
E01003577,5. Skilled trades occupations,73,45,28
E01003577,"6. Caring, leisure and other service occupations",114,66,48
E01003577,7. Sales and customer service occupations,111,55,56
E01003577,"8. Process, plant and machine operatives",88,64,24
E01003577,9. Elementary occupations,159,108,51
E01003578,"1. Managers, directors and senior officials",55,38,17
E01003578,2. Professional occupations,88,77,11
E01003578,3. Associate professional and technical occupations,78,27,51
E01003578,4. Administrative and secretarial occupations,48,68,-20
E01003578,5. Skilled trades occupations,85,79,6
E01003578,"6. Caring, leisure and other service occupations",79,73,6
E01003578,7. Sales and customer service occupations,69,117,-48
E01003578,"8. Process, plant and machine operatives",87,49,38
E01003578,9. Elementary occupations,170,197,-27
E01003579,"1. Managers, directors and senior officials",59,39,20
E01003579,2. Professional occupations,112,89,23
E01003579,3. Associate professional and technical occupations,80,28,52
E01003579,4. Administrative and secretarial occupations,64,60,4
E01003579,5. Skilled trades occupations,80,68,12
E01003579,"6. Caring, leisure and other service occupations",52,53,-1
E01003579,7. Sales and customer service occupations,94,115,-21
E01003579,"8. Process, plant and machine operatives",86,60,26
E01003579,9. Elementary occupations,97,126,-29
E01003580,"1. Managers, directors and senior officials",45,42,3
E01003580,2. Professional occupations,88,72,16
E01003580,3. Associate professional and technical occupations,64,35,29
E01003580,4. Administrative and secretarial occupations,49,61,-12
E01003580,5. Skilled trades occupations,77,64,13
E01003580,"6. Caring, leisure and other service occupations",100,83,17
E01003580,7. Sales and customer service occupations,91,89,2
E01003580,"8. Process, plant and machine operatives",79,49,30
E01003580,9. Elementary occupations,153,108,45
E01003581,"1. Managers, directors and senior officials",52,41,11
E01003581,2. Professional occupations,96,82,14
E01003581,3. Associate professional and technical occupations,63,26,37
E01003581,4. Administrative and secretarial occupations,67,62,5
E01003581,5. Skilled trades occupations,56,78,-22
E01003581,"6. Caring, leisure and other service occupations",67,64,3
E01003581,7. Sales and customer service occupations,82,108,-26
E01003581,"8. Process, plant and machine operatives",70,56,14
E01003581,9. Elementary occupations,128,115,13
E01003582,"1. Managers, directors and senior officials",41,27,14
E01003582,2. Professional occupations,80,71,9
E01003582,3. Associate professional and technical occupations,65,30,35
E01003582,4. Administrative and secretarial occupations,51,66,-15
E01003582,5. Skilled trades occupations,64,40,24
E01003582,"6. Caring, leisure and other service occupations",54,54,0
E01003582,7. Sales and customer service occupations,72,79,-7
E01003582,"8. Process, plant and machine operatives",60,49,11
E01003582,9. Elementary occupations,99,98,1
E01003583,"1. Managers, directors and senior officials",48,57,-9
E01003583,2. Professional occupations,107,83,24
E01003583,3. Associate professional and technical occupations,74,36,38
E01003583,4. Administrative and secretarial occupations,59,70,-11
E01003583,5. Skilled trades occupations,105,72,33
E01003583,"6. Caring, leisure and other service occupations",80,66,14
E01003583,7. Sales and customer service occupations,89,92,-3
E01003583,"8. Process, plant and machine operatives",78,72,6
E01003583,9. Elementary occupations,122,127,-5
E01003584,"1. Managers, directors and senior officials",124,93,31
E01003584,2. Professional occupations,191,147,44
E01003584,3. Associate professional and technical occupations,115,35,80
E01003584,4. Administrative and secretarial occupations,74,84,-10
E01003584,5. Skilled trades occupations,69,69,0
E01003584,"6. Caring, leisure and other service occupations",56,57,-1
E01003584,7. Sales and customer service occupations,61,92,-31
E01003584,"8. Process, plant and machine operatives",51,47,4
E01003584,9. Elementary occupations,108,147,-39
E01003585,"1. Managers, directors and senior officials",55,53,2
E01003585,2. Professional occupations,82,62,20
E01003585,3. Associate professional and technical occupations,80,22,58
E01003585,4. Administrative and secretarial occupations,45,69,-24
E01003585,5. Skilled trades occupations,77,53,24
E01003585,"6. Caring, leisure and other service occupations",54,56,-2
E01003585,7. Sales and customer service occupations,89,109,-20
E01003585,"8. Process, plant and machine operatives",72,55,17
E01003585,9. Elementary occupations,112,83,29
E01003586,"1. Managers, directors and senior officials",70,73,-3
E01003586,2. Professional occupations,117,95,22
E01003586,3. Associate professional and technical occupations,80,24,56
E01003586,4. Administrative and secretarial occupations,56,74,-18
E01003586,5. Skilled trades occupations,88,70,18
E01003586,"6. Caring, leisure and other service occupations",60,71,-11
E01003586,7. Sales and customer service occupations,106,114,-8
E01003586,"8. Process, plant and machine operatives",69,47,22
E01003586,9. Elementary occupations,118,128,-10
E01003587,"1. Managers, directors and senior officials",72,64,8
E01003587,2. Professional occupations,149,160,-11
E01003587,3. Associate professional and technical occupations,124,50,74
E01003587,4. Administrative and secretarial occupations,74,108,-34
E01003587,5. Skilled trades occupations,93,113,-20
E01003587,"6. Caring, leisure and other service occupations",84,65,19
E01003587,7. Sales and customer service occupations,108,166,-58
E01003587,"8. Process, plant and machine operatives",85,74,11
E01003587,9. Elementary occupations,187,169,18
E01003588,"1. Managers, directors and senior officials",43,51,-8
E01003588,2. Professional occupations,92,66,26
E01003588,3. Associate professional and technical occupations,51,27,24
E01003588,4. Administrative and secretarial occupations,54,56,-2
E01003588,5. Skilled trades occupations,54,52,2
E01003588,"6. Caring, leisure and other service occupations",64,63,1
E01003588,7. Sales and customer service occupations,74,147,-73
E01003588,"8. Process, plant and machine operatives",64,63,1
E01003588,9. Elementary occupations,124,113,11
E01003589,"1. Managers, directors and senior officials",57,46,11
E01003589,2. Professional occupations,121,102,19
E01003589,3. Associate professional and technical occupations,57,43,14
E01003589,4. Administrative and secretarial occupations,50,70,-20
E01003589,5. Skilled trades occupations,83,79,4
E01003589,"6. Caring, leisure and other service occupations",84,50,34
E01003589,7. Sales and customer service occupations,84,95,-11
E01003589,"8. Process, plant and machine operatives",71,67,4
E01003589,9. Elementary occupations,161,126,35
E01003590,"1. Managers, directors and senior officials",44,48,-4
E01003590,2. Professional occupations,108,117,-9
E01003590,3. Associate professional and technical occupations,83,29,54
E01003590,4. Administrative and secretarial occupations,56,73,-17
E01003590,5. Skilled trades occupations,59,38,21
E01003590,"6. Caring, leisure and other service occupations",98,61,37
E01003590,7. Sales and customer service occupations,72,69,3
E01003590,"8. Process, plant and machine operatives",49,42,7
E01003590,9. Elementary occupations,93,104,-11
E01003591,"1. Managers, directors and senior officials",73,67,6
E01003591,2. Professional occupations,98,85,13
E01003591,3. Associate professional and technical occupations,78,25,53
E01003591,4. Administrative and secretarial occupations,66,87,-21
E01003591,5. Skilled trades occupations,100,77,23
E01003591,"6. Caring, leisure and other service occupations",80,69,11
E01003591,7. Sales and customer service occupations,121,132,-11
E01003591,"8. Process, plant and machine operatives",79,62,17
E01003591,9. Elementary occupations,195,183,12
E01003592,"1. Managers, directors and senior officials",66,45,21
E01003592,2. Professional occupations,161,81,80
E01003592,3. Associate professional and technical occupations,87,27,60
E01003592,4. Administrative and secretarial occupations,53,63,-10
E01003592,5. Skilled trades occupations,102,87,15
E01003592,"6. Caring, leisure and other service occupations",70,79,-9
E01003592,7. Sales and customer service occupations,72,126,-54
E01003592,"8. Process, plant and machine operatives",74,61,13
E01003592,9. Elementary occupations,146,209,-63
E01003593,"1. Managers, directors and senior officials",48,34,14
E01003593,2. Professional occupations,131,65,66
E01003593,3. Associate professional and technical occupations,68,25,43
E01003593,4. Administrative and secretarial occupations,56,64,-8
E01003593,5. Skilled trades occupations,91,75,16
E01003593,"6. Caring, leisure and other service occupations",72,76,-4
E01003593,7. Sales and customer service occupations,69,73,-4
E01003593,"8. Process, plant and machine operatives",64,48,16
E01003593,9. Elementary occupations,100,120,-20
E01003594,"1. Managers, directors and senior officials",68,55,13
E01003594,2. Professional occupations,131,86,45
E01003594,3. Associate professional and technical occupations,85,32,53
E01003594,4. Administrative and secretarial occupations,55,83,-28
E01003594,5. Skilled trades occupations,122,73,49
E01003594,"6. Caring, leisure and other service occupations",103,79,24
E01003594,7. Sales and customer service occupations,57,105,-48
E01003594,"8. Process, plant and machine operatives",82,43,39
E01003594,9. Elementary occupations,133,137,-4
E01003595,"1. Managers, directors and senior officials",58,41,17
E01003595,2. Professional occupations,127,70,57
E01003595,3. Associate professional and technical occupations,74,21,53
E01003595,4. Administrative and secretarial occupations,56,57,-1
E01003595,5. Skilled trades occupations,98,71,27
E01003595,"6. Caring, leisure and other service occupations",98,72,26
E01003595,7. Sales and customer service occupations,70,99,-29
E01003595,"8. Process, plant and machine operatives",71,46,25
E01003595,9. Elementary occupations,156,150,6
E01003596,"1. Managers, directors and senior officials",81,61,20
E01003596,2. Professional occupations,113,112,1
E01003596,3. Associate professional and technical occupations,74,39,35
E01003596,4. Administrative and secretarial occupations,72,72,0
E01003596,5. Skilled trades occupations,96,89,7
E01003596,"6. Caring, leisure and other service occupations",71,80,-9
E01003596,7. Sales and customer service occupations,57,108,-51
E01003596,"8. Process, plant and machine operatives",51,52,-1
E01003596,9. Elementary occupations,124,135,-11
E01003597,"1. Managers, directors and senior officials",83,48,35
E01003597,2. Professional occupations,163,92,71
E01003597,3. Associate professional and technical occupations,117,31,86
E01003597,4. Administrative and secretarial occupations,62,76,-14
E01003597,5. Skilled trades occupations,85,65,20
E01003597,"6. Caring, leisure and other service occupations",73,68,5
E01003597,7. Sales and customer service occupations,81,98,-17
E01003597,"8. Process, plant and machine operatives",76,63,13
E01003597,9. Elementary occupations,118,114,4
E01003598,"1. Managers, directors and senior officials",70,33,37
E01003598,2. Professional occupations,134,118,16
E01003598,3. Associate professional and technical occupations,89,34,55
E01003598,4. Administrative and secretarial occupations,65,90,-25
E01003598,5. Skilled trades occupations,73,64,9
E01003598,"6. Caring, leisure and other service occupations",85,58,27
E01003598,7. Sales and customer service occupations,74,78,-4
E01003598,"8. Process, plant and machine operatives",58,49,9
E01003598,9. Elementary occupations,138,120,18
E01003599,"1. Managers, directors and senior officials",55,39,16
E01003599,2. Professional occupations,102,54,48
E01003599,3. Associate professional and technical occupations,61,25,36
E01003599,4. Administrative and secretarial occupations,54,59,-5
E01003599,5. Skilled trades occupations,62,79,-17
E01003599,"6. Caring, leisure and other service occupations",57,56,1
E01003599,7. Sales and customer service occupations,85,106,-21
E01003599,"8. Process, plant and machine operatives",69,44,25
E01003599,9. Elementary occupations,120,141,-21
E01003600,"1. Managers, directors and senior officials",50,37,13
E01003600,2. Professional occupations,131,99,32
E01003600,3. Associate professional and technical occupations,84,38,46
E01003600,4. Administrative and secretarial occupations,68,75,-7
E01003600,5. Skilled trades occupations,66,74,-8
E01003600,"6. Caring, leisure and other service occupations",74,80,-6
E01003600,7. Sales and customer service occupations,68,90,-22
E01003600,"8. Process, plant and machine operatives",65,52,13
E01003600,9. Elementary occupations,139,150,-11
E01003601,"1. Managers, directors and senior officials",66,42,24
E01003601,2. Professional occupations,144,87,57
E01003601,3. Associate professional and technical occupations,88,38,50
E01003601,4. Administrative and secretarial occupations,78,96,-18
E01003601,5. Skilled trades occupations,115,78,37
E01003601,"6. Caring, leisure and other service occupations",97,100,-3
E01003601,7. Sales and customer service occupations,67,96,-29
E01003601,"8. Process, plant and machine operatives",92,66,26
E01003601,9. Elementary occupations,163,182,-19
E01003602,"1. Managers, directors and senior officials",66,55,11
E01003602,2. Professional occupations,134,97,37
E01003602,3. Associate professional and technical occupations,83,36,47
E01003602,4. Administrative and secretarial occupations,59,97,-38
E01003602,5. Skilled trades occupations,126,114,12
E01003602,"6. Caring, leisure and other service occupations",141,112,29
E01003602,7. Sales and customer service occupations,78,101,-23
E01003602,"8. Process, plant and machine operatives",77,72,5
E01003602,9. Elementary occupations,264,232,32
E01003603,"1. Managers, directors and senior officials",66,40,26
E01003603,2. Professional occupations,148,120,28
E01003603,3. Associate professional and technical occupations,97,33,64
E01003603,4. Administrative and secretarial occupations,61,97,-36
E01003603,5. Skilled trades occupations,101,101,0
E01003603,"6. Caring, leisure and other service occupations",77,93,-16
E01003603,7. Sales and customer service occupations,76,96,-20
E01003603,"8. Process, plant and machine operatives",59,51,8
E01003603,9. Elementary occupations,194,164,30
E01003604,"1. Managers, directors and senior officials",74,53,21
E01003604,2. Professional occupations,152,138,14
E01003604,3. Associate professional and technical occupations,89,41,48
E01003604,4. Administrative and secretarial occupations,91,95,-4
E01003604,5. Skilled trades occupations,117,96,21
E01003604,"6. Caring, leisure and other service occupations",149,87,62
E01003604,7. Sales and customer service occupations,76,97,-21
E01003604,"8. Process, plant and machine operatives",93,92,1
E01003604,9. Elementary occupations,174,237,-63
E01003605,"1. Managers, directors and senior officials",58,31,27
E01003605,2. Professional occupations,121,104,17
E01003605,3. Associate professional and technical occupations,80,33,47
E01003605,4. Administrative and secretarial occupations,84,97,-13
E01003605,5. Skilled trades occupations,83,105,-22
E01003605,"6. Caring, leisure and other service occupations",87,79,8
E01003605,7. Sales and customer service occupations,93,105,-12
E01003605,"8. Process, plant and machine operatives",77,66,11
E01003605,9. Elementary occupations,172,178,-6
E01003607,"1. Managers, directors and senior officials",60,35,25
E01003607,2. Professional occupations,148,103,45
E01003607,3. Associate professional and technical occupations,84,24,60
E01003607,4. Administrative and secretarial occupations,71,79,-8
E01003607,5. Skilled trades occupations,122,92,30
E01003607,"6. Caring, leisure and other service occupations",97,78,19
E01003607,7. Sales and customer service occupations,83,100,-17
E01003607,"8. Process, plant and machine operatives",81,47,34
E01003607,9. Elementary occupations,149,153,-4
E01003608,"1. Managers, directors and senior officials",88,72,16
E01003608,2. Professional occupations,198,153,45
E01003608,3. Associate professional and technical occupations,128,56,72
E01003608,4. Administrative and secretarial occupations,74,92,-18
E01003608,5. Skilled trades occupations,160,117,43
E01003608,"6. Caring, leisure and other service occupations",72,91,-19
E01003608,7. Sales and customer service occupations,59,84,-25
E01003608,"8. Process, plant and machine operatives",69,69,0
E01003608,9. Elementary occupations,160,151,9
E01003611,"1. Managers, directors and senior officials",61,41,20
E01003611,2. Professional occupations,110,94,16
E01003611,3. Associate professional and technical occupations,73,38,35
E01003611,4. Administrative and secretarial occupations,58,77,-19
E01003611,5. Skilled trades occupations,84,53,31
E01003611,"6. Caring, leisure and other service occupations",120,94,26
E01003611,7. Sales and customer service occupations,79,74,5
E01003611,"8. Process, plant and machine operatives",60,33,27
E01003611,9. Elementary occupations,166,141,25
E01003615,"1. Managers, directors and senior officials",79,66,13
E01003615,2. Professional occupations,157,109,48
E01003615,3. Associate professional and technical occupations,90,56,34
E01003615,4. Administrative and secretarial occupations,58,86,-28
E01003615,5. Skilled trades occupations,95,121,-26
E01003615,"6. Caring, leisure and other service occupations",79,83,-4
E01003615,7. Sales and customer service occupations,74,97,-23
E01003615,"8. Process, plant and machine operatives",50,58,-8
E01003615,9. Elementary occupations,161,185,-24
E01003616,"1. Managers, directors and senior officials",73,61,12
E01003616,2. Professional occupations,184,142,42
E01003616,3. Associate professional and technical occupations,130,42,88
E01003616,4. Administrative and secretarial occupations,70,90,-20
E01003616,5. Skilled trades occupations,108,76,32
E01003616,"6. Caring, leisure and other service occupations",82,80,2
E01003616,7. Sales and customer service occupations,85,95,-10
E01003616,"8. Process, plant and machine operatives",50,48,2
E01003616,9. Elementary occupations,208,195,13
E01003618,"1. Managers, directors and senior officials",108,91,17
E01003618,2. Professional occupations,316,246,70
E01003618,3. Associate professional and technical occupations,163,67,96
E01003618,4. Administrative and secretarial occupations,67,109,-42
E01003618,5. Skilled trades occupations,129,124,5
E01003618,"6. Caring, leisure and other service occupations",111,99,12
E01003618,7. Sales and customer service occupations,81,123,-42
E01003618,"8. Process, plant and machine operatives",62,49,13
E01003618,9. Elementary occupations,225,230,-5
E01003619,"1. Managers, directors and senior officials",127,104,23
E01003619,2. Professional occupations,285,266,19
E01003619,3. Associate professional and technical occupations,194,84,110
E01003619,4. Administrative and secretarial occupations,93,129,-36
E01003619,5. Skilled trades occupations,93,90,3
E01003619,"6. Caring, leisure and other service occupations",117,75,42
E01003619,7. Sales and customer service occupations,104,93,11
E01003619,"8. Process, plant and machine operatives",36,46,-10
E01003619,9. Elementary occupations,140,131,9
E01003621,"1. Managers, directors and senior officials",60,37,23
E01003621,2. Professional occupations,104,86,18
E01003621,3. Associate professional and technical occupations,52,14,38
E01003621,4. Administrative and secretarial occupations,50,62,-12
E01003621,5. Skilled trades occupations,91,68,23
E01003621,"6. Caring, leisure and other service occupations",52,67,-15
E01003621,7. Sales and customer service occupations,95,108,-13
E01003621,"8. Process, plant and machine operatives",65,36,29
E01003621,9. Elementary occupations,133,135,-2
E01003622,"1. Managers, directors and senior officials",55,36,19
E01003622,2. Professional occupations,87,80,7
E01003622,3. Associate professional and technical occupations,75,25,50
E01003622,4. Administrative and secretarial occupations,48,60,-12
E01003622,5. Skilled trades occupations,85,68,17
E01003622,"6. Caring, leisure and other service occupations",51,67,-16
E01003622,7. Sales and customer service occupations,107,105,2
E01003622,"8. Process, plant and machine operatives",55,35,20
E01003622,9. Elementary occupations,143,100,43
E01003623,"1. Managers, directors and senior officials",46,41,5
E01003623,2. Professional occupations,104,66,38
E01003623,3. Associate professional and technical occupations,84,24,60
E01003623,4. Administrative and secretarial occupations,54,50,4
E01003623,5. Skilled trades occupations,78,49,29
E01003623,"6. Caring, leisure and other service occupations",79,64,15
E01003623,7. Sales and customer service occupations,92,108,-16
E01003623,"8. Process, plant and machine operatives",67,62,5
E01003623,9. Elementary occupations,126,113,13
E01003624,"1. Managers, directors and senior officials",56,35,21
E01003624,2. Professional occupations,89,66,23
E01003624,3. Associate professional and technical occupations,70,20,50
E01003624,4. Administrative and secretarial occupations,62,88,-26
E01003624,5. Skilled trades occupations,90,67,23
E01003624,"6. Caring, leisure and other service occupations",77,58,19
E01003624,7. Sales and customer service occupations,81,96,-15
E01003624,"8. Process, plant and machine operatives",59,52,7
E01003624,9. Elementary occupations,112,100,12
E01003625,"1. Managers, directors and senior officials",47,43,4
E01003625,2. Professional occupations,111,94,17
E01003625,3. Associate professional and technical occupations,66,18,48
E01003625,4. Administrative and secretarial occupations,66,65,1
E01003625,5. Skilled trades occupations,91,49,42
E01003625,"6. Caring, leisure and other service occupations",63,62,1
E01003625,7. Sales and customer service occupations,91,122,-31
E01003625,"8. Process, plant and machine operatives",70,49,21
E01003625,9. Elementary occupations,127,138,-11
E01003626,"1. Managers, directors and senior officials",62,60,2
E01003626,2. Professional occupations,92,86,6
E01003626,3. Associate professional and technical occupations,68,27,41
E01003626,4. Administrative and secretarial occupations,70,83,-13
E01003626,5. Skilled trades occupations,87,60,27
E01003626,"6. Caring, leisure and other service occupations",54,55,-1
E01003626,7. Sales and customer service occupations,101,145,-44
E01003626,"8. Process, plant and machine operatives",68,40,28
E01003626,9. Elementary occupations,152,112,40
E01003627,"1. Managers, directors and senior officials",46,47,-1
E01003627,2. Professional occupations,100,90,10
E01003627,3. Associate professional and technical occupations,77,34,43
E01003627,4. Administrative and secretarial occupations,53,69,-16
E01003627,5. Skilled trades occupations,74,46,28
E01003627,"6. Caring, leisure and other service occupations",54,39,15
E01003627,7. Sales and customer service occupations,113,140,-27
E01003627,"8. Process, plant and machine operatives",53,50,3
E01003627,9. Elementary occupations,109,111,-2
E01003628,"1. Managers, directors and senior officials",56,50,6
E01003628,2. Professional occupations,101,110,-9
E01003628,3. Associate professional and technical occupations,63,36,27
E01003628,4. Administrative and secretarial occupations,58,54,4
E01003628,5. Skilled trades occupations,73,52,21
E01003628,"6. Caring, leisure and other service occupations",53,50,3
E01003628,7. Sales and customer service occupations,108,119,-11
E01003628,"8. Process, plant and machine operatives",87,45,42
E01003628,9. Elementary occupations,164,138,26
E01003629,"1. Managers, directors and senior officials",54,44,10
E01003629,2. Professional occupations,105,101,4
E01003629,3. Associate professional and technical occupations,67,19,48
E01003629,4. Administrative and secretarial occupations,34,51,-17
E01003629,5. Skilled trades occupations,121,47,74
E01003629,"6. Caring, leisure and other service occupations",58,40,18
E01003629,7. Sales and customer service occupations,95,144,-49
E01003629,"8. Process, plant and machine operatives",102,54,48
E01003629,9. Elementary occupations,202,130,72
E01003630,"1. Managers, directors and senior officials",52,52,0
E01003630,2. Professional occupations,181,126,55
E01003630,3. Associate professional and technical occupations,101,51,50
E01003630,4. Administrative and secretarial occupations,58,71,-13
E01003630,5. Skilled trades occupations,88,107,-19
E01003630,"6. Caring, leisure and other service occupations",92,109,-17
E01003630,7. Sales and customer service occupations,88,90,-2
E01003630,"8. Process, plant and machine operatives",82,55,27
E01003630,9. Elementary occupations,150,183,-33
E01003631,"1. Managers, directors and senior officials",93,58,35
E01003631,2. Professional occupations,167,143,24
E01003631,3. Associate professional and technical occupations,134,51,83
E01003631,4. Administrative and secretarial occupations,75,101,-26
E01003631,5. Skilled trades occupations,114,92,22
E01003631,"6. Caring, leisure and other service occupations",88,89,-1
E01003631,7. Sales and customer service occupations,63,94,-31
E01003631,"8. Process, plant and machine operatives",46,67,-21
E01003631,9. Elementary occupations,159,165,-6
E01003632,"1. Managers, directors and senior officials",117,70,47
E01003632,2. Professional occupations,233,154,79
E01003632,3. Associate professional and technical occupations,141,36,105
E01003632,4. Administrative and secretarial occupations,105,108,-3
E01003632,5. Skilled trades occupations,177,141,36
E01003632,"6. Caring, leisure and other service occupations",120,109,11
E01003632,7. Sales and customer service occupations,103,114,-11
E01003632,"8. Process, plant and machine operatives",73,68,5
E01003632,9. Elementary occupations,226,221,5
E01003633,"1. Managers, directors and senior officials",67,32,35
E01003633,2. Professional occupations,111,86,25
E01003633,3. Associate professional and technical occupations,93,37,56
E01003633,4. Administrative and secretarial occupations,71,75,-4
E01003633,5. Skilled trades occupations,74,72,2
E01003633,"6. Caring, leisure and other service occupations",102,80,22
E01003633,7. Sales and customer service occupations,74,104,-30
E01003633,"8. Process, plant and machine operatives",56,44,12
E01003633,9. Elementary occupations,159,149,10
E01003634,"1. Managers, directors and senior officials",65,44,21
E01003634,2. Professional occupations,147,99,48
E01003634,3. Associate professional and technical occupations,102,41,61
E01003634,4. Administrative and secretarial occupations,56,63,-7
E01003634,5. Skilled trades occupations,72,73,-1
E01003634,"6. Caring, leisure and other service occupations",83,100,-17
E01003634,7. Sales and customer service occupations,70,106,-36
E01003634,"8. Process, plant and machine operatives",67,48,19
E01003634,9. Elementary occupations,120,145,-25
E01003635,"1. Managers, directors and senior officials",93,82,11
E01003635,2. Professional occupations,176,147,29
E01003635,3. Associate professional and technical occupations,109,53,56
E01003635,4. Administrative and secretarial occupations,69,128,-59
E01003635,5. Skilled trades occupations,135,112,23
E01003635,"6. Caring, leisure and other service occupations",60,78,-18
E01003635,7. Sales and customer service occupations,46,117,-71
E01003635,"8. Process, plant and machine operatives",64,46,18
E01003635,9. Elementary occupations,239,183,56
E01003636,"1. Managers, directors and senior officials",87,46,41
E01003636,2. Professional occupations,210,139,71
E01003636,3. Associate professional and technical occupations,142,38,104
E01003636,4. Administrative and secretarial occupations,77,80,-3
E01003636,5. Skilled trades occupations,114,79,35
E01003636,"6. Caring, leisure and other service occupations",97,80,17
E01003636,7. Sales and customer service occupations,79,112,-33
E01003636,"8. Process, plant and machine operatives",66,54,12
E01003636,9. Elementary occupations,133,128,5
E01003637,"1. Managers, directors and senior officials",109,64,45
E01003637,2. Professional occupations,157,125,32
E01003637,3. Associate professional and technical occupations,112,38,74
E01003637,4. Administrative and secretarial occupations,71,96,-25
E01003637,5. Skilled trades occupations,161,125,36
E01003637,"6. Caring, leisure and other service occupations",65,72,-7
E01003637,7. Sales and customer service occupations,78,114,-36
E01003637,"8. Process, plant and machine operatives",79,59,20
E01003637,9. Elementary occupations,220,157,63
E01003638,"1. Managers, directors and senior officials",115,56,59
E01003638,2. Professional occupations,249,133,116
E01003638,3. Associate professional and technical occupations,99,43,56
E01003638,4. Administrative and secretarial occupations,96,112,-16
E01003638,5. Skilled trades occupations,82,67,15
E01003638,"6. Caring, leisure and other service occupations",40,51,-11
E01003638,7. Sales and customer service occupations,76,61,15
E01003638,"8. Process, plant and machine operatives",49,47,2
E01003638,9. Elementary occupations,73,64,9
E01003639,"1. Managers, directors and senior officials",121,95,26
E01003639,2. Professional occupations,249,147,102
E01003639,3. Associate professional and technical occupations,91,42,49
E01003639,4. Administrative and secretarial occupations,95,94,1
E01003639,5. Skilled trades occupations,129,69,60
E01003639,"6. Caring, leisure and other service occupations",73,71,2
E01003639,7. Sales and customer service occupations,86,88,-2
E01003639,"8. Process, plant and machine operatives",69,55,14
E01003639,9. Elementary occupations,99,57,42
E01003640,"1. Managers, directors and senior officials",107,83,24
E01003640,2. Professional occupations,235,177,58
E01003640,3. Associate professional and technical occupations,120,51,69
E01003640,4. Administrative and secretarial occupations,101,126,-25
E01003640,5. Skilled trades occupations,95,72,23
E01003640,"6. Caring, leisure and other service occupations",55,51,4
E01003640,7. Sales and customer service occupations,76,72,4
E01003640,"8. Process, plant and machine operatives",59,60,-1
E01003640,9. Elementary occupations,82,67,15
E01003641,"1. Managers, directors and senior officials",123,104,19
E01003641,2. Professional occupations,223,152,71
E01003641,3. Associate professional and technical occupations,100,50,50
E01003641,4. Administrative and secretarial occupations,127,110,17
E01003641,5. Skilled trades occupations,90,51,39
E01003641,"6. Caring, leisure and other service occupations",94,57,37
E01003641,7. Sales and customer service occupations,124,93,31
E01003641,"8. Process, plant and machine operatives",51,44,7
E01003641,9. Elementary occupations,111,76,35
E01003642,"1. Managers, directors and senior officials",86,68,18
E01003642,2. Professional occupations,225,146,79
E01003642,3. Associate professional and technical occupations,77,39,38
E01003642,4. Administrative and secretarial occupations,84,99,-15
E01003642,5. Skilled trades occupations,93,55,38
E01003642,"6. Caring, leisure and other service occupations",62,62,0
E01003642,7. Sales and customer service occupations,92,85,7
E01003642,"8. Process, plant and machine operatives",49,33,16
E01003642,9. Elementary occupations,86,60,26
E01003643,"1. Managers, directors and senior officials",111,93,18
E01003643,2. Professional occupations,259,165,94
E01003643,3. Associate professional and technical occupations,125,27,98
E01003643,4. Administrative and secretarial occupations,102,111,-9
E01003643,5. Skilled trades occupations,100,49,51
E01003643,"6. Caring, leisure and other service occupations",112,68,44
E01003643,7. Sales and customer service occupations,80,93,-13
E01003643,"8. Process, plant and machine operatives",65,39,26
E01003643,9. Elementary occupations,99,80,19
E01003644,"1. Managers, directors and senior officials",89,72,17
E01003644,2. Professional occupations,181,161,20
E01003644,3. Associate professional and technical occupations,92,29,63
E01003644,4. Administrative and secretarial occupations,76,115,-39
E01003644,5. Skilled trades occupations,56,37,19
E01003644,"6. Caring, leisure and other service occupations",61,48,13
E01003644,7. Sales and customer service occupations,78,74,4
E01003644,"8. Process, plant and machine operatives",65,40,25
E01003644,9. Elementary occupations,65,46,19
E01003645,"1. Managers, directors and senior officials",151,113,38
E01003645,2. Professional occupations,380,337,43
E01003645,3. Associate professional and technical occupations,131,93,38
E01003645,4. Administrative and secretarial occupations,132,166,-34
E01003645,5. Skilled trades occupations,99,75,24
E01003645,"6. Caring, leisure and other service occupations",81,79,2
E01003645,7. Sales and customer service occupations,115,127,-12
E01003645,"8. Process, plant and machine operatives",90,72,18
E01003645,9. Elementary occupations,122,111,11
E01003646,"1. Managers, directors and senior officials",121,101,20
E01003646,2. Professional occupations,236,147,89
E01003646,3. Associate professional and technical occupations,92,44,48
E01003646,4. Administrative and secretarial occupations,99,120,-21
E01003646,5. Skilled trades occupations,99,46,53
E01003646,"6. Caring, leisure and other service occupations",38,65,-27
E01003646,7. Sales and customer service occupations,72,89,-17
E01003646,"8. Process, plant and machine operatives",47,39,8
E01003646,9. Elementary occupations,85,65,20
E01003647,"1. Managers, directors and senior officials",89,70,19
E01003647,2. Professional occupations,290,246,44
E01003647,3. Associate professional and technical occupations,121,35,86
E01003647,4. Administrative and secretarial occupations,107,122,-15
E01003647,5. Skilled trades occupations,79,55,24
E01003647,"6. Caring, leisure and other service occupations",58,47,11
E01003647,7. Sales and customer service occupations,94,76,18
E01003647,"8. Process, plant and machine operatives",40,32,8
E01003647,9. Elementary occupations,85,63,22
E01003648,"1. Managers, directors and senior officials",107,84,23
E01003648,2. Professional occupations,226,144,82
E01003648,3. Associate professional and technical occupations,84,48,36
E01003648,4. Administrative and secretarial occupations,84,129,-45
E01003648,5. Skilled trades occupations,48,41,7
E01003648,"6. Caring, leisure and other service occupations",30,40,-10
E01003648,7. Sales and customer service occupations,52,42,10
E01003648,"8. Process, plant and machine operatives",40,41,-1
E01003648,9. Elementary occupations,47,23,24
E01003649,"1. Managers, directors and senior officials",101,93,8
E01003649,2. Professional occupations,213,187,26
E01003649,3. Associate professional and technical occupations,90,38,52
E01003649,4. Administrative and secretarial occupations,104,119,-15
E01003649,5. Skilled trades occupations,46,29,17
E01003649,"6. Caring, leisure and other service occupations",47,48,-1
E01003649,7. Sales and customer service occupations,67,69,-2
E01003649,"8. Process, plant and machine operatives",44,51,-7
E01003649,9. Elementary occupations,46,51,-5
E01003650,"1. Managers, directors and senior officials",107,71,36
E01003650,2. Professional occupations,184,135,49
E01003650,3. Associate professional and technical occupations,88,37,51
E01003650,4. Administrative and secretarial occupations,75,94,-19
E01003650,5. Skilled trades occupations,75,40,35
E01003650,"6. Caring, leisure and other service occupations",41,46,-5
E01003650,7. Sales and customer service occupations,63,51,12
E01003650,"8. Process, plant and machine operatives",46,42,4
E01003650,9. Elementary occupations,84,49,35
E01003651,"1. Managers, directors and senior officials",103,93,10
E01003651,2. Professional occupations,209,169,40
E01003651,3. Associate professional and technical occupations,76,26,50
E01003651,4. Administrative and secretarial occupations,111,130,-19
E01003651,5. Skilled trades occupations,54,35,19
E01003651,"6. Caring, leisure and other service occupations",35,48,-13
E01003651,7. Sales and customer service occupations,64,76,-12
E01003651,"8. Process, plant and machine operatives",33,32,1
E01003651,9. Elementary occupations,52,37,15
E01003652,"1. Managers, directors and senior officials",106,106,0
E01003652,2. Professional occupations,227,164,63
E01003652,3. Associate professional and technical occupations,74,42,32
E01003652,4. Administrative and secretarial occupations,80,124,-44
E01003652,5. Skilled trades occupations,57,31,26
E01003652,"6. Caring, leisure and other service occupations",45,57,-12
E01003652,7. Sales and customer service occupations,52,62,-10
E01003652,"8. Process, plant and machine operatives",52,27,25
E01003652,9. Elementary occupations,71,43,28
E01003653,"1. Managers, directors and senior officials",95,62,33
E01003653,2. Professional occupations,213,171,42
E01003653,3. Associate professional and technical occupations,107,39,68
E01003653,4. Administrative and secretarial occupations,80,71,9
E01003653,5. Skilled trades occupations,167,44,123
E01003653,"6. Caring, leisure and other service occupations",61,42,19
E01003653,7. Sales and customer service occupations,76,68,8
E01003653,"8. Process, plant and machine operatives",73,40,33
E01003653,9. Elementary occupations,92,69,23
E01003654,"1. Managers, directors and senior officials",109,77,32
E01003654,2. Professional occupations,233,160,73
E01003654,3. Associate professional and technical occupations,114,47,67
E01003654,4. Administrative and secretarial occupations,92,110,-18
E01003654,5. Skilled trades occupations,77,60,17
E01003654,"6. Caring, leisure and other service occupations",61,54,7
E01003654,7. Sales and customer service occupations,56,62,-6
E01003654,"8. Process, plant and machine operatives",50,43,7
E01003654,9. Elementary occupations,68,60,8
E01003655,"1. Managers, directors and senior officials",168,103,65
E01003655,2. Professional occupations,266,195,71
E01003655,3. Associate professional and technical occupations,145,56,89
E01003655,4. Administrative and secretarial occupations,88,110,-22
E01003655,5. Skilled trades occupations,70,65,5
E01003655,"6. Caring, leisure and other service occupations",48,48,0
E01003655,7. Sales and customer service occupations,46,42,4
E01003655,"8. Process, plant and machine operatives",25,42,-17
E01003655,9. Elementary occupations,47,52,-5
E01003656,"1. Managers, directors and senior officials",88,51,37
E01003656,2. Professional occupations,144,114,30
E01003656,3. Associate professional and technical occupations,120,51,69
E01003656,4. Administrative and secretarial occupations,82,113,-31
E01003656,5. Skilled trades occupations,96,75,21
E01003656,"6. Caring, leisure and other service occupations",57,73,-16
E01003656,7. Sales and customer service occupations,50,50,0
E01003656,"8. Process, plant and machine operatives",49,43,6
E01003656,9. Elementary occupations,64,56,8
E01003657,"1. Managers, directors and senior officials",156,124,32
E01003657,2. Professional occupations,251,191,60
E01003657,3. Associate professional and technical occupations,141,67,74
E01003657,4. Administrative and secretarial occupations,138,168,-30
E01003657,5. Skilled trades occupations,122,111,11
E01003657,"6. Caring, leisure and other service occupations",92,93,-1
E01003657,7. Sales and customer service occupations,57,60,-3
E01003657,"8. Process, plant and machine operatives",73,58,15
E01003657,9. Elementary occupations,92,83,9
E01003658,"1. Managers, directors and senior officials",87,50,37
E01003658,2. Professional occupations,165,131,34
E01003658,3. Associate professional and technical occupations,110,38,72
E01003658,4. Administrative and secretarial occupations,84,108,-24
E01003658,5. Skilled trades occupations,99,85,14
E01003658,"6. Caring, leisure and other service occupations",66,65,1
E01003658,7. Sales and customer service occupations,60,55,5
E01003658,"8. Process, plant and machine operatives",53,53,0
E01003658,9. Elementary occupations,78,81,-3
E01003659,"1. Managers, directors and senior officials",129,92,37
E01003659,2. Professional occupations,212,153,59
E01003659,3. Associate professional and technical occupations,150,57,93
E01003659,4. Administrative and secretarial occupations,119,136,-17
E01003659,5. Skilled trades occupations,113,96,17
E01003659,"6. Caring, leisure and other service occupations",64,71,-7
E01003659,7. Sales and customer service occupations,45,51,-6
E01003659,"8. Process, plant and machine operatives",48,67,-19
E01003659,9. Elementary occupations,67,53,14
E01003660,"1. Managers, directors and senior officials",136,93,43
E01003660,2. Professional occupations,236,194,42
E01003660,3. Associate professional and technical occupations,153,59,94
E01003660,4. Administrative and secretarial occupations,118,146,-28
E01003660,5. Skilled trades occupations,92,97,-5
E01003660,"6. Caring, leisure and other service occupations",53,76,-23
E01003660,7. Sales and customer service occupations,46,58,-12
E01003660,"8. Process, plant and machine operatives",44,58,-14
E01003660,9. Elementary occupations,50,66,-16
E01003661,"1. Managers, directors and senior officials",110,86,24
E01003661,2. Professional occupations,214,158,56
E01003661,3. Associate professional and technical occupations,110,60,50
E01003661,4. Administrative and secretarial occupations,117,132,-15
E01003661,5. Skilled trades occupations,111,74,37
E01003661,"6. Caring, leisure and other service occupations",78,83,-5
E01003661,7. Sales and customer service occupations,63,75,-12
E01003661,"8. Process, plant and machine operatives",67,52,15
E01003661,9. Elementary occupations,113,83,30
E01003662,"1. Managers, directors and senior officials",87,78,9
E01003662,2. Professional occupations,201,133,68
E01003662,3. Associate professional and technical occupations,122,69,53
E01003662,4. Administrative and secretarial occupations,121,145,-24
E01003662,5. Skilled trades occupations,111,69,42
E01003662,"6. Caring, leisure and other service occupations",82,66,16
E01003662,7. Sales and customer service occupations,76,86,-10
E01003662,"8. Process, plant and machine operatives",75,55,20
E01003662,9. Elementary occupations,121,86,35
E01003663,"1. Managers, directors and senior officials",79,58,21
E01003663,2. Professional occupations,193,122,71
E01003663,3. Associate professional and technical occupations,99,47,52
E01003663,4. Administrative and secretarial occupations,104,121,-17
E01003663,5. Skilled trades occupations,69,68,1
E01003663,"6. Caring, leisure and other service occupations",74,73,1
E01003663,7. Sales and customer service occupations,49,56,-7
E01003663,"8. Process, plant and machine operatives",55,45,10
E01003663,9. Elementary occupations,65,58,7
E01003664,"1. Managers, directors and senior officials",85,70,15
E01003664,2. Professional occupations,206,152,54
E01003664,3. Associate professional and technical occupations,109,60,49
E01003664,4. Administrative and secretarial occupations,106,116,-10
E01003664,5. Skilled trades occupations,60,55,5
E01003664,"6. Caring, leisure and other service occupations",59,74,-15
E01003664,7. Sales and customer service occupations,66,91,-25
E01003664,"8. Process, plant and machine operatives",85,58,27
E01003664,9. Elementary occupations,65,68,-3
E01003665,"1. Managers, directors and senior officials",85,68,17
E01003665,2. Professional occupations,199,147,52
E01003665,3. Associate professional and technical occupations,119,38,81
E01003665,4. Administrative and secretarial occupations,78,121,-43
E01003665,5. Skilled trades occupations,75,70,5
E01003665,"6. Caring, leisure and other service occupations",59,70,-11
E01003665,7. Sales and customer service occupations,59,59,0
E01003665,"8. Process, plant and machine operatives",44,49,-5
E01003665,9. Elementary occupations,72,58,14
E01003666,"1. Managers, directors and senior officials",109,101,8
E01003666,2. Professional occupations,253,216,37
E01003666,3. Associate professional and technical occupations,154,86,68
E01003666,4. Administrative and secretarial occupations,145,165,-20
E01003666,5. Skilled trades occupations,125,78,47
E01003666,"6. Caring, leisure and other service occupations",112,73,39
E01003666,7. Sales and customer service occupations,97,94,3
E01003666,"8. Process, plant and machine operatives",84,59,25
E01003666,9. Elementary occupations,170,97,73
E01003668,"1. Managers, directors and senior officials",181,134,47
E01003668,2. Professional occupations,312,266,46
E01003668,3. Associate professional and technical occupations,144,72,72
E01003668,4. Administrative and secretarial occupations,103,121,-18
E01003668,5. Skilled trades occupations,95,49,46
E01003668,"6. Caring, leisure and other service occupations",34,43,-9
E01003668,7. Sales and customer service occupations,31,41,-10
E01003668,"8. Process, plant and machine operatives",24,27,-3
E01003668,9. Elementary occupations,56,31,25
E01003669,"1. Managers, directors and senior officials",143,113,30
E01003669,2. Professional occupations,261,263,-2
E01003669,3. Associate professional and technical occupations,155,72,83
E01003669,4. Administrative and secretarial occupations,85,110,-25
E01003669,5. Skilled trades occupations,44,53,-9
E01003669,"6. Caring, leisure and other service occupations",45,64,-19
E01003669,7. Sales and customer service occupations,28,34,-6
E01003669,"8. Process, plant and machine operatives",29,22,7
E01003669,9. Elementary occupations,47,30,17
E01003670,"1. Managers, directors and senior officials",119,98,21
E01003670,2. Professional occupations,223,193,30
E01003670,3. Associate professional and technical occupations,106,53,53
E01003670,4. Administrative and secretarial occupations,83,98,-15
E01003670,5. Skilled trades occupations,40,51,-11
E01003670,"6. Caring, leisure and other service occupations",53,52,1
E01003670,7. Sales and customer service occupations,26,44,-18
E01003670,"8. Process, plant and machine operatives",35,33,2
E01003670,9. Elementary occupations,37,40,-3
E01003671,"1. Managers, directors and senior officials",158,115,43
E01003671,2. Professional occupations,275,199,76
E01003671,3. Associate professional and technical occupations,122,56,66
E01003671,4. Administrative and secretarial occupations,90,125,-35
E01003671,5. Skilled trades occupations,42,59,-17
E01003671,"6. Caring, leisure and other service occupations",33,60,-27
E01003671,7. Sales and customer service occupations,21,46,-25
E01003671,"8. Process, plant and machine operatives",35,39,-4
E01003671,9. Elementary occupations,26,36,-10
E01003672,"1. Managers, directors and senior officials",130,81,49
E01003672,2. Professional occupations,248,200,48
E01003672,3. Associate professional and technical occupations,149,52,97
E01003672,4. Administrative and secretarial occupations,77,105,-28
E01003672,5. Skilled trades occupations,76,39,37
E01003672,"6. Caring, leisure and other service occupations",41,48,-7
E01003672,7. Sales and customer service occupations,49,29,20
E01003672,"8. Process, plant and machine operatives",24,25,-1
E01003672,9. Elementary occupations,58,40,18
E01003673,"1. Managers, directors and senior officials",167,136,31
E01003673,2. Professional occupations,388,357,31
E01003673,3. Associate professional and technical occupations,165,99,66
E01003673,4. Administrative and secretarial occupations,89,140,-51
E01003673,5. Skilled trades occupations,74,60,14
E01003673,"6. Caring, leisure and other service occupations",54,47,7
E01003673,7. Sales and customer service occupations,45,51,-6
E01003673,"8. Process, plant and machine operatives",28,26,2
E01003673,9. Elementary occupations,58,32,26
E01003674,"1. Managers, directors and senior officials",207,165,42
E01003674,2. Professional occupations,464,394,70
E01003674,3. Associate professional and technical occupations,211,86,125
E01003674,4. Administrative and secretarial occupations,115,165,-50
E01003674,5. Skilled trades occupations,109,87,22
E01003674,"6. Caring, leisure and other service occupations",61,68,-7
E01003674,7. Sales and customer service occupations,56,56,0
E01003674,"8. Process, plant and machine operatives",46,46,0
E01003674,9. Elementary occupations,89,53,36
E01003675,"1. Managers, directors and senior officials",101,87,14
E01003675,2. Professional occupations,203,184,19
E01003675,3. Associate professional and technical occupations,94,32,62
E01003675,4. Administrative and secretarial occupations,84,103,-19
E01003675,5. Skilled trades occupations,53,39,14
E01003675,"6. Caring, leisure and other service occupations",35,51,-16
E01003675,7. Sales and customer service occupations,90,80,10
E01003675,"8. Process, plant and machine operatives",52,36,16
E01003675,9. Elementary occupations,79,49,30
E01003676,"1. Managers, directors and senior officials",125,95,30
E01003676,2. Professional occupations,224,193,31
E01003676,3. Associate professional and technical occupations,103,38,65
E01003676,4. Administrative and secretarial occupations,113,115,-2
E01003676,5. Skilled trades occupations,61,44,17
E01003676,"6. Caring, leisure and other service occupations",60,41,19
E01003676,7. Sales and customer service occupations,90,64,26
E01003676,"8. Process, plant and machine operatives",59,42,17
E01003676,9. Elementary occupations,90,43,47
E01003677,"1. Managers, directors and senior officials",140,80,60
E01003677,2. Professional occupations,244,151,93
E01003677,3. Associate professional and technical occupations,100,41,59
E01003677,4. Administrative and secretarial occupations,79,105,-26
E01003677,5. Skilled trades occupations,58,46,12
E01003677,"6. Caring, leisure and other service occupations",59,34,25
E01003677,7. Sales and customer service occupations,55,57,-2
E01003677,"8. Process, plant and machine operatives",37,43,-6
E01003677,9. Elementary occupations,64,36,28
E01003678,"1. Managers, directors and senior officials",115,92,23
E01003678,2. Professional occupations,215,195,20
E01003678,3. Associate professional and technical occupations,87,41,46
E01003678,4. Administrative and secretarial occupations,103,107,-4
E01003678,5. Skilled trades occupations,46,44,2
E01003678,"6. Caring, leisure and other service occupations",45,44,1
E01003678,7. Sales and customer service occupations,72,61,11
E01003678,"8. Process, plant and machine operatives",49,43,6
E01003678,9. Elementary occupations,47,40,7
E01003679,"1. Managers, directors and senior officials",158,91,67
E01003679,2. Professional occupations,234,205,29
E01003679,3. Associate professional and technical occupations,95,41,54
E01003679,4. Administrative and secretarial occupations,104,123,-19
E01003679,5. Skilled trades occupations,34,33,1
E01003679,"6. Caring, leisure and other service occupations",48,54,-6
E01003679,7. Sales and customer service occupations,65,71,-6
E01003679,"8. Process, plant and machine operatives",49,45,4
E01003679,9. Elementary occupations,38,37,1
E01003680,"1. Managers, directors and senior officials",133,110,23
E01003680,2. Professional occupations,186,149,37
E01003680,3. Associate professional and technical occupations,109,44,65
E01003680,4. Administrative and secretarial occupations,88,127,-39
E01003680,5. Skilled trades occupations,49,45,4
E01003680,"6. Caring, leisure and other service occupations",52,60,-8
E01003680,7. Sales and customer service occupations,78,84,-6
E01003680,"8. Process, plant and machine operatives",47,41,6
E01003680,9. Elementary occupations,50,37,13
E01003681,"1. Managers, directors and senior officials",135,79,56
E01003681,2. Professional occupations,212,181,31
E01003681,3. Associate professional and technical occupations,107,39,68
E01003681,4. Administrative and secretarial occupations,115,111,4
E01003681,5. Skilled trades occupations,76,48,28
E01003681,"6. Caring, leisure and other service occupations",59,60,-1
E01003681,7. Sales and customer service occupations,77,69,8
E01003681,"8. Process, plant and machine operatives",42,47,-5
E01003681,9. Elementary occupations,82,67,15
E01003682,"1. Managers, directors and senior officials",125,104,21
E01003682,2. Professional occupations,233,176,57
E01003682,3. Associate professional and technical occupations,108,50,58
E01003682,4. Administrative and secretarial occupations,104,122,-18
E01003682,5. Skilled trades occupations,62,50,12
E01003682,"6. Caring, leisure and other service occupations",46,34,12
E01003682,7. Sales and customer service occupations,71,79,-8
E01003682,"8. Process, plant and machine operatives",55,48,7
E01003682,9. Elementary occupations,49,52,-3
E01003683,"1. Managers, directors and senior officials",78,66,12
E01003683,2. Professional occupations,125,109,16
E01003683,3. Associate professional and technical occupations,81,30,51
E01003683,4. Administrative and secretarial occupations,75,91,-16
E01003683,5. Skilled trades occupations,89,65,24
E01003683,"6. Caring, leisure and other service occupations",70,52,18
E01003683,7. Sales and customer service occupations,104,91,13
E01003683,"8. Process, plant and machine operatives",131,71,60
E01003683,9. Elementary occupations,154,115,39
E01003684,"1. Managers, directors and senior officials",81,53,28
E01003684,2. Professional occupations,124,120,4
E01003684,3. Associate professional and technical occupations,70,27,43
E01003684,4. Administrative and secretarial occupations,69,75,-6
E01003684,5. Skilled trades occupations,70,58,12
E01003684,"6. Caring, leisure and other service occupations",53,42,11
E01003684,7. Sales and customer service occupations,90,84,6
E01003684,"8. Process, plant and machine operatives",81,61,20
E01003684,9. Elementary occupations,118,82,36
E01003685,"1. Managers, directors and senior officials",78,60,18
E01003685,2. Professional occupations,104,104,0
E01003685,3. Associate professional and technical occupations,75,17,58
E01003685,4. Administrative and secretarial occupations,82,74,8
E01003685,5. Skilled trades occupations,110,71,39
E01003685,"6. Caring, leisure and other service occupations",65,53,12
E01003685,7. Sales and customer service occupations,101,126,-25
E01003685,"8. Process, plant and machine operatives",78,55,23
E01003685,9. Elementary occupations,118,101,17
E01003686,"1. Managers, directors and senior officials",118,62,56
E01003686,2. Professional occupations,118,123,-5
E01003686,3. Associate professional and technical occupations,76,35,41
E01003686,4. Administrative and secretarial occupations,72,97,-25
E01003686,5. Skilled trades occupations,81,67,14
E01003686,"6. Caring, leisure and other service occupations",61,45,16
E01003686,7. Sales and customer service occupations,79,96,-17
E01003686,"8. Process, plant and machine operatives",80,67,13
E01003686,9. Elementary occupations,91,102,-11
E01003688,"1. Managers, directors and senior officials",66,69,-3
E01003688,2. Professional occupations,123,107,16
E01003688,3. Associate professional and technical occupations,86,33,53
E01003688,4. Administrative and secretarial occupations,67,66,1
E01003688,5. Skilled trades occupations,70,50,20
E01003688,"6. Caring, leisure and other service occupations",49,54,-5
E01003688,7. Sales and customer service occupations,68,107,-39
E01003688,"8. Process, plant and machine operatives",56,53,3
E01003688,9. Elementary occupations,82,91,-9
E01003689,"1. Managers, directors and senior officials",101,49,52
E01003689,2. Professional occupations,265,90,175
E01003689,3. Associate professional and technical occupations,86,20,66
E01003689,4. Administrative and secretarial occupations,67,78,-11
E01003689,5. Skilled trades occupations,68,46,22
E01003689,"6. Caring, leisure and other service occupations",60,40,20
E01003689,7. Sales and customer service occupations,70,68,2
E01003689,"8. Process, plant and machine operatives",73,46,27
E01003689,9. Elementary occupations,133,68,65
E01003690,"1. Managers, directors and senior officials",149,99,50
E01003690,2. Professional occupations,297,191,106
E01003690,3. Associate professional and technical occupations,122,46,76
E01003690,4. Administrative and secretarial occupations,96,94,2
E01003690,5. Skilled trades occupations,86,42,44
E01003690,"6. Caring, leisure and other service occupations",56,54,2
E01003690,7. Sales and customer service occupations,64,67,-3
E01003690,"8. Process, plant and machine operatives",56,30,26
E01003690,9. Elementary occupations,100,60,40
E01003691,"1. Managers, directors and senior officials",77,69,8
E01003691,2. Professional occupations,178,123,55
E01003691,3. Associate professional and technical occupations,94,35,59
E01003691,4. Administrative and secretarial occupations,73,70,3
E01003691,5. Skilled trades occupations,42,35,7
E01003691,"6. Caring, leisure and other service occupations",75,49,26
E01003691,7. Sales and customer service occupations,66,60,6
E01003691,"8. Process, plant and machine operatives",51,46,5
E01003691,9. Elementary occupations,59,47,12
E01003692,"1. Managers, directors and senior officials",116,62,54
E01003692,2. Professional occupations,193,158,35
E01003692,3. Associate professional and technical occupations,85,35,50
E01003692,4. Administrative and secretarial occupations,75,96,-21
E01003692,5. Skilled trades occupations,59,62,-3
E01003692,"6. Caring, leisure and other service occupations",67,46,21
E01003692,7. Sales and customer service occupations,51,62,-11
E01003692,"8. Process, plant and machine operatives",48,41,7
E01003692,9. Elementary occupations,68,53,15
E01003693,"1. Managers, directors and senior officials",122,95,27
E01003693,2. Professional occupations,198,170,28
E01003693,3. Associate professional and technical occupations,96,33,63
E01003693,4. Administrative and secretarial occupations,81,87,-6
E01003693,5. Skilled trades occupations,60,40,20
E01003693,"6. Caring, leisure and other service occupations",39,39,0
E01003693,7. Sales and customer service occupations,53,68,-15
E01003693,"8. Process, plant and machine operatives",53,40,13
E01003693,9. Elementary occupations,59,45,14
E01003694,"1. Managers, directors and senior officials",87,88,-1
E01003694,2. Professional occupations,172,159,13
E01003694,3. Associate professional and technical occupations,69,38,31
E01003694,4. Administrative and secretarial occupations,64,76,-12
E01003694,5. Skilled trades occupations,32,45,-13
E01003694,"6. Caring, leisure and other service occupations",36,40,-4
E01003694,7. Sales and customer service occupations,54,52,2
E01003694,"8. Process, plant and machine operatives",50,40,10
E01003694,9. Elementary occupations,68,39,29
E01003695,"1. Managers, directors and senior officials",93,100,-7
E01003695,2. Professional occupations,131,133,-2
E01003695,3. Associate professional and technical occupations,62,38,24
E01003695,4. Administrative and secretarial occupations,60,83,-23
E01003695,5. Skilled trades occupations,66,55,11
E01003695,"6. Caring, leisure and other service occupations",49,47,2
E01003695,7. Sales and customer service occupations,45,52,-7
E01003695,"8. Process, plant and machine operatives",61,26,35
E01003695,9. Elementary occupations,86,67,19
E01003696,"1. Managers, directors and senior officials",96,100,-4
E01003696,2. Professional occupations,189,178,11
E01003696,3. Associate professional and technical occupations,92,43,49
E01003696,4. Administrative and secretarial occupations,77,127,-50
E01003696,5. Skilled trades occupations,92,78,14
E01003696,"6. Caring, leisure and other service occupations",53,50,3
E01003696,7. Sales and customer service occupations,75,53,22
E01003696,"8. Process, plant and machine operatives",70,31,39
E01003696,9. Elementary occupations,112,99,13
E01003697,"1. Managers, directors and senior officials",127,101,26
E01003697,2. Professional occupations,198,179,19
E01003697,3. Associate professional and technical occupations,110,44,66
E01003697,4. Administrative and secretarial occupations,97,104,-7
E01003697,5. Skilled trades occupations,69,45,24
E01003697,"6. Caring, leisure and other service occupations",46,47,-1
E01003697,7. Sales and customer service occupations,61,78,-17
E01003697,"8. Process, plant and machine operatives",44,40,4
E01003697,9. Elementary occupations,67,61,6
E01003698,"1. Managers, directors and senior officials",96,76,20
E01003698,2. Professional occupations,173,113,60
E01003698,3. Associate professional and technical occupations,106,45,61
E01003698,4. Administrative and secretarial occupations,93,124,-31
E01003698,5. Skilled trades occupations,68,66,2
E01003698,"6. Caring, leisure and other service occupations",66,60,6
E01003698,7. Sales and customer service occupations,64,51,13
E01003698,"8. Process, plant and machine operatives",41,37,4
E01003698,9. Elementary occupations,66,67,-1
E01003699,"1. Managers, directors and senior officials",116,91,25
E01003699,2. Professional occupations,180,129,51
E01003699,3. Associate professional and technical occupations,102,52,50
E01003699,4. Administrative and secretarial occupations,62,114,-52
E01003699,5. Skilled trades occupations,109,82,27
E01003699,"6. Caring, leisure and other service occupations",59,53,6
E01003699,7. Sales and customer service occupations,59,48,11
E01003699,"8. Process, plant and machine operatives",48,46,2
E01003699,9. Elementary occupations,74,66,8
E01003700,"1. Managers, directors and senior officials",156,131,25
E01003700,2. Professional occupations,233,168,65
E01003700,3. Associate professional and technical occupations,124,71,53
E01003700,4. Administrative and secretarial occupations,141,171,-30
E01003700,5. Skilled trades occupations,157,93,64
E01003700,"6. Caring, leisure and other service occupations",81,102,-21
E01003700,7. Sales and customer service occupations,112,89,23
E01003700,"8. Process, plant and machine operatives",89,60,29
E01003700,9. Elementary occupations,111,71,40
E01003701,"1. Managers, directors and senior officials",105,85,20
E01003701,2. Professional occupations,202,139,63
E01003701,3. Associate professional and technical occupations,120,52,68
E01003701,4. Administrative and secretarial occupations,99,137,-38
E01003701,5. Skilled trades occupations,123,61,62
E01003701,"6. Caring, leisure and other service occupations",76,65,11
E01003701,7. Sales and customer service occupations,84,72,12
E01003701,"8. Process, plant and machine operatives",56,45,11
E01003701,9. Elementary occupations,106,86,20
E01003702,"1. Managers, directors and senior officials",157,81,76
E01003702,2. Professional occupations,264,124,140
E01003702,3. Associate professional and technical occupations,134,57,77
E01003702,4. Administrative and secretarial occupations,130,148,-18
E01003702,5. Skilled trades occupations,153,90,63
E01003702,"6. Caring, leisure and other service occupations",89,60,29
E01003702,7. Sales and customer service occupations,76,49,27
E01003702,"8. Process, plant and machine operatives",67,78,-11
E01003702,9. Elementary occupations,148,78,70
E01003703,"1. Managers, directors and senior officials",256,192,64
E01003703,2. Professional occupations,276,233,43
E01003703,3. Associate professional and technical occupations,165,78,87
E01003703,4. Administrative and secretarial occupations,129,181,-52
E01003703,5. Skilled trades occupations,100,94,6
E01003703,"6. Caring, leisure and other service occupations",93,77,16
E01003703,7. Sales and customer service occupations,67,67,0
E01003703,"8. Process, plant and machine operatives",52,67,-15
E01003703,9. Elementary occupations,71,78,-7
E01003704,"1. Managers, directors and senior officials",84,73,11
E01003704,2. Professional occupations,169,98,71
E01003704,3. Associate professional and technical occupations,61,40,21
E01003704,4. Administrative and secretarial occupations,72,116,-44
E01003704,5. Skilled trades occupations,162,94,68
E01003704,"6. Caring, leisure and other service occupations",93,70,23
E01003704,7. Sales and customer service occupations,65,60,5
E01003704,"8. Process, plant and machine operatives",87,63,24
E01003704,9. Elementary occupations,114,72,42
E01003705,"1. Managers, directors and senior officials",179,100,79
E01003705,2. Professional occupations,256,190,66
E01003705,3. Associate professional and technical occupations,136,74,62
E01003705,4. Administrative and secretarial occupations,127,148,-21
E01003705,5. Skilled trades occupations,122,82,40
E01003705,"6. Caring, leisure and other service occupations",78,108,-30
E01003705,7. Sales and customer service occupations,92,82,10
E01003705,"8. Process, plant and machine operatives",88,75,13
E01003705,9. Elementary occupations,124,82,42
E01003706,"1. Managers, directors and senior officials",76,67,9
E01003706,2. Professional occupations,154,120,34
E01003706,3. Associate professional and technical occupations,91,47,44
E01003706,4. Administrative and secretarial occupations,79,94,-15
E01003706,5. Skilled trades occupations,87,71,16
E01003706,"6. Caring, leisure and other service occupations",61,65,-4
E01003706,7. Sales and customer service occupations,73,48,25
E01003706,"8. Process, plant and machine operatives",58,49,9
E01003706,9. Elementary occupations,83,51,32
E01003707,"1. Managers, directors and senior officials",78,58,20
E01003707,2. Professional occupations,167,95,72
E01003707,3. Associate professional and technical occupations,84,42,42
E01003707,4. Administrative and secretarial occupations,92,113,-21
E01003707,5. Skilled trades occupations,60,55,5
E01003707,"6. Caring, leisure and other service occupations",48,39,9
E01003707,7. Sales and customer service occupations,63,73,-10
E01003707,"8. Process, plant and machine operatives",57,43,14
E01003707,9. Elementary occupations,46,32,14
E01003708,"1. Managers, directors and senior officials",118,45,73
E01003708,2. Professional occupations,183,86,97
E01003708,3. Associate professional and technical occupations,101,31,70
E01003708,4. Administrative and secretarial occupations,100,88,12
E01003708,5. Skilled trades occupations,71,41,30
E01003708,"6. Caring, leisure and other service occupations",69,50,19
E01003708,7. Sales and customer service occupations,72,49,23
E01003708,"8. Process, plant and machine operatives",49,48,1
E01003708,9. Elementary occupations,129,64,65
E01003709,"1. Managers, directors and senior officials",121,76,45
E01003709,2. Professional occupations,197,129,68
E01003709,3. Associate professional and technical occupations,82,47,35
E01003709,4. Administrative and secretarial occupations,92,111,-19
E01003709,5. Skilled trades occupations,65,65,0
E01003709,"6. Caring, leisure and other service occupations",51,57,-6
E01003709,7. Sales and customer service occupations,77,68,9
E01003709,"8. Process, plant and machine operatives",56,55,1
E01003709,9. Elementary occupations,57,51,6
E01003710,"1. Managers, directors and senior officials",90,115,-25
E01003710,2. Professional occupations,160,111,49
E01003710,3. Associate professional and technical occupations,78,44,34
E01003710,4. Administrative and secretarial occupations,110,107,3
E01003710,5. Skilled trades occupations,40,50,-10
E01003710,"6. Caring, leisure and other service occupations",30,56,-26
E01003710,7. Sales and customer service occupations,69,70,-1
E01003710,"8. Process, plant and machine operatives",40,43,-3
E01003710,9. Elementary occupations,53,53,0
E01003711,"1. Managers, directors and senior officials",92,84,8
E01003711,2. Professional occupations,211,157,54
E01003711,3. Associate professional and technical occupations,110,51,59
E01003711,4. Administrative and secretarial occupations,95,109,-14
E01003711,5. Skilled trades occupations,65,80,-15
E01003711,"6. Caring, leisure and other service occupations",72,83,-11
E01003711,7. Sales and customer service occupations,49,73,-24
E01003711,"8. Process, plant and machine operatives",68,66,2
E01003711,9. Elementary occupations,81,53,28
E01003712,"1. Managers, directors and senior officials",62,50,12
E01003712,2. Professional occupations,97,69,28
E01003712,3. Associate professional and technical occupations,65,30,35
E01003712,4. Administrative and secretarial occupations,57,86,-29
E01003712,5. Skilled trades occupations,46,49,-3
E01003712,"6. Caring, leisure and other service occupations",66,50,16
E01003712,7. Sales and customer service occupations,54,42,12
E01003712,"8. Process, plant and machine operatives",44,45,-1
E01003712,9. Elementary occupations,71,54,17
E01003713,"1. Managers, directors and senior officials",91,72,19
E01003713,2. Professional occupations,148,123,25
E01003713,3. Associate professional and technical occupations,85,32,53
E01003713,4. Administrative and secretarial occupations,85,105,-20
E01003713,5. Skilled trades occupations,75,55,20
E01003713,"6. Caring, leisure and other service occupations",63,64,-1
E01003713,7. Sales and customer service occupations,67,69,-2
E01003713,"8. Process, plant and machine operatives",69,51,18
E01003713,9. Elementary occupations,100,79,21
E01003714,"1. Managers, directors and senior officials",104,92,12
E01003714,2. Professional occupations,153,110,43
E01003714,3. Associate professional and technical occupations,92,36,56
E01003714,4. Administrative and secretarial occupations,126,127,-1
E01003714,5. Skilled trades occupations,160,91,69
E01003714,"6. Caring, leisure and other service occupations",66,77,-11
E01003714,7. Sales and customer service occupations,108,111,-3
E01003714,"8. Process, plant and machine operatives",101,77,24
E01003714,9. Elementary occupations,187,104,83
E01003715,"1. Managers, directors and senior officials",114,65,49
E01003715,2. Professional occupations,165,144,21
E01003715,3. Associate professional and technical occupations,127,35,92
E01003715,4. Administrative and secretarial occupations,93,97,-4
E01003715,5. Skilled trades occupations,81,68,13
E01003715,"6. Caring, leisure and other service occupations",72,56,16
E01003715,7. Sales and customer service occupations,95,100,-5
E01003715,"8. Process, plant and machine operatives",114,59,55
E01003715,9. Elementary occupations,121,109,12
E01003716,"1. Managers, directors and senior officials",122,71,51
E01003716,2. Professional occupations,181,159,22
E01003716,3. Associate professional and technical occupations,108,48,60
E01003716,4. Administrative and secretarial occupations,64,93,-29
E01003716,5. Skilled trades occupations,57,52,5
E01003716,"6. Caring, leisure and other service occupations",60,50,10
E01003716,7. Sales and customer service occupations,62,68,-6
E01003716,"8. Process, plant and machine operatives",62,68,-6
E01003716,9. Elementary occupations,93,80,13
E01003718,"1. Managers, directors and senior officials",89,62,27
E01003718,2. Professional occupations,201,213,-12
E01003718,3. Associate professional and technical occupations,97,39,58
E01003718,4. Administrative and secretarial occupations,94,90,4
E01003718,5. Skilled trades occupations,72,74,-2
E01003718,"6. Caring, leisure and other service occupations",75,55,20
E01003718,7. Sales and customer service occupations,68,65,3
E01003718,"8. Process, plant and machine operatives",77,53,24
E01003718,9. Elementary occupations,118,98,20
E01003719,"1. Managers, directors and senior officials",115,63,52
E01003719,2. Professional occupations,225,189,36
E01003719,3. Associate professional and technical occupations,103,53,50
E01003719,4. Administrative and secretarial occupations,92,116,-24
E01003719,5. Skilled trades occupations,79,72,7
E01003719,"6. Caring, leisure and other service occupations",67,68,-1
E01003719,7. Sales and customer service occupations,87,89,-2
E01003719,"8. Process, plant and machine operatives",89,61,28
E01003719,9. Elementary occupations,113,71,42
E01003720,"1. Managers, directors and senior officials",74,52,22
E01003720,2. Professional occupations,125,86,39
E01003720,3. Associate professional and technical occupations,70,46,24
E01003720,4. Administrative and secretarial occupations,86,110,-24
E01003720,5. Skilled trades occupations,145,88,57
E01003720,"6. Caring, leisure and other service occupations",100,80,20
E01003720,7. Sales and customer service occupations,66,53,13
E01003720,"8. Process, plant and machine operatives",75,63,12
E01003720,9. Elementary occupations,112,89,23
E01003721,"1. Managers, directors and senior officials",87,58,29
E01003721,2. Professional occupations,163,136,27
E01003721,3. Associate professional and technical occupations,88,45,43
E01003721,4. Administrative and secretarial occupations,79,109,-30
E01003721,5. Skilled trades occupations,133,67,66
E01003721,"6. Caring, leisure and other service occupations",72,61,11
E01003721,7. Sales and customer service occupations,74,49,25
E01003721,"8. Process, plant and machine operatives",69,40,29
E01003721,9. Elementary occupations,108,62,46
E01003722,"1. Managers, directors and senior officials",176,62,114
E01003722,2. Professional occupations,210,113,97
E01003722,3. Associate professional and technical occupations,113,53,60
E01003722,4. Administrative and secretarial occupations,126,89,37
E01003722,5. Skilled trades occupations,149,91,58
E01003722,"6. Caring, leisure and other service occupations",104,77,27
E01003722,7. Sales and customer service occupations,66,61,5
E01003722,"8. Process, plant and machine operatives",75,74,1
E01003722,9. Elementary occupations,106,91,15
E01003723,"1. Managers, directors and senior officials",98,50,48
E01003723,2. Professional occupations,153,98,55
E01003723,3. Associate professional and technical occupations,116,43,73
E01003723,4. Administrative and secretarial occupations,89,113,-24
E01003723,5. Skilled trades occupations,144,108,36
E01003723,"6. Caring, leisure and other service occupations",89,74,15
E01003723,7. Sales and customer service occupations,66,63,3
E01003723,"8. Process, plant and machine operatives",60,70,-10
E01003723,9. Elementary occupations,107,78,29
E01003724,"1. Managers, directors and senior officials",104,67,37
E01003724,2. Professional occupations,170,111,59
E01003724,3. Associate professional and technical occupations,95,37,58
E01003724,4. Administrative and secretarial occupations,79,97,-18
E01003724,5. Skilled trades occupations,101,68,33
E01003724,"6. Caring, leisure and other service occupations",56,58,-2
E01003724,7. Sales and customer service occupations,48,50,-2
E01003724,"8. Process, plant and machine operatives",34,46,-12
E01003724,9. Elementary occupations,68,48,20
E01003725,"1. Managers, directors and senior officials",92,68,24
E01003725,2. Professional occupations,163,87,76
E01003725,3. Associate professional and technical occupations,106,53,53
E01003725,4. Administrative and secretarial occupations,84,98,-14
E01003725,5. Skilled trades occupations,112,60,52
E01003725,"6. Caring, leisure and other service occupations",68,62,6
E01003725,7. Sales and customer service occupations,48,45,3
E01003725,"8. Process, plant and machine operatives",68,60,8
E01003725,9. Elementary occupations,74,78,-4
E01003726,"1. Managers, directors and senior officials",182,61,121
E01003726,2. Professional occupations,294,83,211
E01003726,3. Associate professional and technical occupations,183,37,146
E01003726,4. Administrative and secretarial occupations,153,85,68
E01003726,5. Skilled trades occupations,165,72,93
E01003726,"6. Caring, leisure and other service occupations",107,60,47
E01003726,7. Sales and customer service occupations,74,51,23
E01003726,"8. Process, plant and machine operatives",73,46,27
E01003726,9. Elementary occupations,107,82,25
E01003727,"1. Managers, directors and senior officials",86,60,26
E01003727,2. Professional occupations,127,69,58
E01003727,3. Associate professional and technical occupations,80,39,41
E01003727,4. Administrative and secretarial occupations,80,96,-16
E01003727,5. Skilled trades occupations,120,88,32
E01003727,"6. Caring, leisure and other service occupations",78,71,7
E01003727,7. Sales and customer service occupations,63,55,8
E01003727,"8. Process, plant and machine operatives",58,52,6
E01003727,9. Elementary occupations,119,72,47
E01003729,"1. Managers, directors and senior officials",64,46,18
E01003729,2. Professional occupations,109,84,25
E01003729,3. Associate professional and technical occupations,51,41,10
E01003729,4. Administrative and secretarial occupations,78,50,28
E01003729,5. Skilled trades occupations,74,47,27
E01003729,"6. Caring, leisure and other service occupations",52,42,10
E01003729,7. Sales and customer service occupations,89,112,-23
E01003729,"8. Process, plant and machine operatives",67,44,23
E01003729,9. Elementary occupations,103,92,11
E01003730,"1. Managers, directors and senior officials",73,48,25
E01003730,2. Professional occupations,108,68,40
E01003730,3. Associate professional and technical occupations,86,27,59
E01003730,4. Administrative and secretarial occupations,62,68,-6
E01003730,5. Skilled trades occupations,50,45,5
E01003730,"6. Caring, leisure and other service occupations",48,48,0
E01003730,7. Sales and customer service occupations,93,92,1
E01003730,"8. Process, plant and machine operatives",65,52,13
E01003730,9. Elementary occupations,133,78,55
E01003731,"1. Managers, directors and senior officials",55,41,14
E01003731,2. Professional occupations,89,67,22
E01003731,3. Associate professional and technical occupations,60,16,44
E01003731,4. Administrative and secretarial occupations,59,77,-18
E01003731,5. Skilled trades occupations,50,48,2
E01003731,"6. Caring, leisure and other service occupations",58,57,1
E01003731,7. Sales and customer service occupations,66,77,-11
E01003731,"8. Process, plant and machine operatives",64,47,17
E01003731,9. Elementary occupations,85,70,15
E01003732,"1. Managers, directors and senior officials",60,37,23
E01003732,2. Professional occupations,85,88,-3
E01003732,3. Associate professional and technical occupations,40,30,10
E01003732,4. Administrative and secretarial occupations,58,50,8
E01003732,5. Skilled trades occupations,65,39,26
E01003732,"6. Caring, leisure and other service occupations",69,50,19
E01003732,7. Sales and customer service occupations,80,66,14
E01003732,"8. Process, plant and machine operatives",69,27,42
E01003732,9. Elementary occupations,100,68,32
E01003733,"1. Managers, directors and senior officials",56,52,4
E01003733,2. Professional occupations,116,102,14
E01003733,3. Associate professional and technical occupations,77,37,40
E01003733,4. Administrative and secretarial occupations,66,82,-16
E01003733,5. Skilled trades occupations,88,51,37
E01003733,"6. Caring, leisure and other service occupations",48,39,9
E01003733,7. Sales and customer service occupations,84,115,-31
E01003733,"8. Process, plant and machine operatives",74,44,30
E01003733,9. Elementary occupations,117,110,7
E01003734,"1. Managers, directors and senior officials",56,60,-4
E01003734,2. Professional occupations,99,108,-9
E01003734,3. Associate professional and technical occupations,69,27,42
E01003734,4. Administrative and secretarial occupations,72,74,-2
E01003734,5. Skilled trades occupations,74,52,22
E01003734,"6. Caring, leisure and other service occupations",57,47,10
E01003734,7. Sales and customer service occupations,74,96,-22
E01003734,"8. Process, plant and machine operatives",83,51,32
E01003734,9. Elementary occupations,130,85,45
E01003735,"1. Managers, directors and senior officials",62,49,13
E01003735,2. Professional occupations,121,123,-2
E01003735,3. Associate professional and technical occupations,65,22,43
E01003735,4. Administrative and secretarial occupations,69,74,-5
E01003735,5. Skilled trades occupations,78,36,42
E01003735,"6. Caring, leisure and other service occupations",73,76,-3
E01003735,7. Sales and customer service occupations,88,89,-1
E01003735,"8. Process, plant and machine operatives",77,57,20
E01003735,9. Elementary occupations,109,82,27
E01003736,"1. Managers, directors and senior officials",70,59,11
E01003736,2. Professional occupations,122,123,-1
E01003736,3. Associate professional and technical occupations,57,27,30
E01003736,4. Administrative and secretarial occupations,55,57,-2
E01003736,5. Skilled trades occupations,118,36,82
E01003736,"6. Caring, leisure and other service occupations",75,52,23
E01003736,7. Sales and customer service occupations,85,90,-5
E01003736,"8. Process, plant and machine operatives",80,56,24
E01003736,9. Elementary occupations,134,95,39
E01003737,"1. Managers, directors and senior officials",276,136,140
E01003737,2. Professional occupations,236,162,74
E01003737,3. Associate professional and technical occupations,123,30,93
E01003737,4. Administrative and secretarial occupations,137,105,32
E01003737,5. Skilled trades occupations,56,61,-5
E01003737,"6. Caring, leisure and other service occupations",84,51,33
E01003737,7. Sales and customer service occupations,99,62,37
E01003737,"8. Process, plant and machine operatives",115,49,66
E01003737,9. Elementary occupations,133,53,80
E01003738,"1. Managers, directors and senior officials",118,79,39
E01003738,2. Professional occupations,220,133,87
E01003738,3. Associate professional and technical occupations,141,49,92
E01003738,4. Administrative and secretarial occupations,118,148,-30
E01003738,5. Skilled trades occupations,80,76,4
E01003738,"6. Caring, leisure and other service occupations",72,75,-3
E01003738,7. Sales and customer service occupations,105,136,-31
E01003738,"8. Process, plant and machine operatives",98,83,15
E01003738,9. Elementary occupations,109,67,42
E01003739,"1. Managers, directors and senior officials",125,115,10
E01003739,2. Professional occupations,213,169,44
E01003739,3. Associate professional and technical occupations,127,60,67
E01003739,4. Administrative and secretarial occupations,99,136,-37
E01003739,5. Skilled trades occupations,66,60,6
E01003739,"6. Caring, leisure and other service occupations",71,71,0
E01003739,7. Sales and customer service occupations,100,92,8
E01003739,"8. Process, plant and machine operatives",89,64,25
E01003739,9. Elementary occupations,117,90,27
E01003740,"1. Managers, directors and senior officials",133,102,31
E01003740,2. Professional occupations,190,174,16
E01003740,3. Associate professional and technical occupations,102,32,70
E01003740,4. Administrative and secretarial occupations,110,128,-18
E01003740,5. Skilled trades occupations,89,69,20
E01003740,"6. Caring, leisure and other service occupations",54,53,1
E01003740,7. Sales and customer service occupations,101,74,27
E01003740,"8. Process, plant and machine operatives",78,58,20
E01003740,9. Elementary occupations,105,83,22
E01003741,"1. Managers, directors and senior officials",103,78,25
E01003741,2. Professional occupations,184,118,66
E01003741,3. Associate professional and technical occupations,85,43,42
E01003741,4. Administrative and secretarial occupations,109,117,-8
E01003741,5. Skilled trades occupations,69,54,15
E01003741,"6. Caring, leisure and other service occupations",58,59,-1
E01003741,7. Sales and customer service occupations,73,89,-16
E01003741,"8. Process, plant and machine operatives",87,65,22
E01003741,9. Elementary occupations,75,44,31
E01003742,"1. Managers, directors and senior officials",91,90,1
E01003742,2. Professional occupations,174,130,44
E01003742,3. Associate professional and technical occupations,94,37,57
E01003742,4. Administrative and secretarial occupations,112,126,-14
E01003742,5. Skilled trades occupations,109,110,-1
E01003742,"6. Caring, leisure and other service occupations",80,53,27
E01003742,7. Sales and customer service occupations,90,86,4
E01003742,"8. Process, plant and machine operatives",107,82,25
E01003742,9. Elementary occupations,143,104,39
E01003743,"1. Managers, directors and senior officials",81,53,28
E01003743,2. Professional occupations,129,106,23
E01003743,3. Associate professional and technical occupations,71,32,39
E01003743,4. Administrative and secretarial occupations,81,95,-14
E01003743,5. Skilled trades occupations,81,50,31
E01003743,"6. Caring, leisure and other service occupations",61,49,12
E01003743,7. Sales and customer service occupations,79,84,-5
E01003743,"8. Process, plant and machine operatives",86,63,23
E01003743,9. Elementary occupations,112,89,23
E01003744,"1. Managers, directors and senior officials",149,111,38
E01003744,2. Professional occupations,183,172,11
E01003744,3. Associate professional and technical occupations,93,42,51
E01003744,4. Administrative and secretarial occupations,93,118,-25
E01003744,5. Skilled trades occupations,44,41,3
E01003744,"6. Caring, leisure and other service occupations",31,40,-9
E01003744,7. Sales and customer service occupations,27,32,-5
E01003744,"8. Process, plant and machine operatives",17,23,-6
E01003744,9. Elementary occupations,28,29,-1
E01003745,"1. Managers, directors and senior officials",157,144,13
E01003745,2. Professional occupations,205,194,11
E01003745,3. Associate professional and technical occupations,105,37,68
E01003745,4. Administrative and secretarial occupations,71,97,-26
E01003745,5. Skilled trades occupations,29,36,-7
E01003745,"6. Caring, leisure and other service occupations",37,35,2
E01003745,7. Sales and customer service occupations,24,37,-13
E01003745,"8. Process, plant and machine operatives",10,19,-9
E01003745,9. Elementary occupations,29,20,9
E01003746,"1. Managers, directors and senior officials",164,116,48
E01003746,2. Professional occupations,202,204,-2
E01003746,3. Associate professional and technical occupations,124,44,80
E01003746,4. Administrative and secretarial occupations,71,108,-37
E01003746,5. Skilled trades occupations,39,38,1
E01003746,"6. Caring, leisure and other service occupations",48,49,-1
E01003746,7. Sales and customer service occupations,33,29,4
E01003746,"8. Process, plant and machine operatives",18,28,-10
E01003746,9. Elementary occupations,31,19,12
E01003747,"1. Managers, directors and senior officials",137,111,26
E01003747,2. Professional occupations,205,168,37
E01003747,3. Associate professional and technical occupations,101,38,63
E01003747,4. Administrative and secretarial occupations,64,88,-24
E01003747,5. Skilled trades occupations,24,38,-14
E01003747,"6. Caring, leisure and other service occupations",18,27,-9
E01003747,7. Sales and customer service occupations,18,31,-13
E01003747,"8. Process, plant and machine operatives",7,13,-6
E01003747,9. Elementary occupations,14,21,-7
E01003748,"1. Managers, directors and senior officials",159,130,29
E01003748,2. Professional occupations,259,210,49
E01003748,3. Associate professional and technical occupations,114,30,84
E01003748,4. Administrative and secretarial occupations,62,100,-38
E01003748,5. Skilled trades occupations,41,32,9
E01003748,"6. Caring, leisure and other service occupations",40,36,4
E01003748,7. Sales and customer service occupations,21,25,-4
E01003748,"8. Process, plant and machine operatives",19,23,-4
E01003748,9. Elementary occupations,34,24,10
E01003749,"1. Managers, directors and senior officials",141,120,21
E01003749,2. Professional occupations,272,210,62
E01003749,3. Associate professional and technical occupations,109,74,35
E01003749,4. Administrative and secretarial occupations,77,114,-37
E01003749,5. Skilled trades occupations,68,66,2
E01003749,"6. Caring, leisure and other service occupations",56,47,9
E01003749,7. Sales and customer service occupations,26,40,-14
E01003749,"8. Process, plant and machine operatives",32,27,5
E01003749,9. Elementary occupations,77,58,19
E01003750,"1. Managers, directors and senior officials",149,120,29
E01003750,2. Professional occupations,265,227,38
E01003750,3. Associate professional and technical occupations,140,70,70
E01003750,4. Administrative and secretarial occupations,100,125,-25
E01003750,5. Skilled trades occupations,88,46,42
E01003750,"6. Caring, leisure and other service occupations",55,47,8
E01003750,7. Sales and customer service occupations,38,53,-15
E01003750,"8. Process, plant and machine operatives",44,33,11
E01003750,9. Elementary occupations,44,46,-2
E01003751,"1. Managers, directors and senior officials",102,78,24
E01003751,2. Professional occupations,211,165,46
E01003751,3. Associate professional and technical occupations,106,44,62
E01003751,4. Administrative and secretarial occupations,123,129,-6
E01003751,5. Skilled trades occupations,116,47,69
E01003751,"6. Caring, leisure and other service occupations",76,56,20
E01003751,7. Sales and customer service occupations,92,81,11
E01003751,"8. Process, plant and machine operatives",84,76,8
E01003751,9. Elementary occupations,145,73,72
E01003752,"1. Managers, directors and senior officials",170,129,41
E01003752,2. Professional occupations,386,325,61
E01003752,3. Associate professional and technical occupations,199,84,115
E01003752,4. Administrative and secretarial occupations,130,172,-42
E01003752,5. Skilled trades occupations,87,102,-15
E01003752,"6. Caring, leisure and other service occupations",71,84,-13
E01003752,7. Sales and customer service occupations,91,108,-17
E01003752,"8. Process, plant and machine operatives",62,66,-4
E01003752,9. Elementary occupations,89,73,16
E01003753,"1. Managers, directors and senior officials",100,91,9
E01003753,2. Professional occupations,208,183,25
E01003753,3. Associate professional and technical occupations,97,35,62
E01003753,4. Administrative and secretarial occupations,99,130,-31
E01003753,5. Skilled trades occupations,85,58,27
E01003753,"6. Caring, leisure and other service occupations",53,67,-14
E01003753,7. Sales and customer service occupations,90,102,-12
E01003753,"8. Process, plant and machine operatives",62,39,23
E01003753,9. Elementary occupations,105,81,24
E01003754,"1. Managers, directors and senior officials",90,94,-4
E01003754,2. Professional occupations,222,141,81
E01003754,3. Associate professional and technical occupations,77,26,51
E01003754,4. Administrative and secretarial occupations,75,97,-22
E01003754,5. Skilled trades occupations,79,44,35
E01003754,"6. Caring, leisure and other service occupations",51,50,1
E01003754,7. Sales and customer service occupations,78,75,3
E01003754,"8. Process, plant and machine operatives",42,42,0
E01003754,9. Elementary occupations,77,50,27
E01003755,"1. Managers, directors and senior officials",115,79,36
E01003755,2. Professional occupations,264,154,110
E01003755,3. Associate professional and technical occupations,100,32,68
E01003755,4. Administrative and secretarial occupations,133,137,-4
E01003755,5. Skilled trades occupations,71,53,18
E01003755,"6. Caring, leisure and other service occupations",65,57,8
E01003755,7. Sales and customer service occupations,107,123,-16
E01003755,"8. Process, plant and machine operatives",79,53,26
E01003755,9. Elementary occupations,126,67,59
E01003756,"1. Managers, directors and senior officials",110,92,18
E01003756,2. Professional occupations,260,157,103
E01003756,3. Associate professional and technical occupations,118,41,77
E01003756,4. Administrative and secretarial occupations,116,130,-14
E01003756,5. Skilled trades occupations,79,66,13
E01003756,"6. Caring, leisure and other service occupations",91,75,16
E01003756,7. Sales and customer service occupations,93,99,-6
E01003756,"8. Process, plant and machine operatives",76,62,14
E01003756,9. Elementary occupations,134,101,33
E01003757,"1. Managers, directors and senior officials",81,56,25
E01003757,2. Professional occupations,198,117,81
E01003757,3. Associate professional and technical occupations,85,31,54
E01003757,4. Administrative and secretarial occupations,91,72,19
E01003757,5. Skilled trades occupations,87,55,32
E01003757,"6. Caring, leisure and other service occupations",72,41,31
E01003757,7. Sales and customer service occupations,83,78,5
E01003757,"8. Process, plant and machine operatives",85,36,49
E01003757,9. Elementary occupations,129,104,25
E01003759,"1. Managers, directors and senior officials",139,89,50
E01003759,2. Professional occupations,268,211,57
E01003759,3. Associate professional and technical occupations,110,38,72
E01003759,4. Administrative and secretarial occupations,69,88,-19
E01003759,5. Skilled trades occupations,45,35,10
E01003759,"6. Caring, leisure and other service occupations",34,45,-11
E01003759,7. Sales and customer service occupations,30,36,-6
E01003759,"8. Process, plant and machine operatives",27,47,-20
E01003759,9. Elementary occupations,35,50,-15
E01003760,"1. Managers, directors and senior officials",139,82,57
E01003760,2. Professional occupations,230,183,47
E01003760,3. Associate professional and technical occupations,141,74,67
E01003760,4. Administrative and secretarial occupations,109,120,-11
E01003760,5. Skilled trades occupations,111,107,4
E01003760,"6. Caring, leisure and other service occupations",50,58,-8
E01003760,7. Sales and customer service occupations,60,59,1
E01003760,"8. Process, plant and machine operatives",51,66,-15
E01003760,9. Elementary occupations,102,78,24
E01003761,"1. Managers, directors and senior officials",63,43,20
E01003761,2. Professional occupations,101,77,24
E01003761,3. Associate professional and technical occupations,58,26,32
E01003761,4. Administrative and secretarial occupations,55,47,8
E01003761,5. Skilled trades occupations,76,61,15
E01003761,"6. Caring, leisure and other service occupations",84,86,-2
E01003761,7. Sales and customer service occupations,55,66,-11
E01003761,"8. Process, plant and machine operatives",63,64,-1
E01003761,9. Elementary occupations,128,118,10
E01003762,"1. Managers, directors and senior officials",164,104,60
E01003762,2. Professional occupations,263,233,30
E01003762,3. Associate professional and technical occupations,146,58,88
E01003762,4. Administrative and secretarial occupations,86,136,-50
E01003762,5. Skilled trades occupations,74,54,20
E01003762,"6. Caring, leisure and other service occupations",55,65,-10
E01003762,7. Sales and customer service occupations,35,50,-15
E01003762,"8. Process, plant and machine operatives",48,41,7
E01003762,9. Elementary occupations,47,55,-8
E01003763,"1. Managers, directors and senior officials",164,120,44
E01003763,2. Professional occupations,262,199,63
E01003763,3. Associate professional and technical occupations,128,51,77
E01003763,4. Administrative and secretarial occupations,99,134,-35
E01003763,5. Skilled trades occupations,85,84,1
E01003763,"6. Caring, leisure and other service occupations",68,81,-13
E01003763,7. Sales and customer service occupations,71,63,8
E01003763,"8. Process, plant and machine operatives",49,62,-13
E01003763,9. Elementary occupations,50,42,8
E01003764,"1. Managers, directors and senior officials",172,136,36
E01003764,2. Professional occupations,337,300,37
E01003764,3. Associate professional and technical occupations,188,72,116
E01003764,4. Administrative and secretarial occupations,103,142,-39
E01003764,5. Skilled trades occupations,88,89,-1
E01003764,"6. Caring, leisure and other service occupations",60,63,-3
E01003764,7. Sales and customer service occupations,60,38,22
E01003764,"8. Process, plant and machine operatives",48,40,8
E01003764,9. Elementary occupations,80,76,4
E01003765,"1. Managers, directors and senior officials",185,114,71
E01003765,2. Professional occupations,338,255,83
E01003765,3. Associate professional and technical occupations,157,70,87
E01003765,4. Administrative and secretarial occupations,96,123,-27
E01003765,5. Skilled trades occupations,87,73,14
E01003765,"6. Caring, leisure and other service occupations",59,48,11
E01003765,7. Sales and customer service occupations,50,44,6
E01003765,"8. Process, plant and machine operatives",39,39,0
E01003765,9. Elementary occupations,67,48,19
E01003766,"1. Managers, directors and senior officials",80,63,17
E01003766,2. Professional occupations,227,126,101
E01003766,3. Associate professional and technical occupations,77,43,34
E01003766,4. Administrative and secretarial occupations,86,106,-20
E01003766,5. Skilled trades occupations,100,68,32
E01003766,"6. Caring, leisure and other service occupations",69,53,16
E01003766,7. Sales and customer service occupations,89,74,15
E01003766,"8. Process, plant and machine operatives",84,61,23
E01003766,9. Elementary occupations,115,110,5
E01003767,"1. Managers, directors and senior officials",91,61,30
E01003767,2. Professional occupations,143,112,31
E01003767,3. Associate professional and technical occupations,86,37,49
E01003767,4. Administrative and secretarial occupations,70,96,-26
E01003767,5. Skilled trades occupations,129,71,58
E01003767,"6. Caring, leisure and other service occupations",76,59,17
E01003767,7. Sales and customer service occupations,88,104,-16
E01003767,"8. Process, plant and machine operatives",80,65,15
E01003767,9. Elementary occupations,175,117,58
E01003768,"1. Managers, directors and senior officials",80,74,6
E01003768,2. Professional occupations,123,123,0
E01003768,3. Associate professional and technical occupations,91,43,48
E01003768,4. Administrative and secretarial occupations,68,79,-11
E01003768,5. Skilled trades occupations,102,63,39
E01003768,"6. Caring, leisure and other service occupations",63,47,16
E01003768,7. Sales and customer service occupations,71,83,-12
E01003768,"8. Process, plant and machine operatives",62,49,13
E01003768,9. Elementary occupations,123,88,35
E01003769,"1. Managers, directors and senior officials",82,78,4
E01003769,2. Professional occupations,120,98,22
E01003769,3. Associate professional and technical occupations,60,19,41
E01003769,4. Administrative and secretarial occupations,63,93,-30
E01003769,5. Skilled trades occupations,81,54,27
E01003769,"6. Caring, leisure and other service occupations",83,60,23
E01003769,7. Sales and customer service occupations,68,77,-9
E01003769,"8. Process, plant and machine operatives",64,51,13
E01003769,9. Elementary occupations,132,88,44
E01003770,"1. Managers, directors and senior officials",119,92,27
E01003770,2. Professional occupations,366,326,40
E01003770,3. Associate professional and technical occupations,136,58,78
E01003770,4. Administrative and secretarial occupations,119,134,-15
E01003770,5. Skilled trades occupations,109,93,16
E01003770,"6. Caring, leisure and other service occupations",98,101,-3
E01003770,7. Sales and customer service occupations,98,91,7
E01003770,"8. Process, plant and machine operatives",92,60,32
E01003770,9. Elementary occupations,120,66,54
E01003771,"1. Managers, directors and senior officials",83,74,9
E01003771,2. Professional occupations,157,159,-2
E01003771,3. Associate professional and technical occupations,89,41,48
E01003771,4. Administrative and secretarial occupations,72,86,-14
E01003771,5. Skilled trades occupations,75,69,6
E01003771,"6. Caring, leisure and other service occupations",56,55,1
E01003771,7. Sales and customer service occupations,73,83,-10
E01003771,"8. Process, plant and machine operatives",49,35,14
E01003771,9. Elementary occupations,78,91,-13
E01003772,"1. Managers, directors and senior officials",80,68,12
E01003772,2. Professional occupations,177,138,39
E01003772,3. Associate professional and technical occupations,81,52,29
E01003772,4. Administrative and secretarial occupations,90,105,-15
E01003772,5. Skilled trades occupations,73,51,22
E01003772,"6. Caring, leisure and other service occupations",52,56,-4
E01003772,7. Sales and customer service occupations,82,83,-1
E01003772,"8. Process, plant and machine operatives",69,58,11
E01003772,9. Elementary occupations,82,73,9
E01003773,"1. Managers, directors and senior officials",103,81,22
E01003773,2. Professional occupations,192,166,26
E01003773,3. Associate professional and technical occupations,106,45,61
E01003773,4. Administrative and secretarial occupations,92,113,-21
E01003773,5. Skilled trades occupations,57,53,4
E01003773,"6. Caring, leisure and other service occupations",59,46,13
E01003773,7. Sales and customer service occupations,63,57,6
E01003773,"8. Process, plant and machine operatives",49,46,3
E01003773,9. Elementary occupations,73,73,0
E01003774,"1. Managers, directors and senior officials",188,148,40
E01003774,2. Professional occupations,334,338,-4
E01003774,3. Associate professional and technical occupations,205,70,135
E01003774,4. Administrative and secretarial occupations,99,120,-21
E01003774,5. Skilled trades occupations,49,47,2
E01003774,"6. Caring, leisure and other service occupations",39,39,0
E01003774,7. Sales and customer service occupations,36,33,3
E01003774,"8. Process, plant and machine operatives",25,21,4
E01003774,9. Elementary occupations,48,42,6
E01003775,"1. Managers, directors and senior officials",142,152,-10
E01003775,2. Professional occupations,263,303,-40
E01003775,3. Associate professional and technical occupations,122,70,52
E01003775,4. Administrative and secretarial occupations,83,103,-20
E01003775,5. Skilled trades occupations,35,31,4
E01003775,"6. Caring, leisure and other service occupations",50,32,18
E01003775,7. Sales and customer service occupations,42,42,0
E01003775,"8. Process, plant and machine operatives",30,22,8
E01003775,9. Elementary occupations,24,33,-9
E01003776,"1. Managers, directors and senior officials",113,94,19
E01003776,2. Professional occupations,234,213,21
E01003776,3. Associate professional and technical occupations,148,54,94
E01003776,4. Administrative and secretarial occupations,75,109,-34
E01003776,5. Skilled trades occupations,67,55,12
E01003776,"6. Caring, leisure and other service occupations",70,59,11
E01003776,7. Sales and customer service occupations,48,39,9
E01003776,"8. Process, plant and machine operatives",37,18,19
E01003776,9. Elementary occupations,71,49,22
E01003777,"1. Managers, directors and senior officials",205,171,34
E01003777,2. Professional occupations,368,354,14
E01003777,3. Associate professional and technical occupations,216,85,131
E01003777,4. Administrative and secretarial occupations,84,126,-42
E01003777,5. Skilled trades occupations,50,34,16
E01003777,"6. Caring, leisure and other service occupations",51,43,8
E01003777,7. Sales and customer service occupations,49,53,-4
E01003777,"8. Process, plant and machine operatives",35,22,13
E01003777,9. Elementary occupations,29,30,-1
E01003778,"1. Managers, directors and senior officials",204,143,61
E01003778,2. Professional occupations,434,371,63
E01003778,3. Associate professional and technical occupations,179,96,83
E01003778,4. Administrative and secretarial occupations,86,115,-29
E01003778,5. Skilled trades occupations,68,59,9
E01003778,"6. Caring, leisure and other service occupations",38,71,-33
E01003778,7. Sales and customer service occupations,42,39,3
E01003778,"8. Process, plant and machine operatives",21,23,-2
E01003778,9. Elementary occupations,74,50,24
E01003779,"1. Managers, directors and senior officials",131,101,30
E01003779,2. Professional occupations,259,243,16
E01003779,3. Associate professional and technical occupations,125,59,66
E01003779,4. Administrative and secretarial occupations,48,80,-32
E01003779,5. Skilled trades occupations,45,45,0
E01003779,"6. Caring, leisure and other service occupations",25,47,-22
E01003779,7. Sales and customer service occupations,23,40,-17
E01003779,"8. Process, plant and machine operatives",22,32,-10
E01003779,9. Elementary occupations,41,36,5
E01003780,"1. Managers, directors and senior officials",171,115,56
E01003780,2. Professional occupations,266,220,46
E01003780,3. Associate professional and technical occupations,120,44,76
E01003780,4. Administrative and secretarial occupations,86,116,-30
E01003780,5. Skilled trades occupations,33,34,-1
E01003780,"6. Caring, leisure and other service occupations",20,36,-16
E01003780,7. Sales and customer service occupations,29,35,-6
E01003780,"8. Process, plant and machine operatives",16,18,-2
E01003780,9. Elementary occupations,17,33,-16
E01003781,"1. Managers, directors and senior officials",93,62,31
E01003781,2. Professional occupations,203,187,16
E01003781,3. Associate professional and technical occupations,99,43,56
E01003781,4. Administrative and secretarial occupations,93,88,5
E01003781,5. Skilled trades occupations,94,44,50
E01003781,"6. Caring, leisure and other service occupations",76,60,16
E01003781,7. Sales and customer service occupations,80,66,14
E01003781,"8. Process, plant and machine operatives",63,40,23
E01003781,9. Elementary occupations,107,61,46
E01003782,"1. Managers, directors and senior officials",80,59,21
E01003782,2. Professional occupations,156,142,14
E01003782,3. Associate professional and technical occupations,69,34,35
E01003782,4. Administrative and secretarial occupations,74,81,-7
E01003782,5. Skilled trades occupations,60,52,8
E01003782,"6. Caring, leisure and other service occupations",53,50,3
E01003782,7. Sales and customer service occupations,56,78,-22
E01003782,"8. Process, plant and machine operatives",63,74,-11
E01003782,9. Elementary occupations,103,92,11
E01003783,"1. Managers, directors and senior officials",118,76,42
E01003783,2. Professional occupations,196,227,-31
E01003783,3. Associate professional and technical occupations,95,44,51
E01003783,4. Administrative and secretarial occupations,98,106,-8
E01003783,5. Skilled trades occupations,89,72,17
E01003783,"6. Caring, leisure and other service occupations",82,46,36
E01003783,7. Sales and customer service occupations,97,74,23
E01003783,"8. Process, plant and machine operatives",72,44,28
E01003783,9. Elementary occupations,188,93,95
E01003784,"1. Managers, directors and senior officials",92,78,14
E01003784,2. Professional occupations,185,158,27
E01003784,3. Associate professional and technical occupations,96,34,62
E01003784,4. Administrative and secretarial occupations,84,95,-11
E01003784,5. Skilled trades occupations,95,50,45
E01003784,"6. Caring, leisure and other service occupations",63,73,-10
E01003784,7. Sales and customer service occupations,76,74,2
E01003784,"8. Process, plant and machine operatives",77,44,33
E01003784,9. Elementary occupations,125,77,48
E01003785,"1. Managers, directors and senior officials",97,58,39
E01003785,2. Professional occupations,176,198,-22
E01003785,3. Associate professional and technical occupations,87,42,45
E01003785,4. Administrative and secretarial occupations,74,118,-44
E01003785,5. Skilled trades occupations,95,75,20
E01003785,"6. Caring, leisure and other service occupations",65,60,5
E01003785,7. Sales and customer service occupations,72,79,-7
E01003785,"8. Process, plant and machine operatives",44,44,0
E01003785,9. Elementary occupations,126,90,36
E01003786,"1. Managers, directors and senior officials",88,67,21
E01003786,2. Professional occupations,200,164,36
E01003786,3. Associate professional and technical occupations,103,29,74
E01003786,4. Administrative and secretarial occupations,65,79,-14
E01003786,5. Skilled trades occupations,57,36,21
E01003786,"6. Caring, leisure and other service occupations",65,58,7
E01003786,7. Sales and customer service occupations,50,52,-2
E01003786,"8. Process, plant and machine operatives",49,35,14
E01003786,9. Elementary occupations,61,47,14
E01003787,"1. Managers, directors and senior officials",90,62,28
E01003787,2. Professional occupations,165,160,5
E01003787,3. Associate professional and technical occupations,88,31,57
E01003787,4. Administrative and secretarial occupations,75,101,-26
E01003787,5. Skilled trades occupations,60,35,25
E01003787,"6. Caring, leisure and other service occupations",56,47,9
E01003787,7. Sales and customer service occupations,54,49,5
E01003787,"8. Process, plant and machine operatives",81,34,47
E01003787,9. Elementary occupations,70,65,5
E01003788,"1. Managers, directors and senior officials",83,79,4
E01003788,2. Professional occupations,175,199,-24
E01003788,3. Associate professional and technical occupations,77,34,43
E01003788,4. Administrative and secretarial occupations,69,99,-30
E01003788,5. Skilled trades occupations,58,64,-6
E01003788,"6. Caring, leisure and other service occupations",52,52,0
E01003788,7. Sales and customer service occupations,67,58,9
E01003788,"8. Process, plant and machine operatives",59,51,8
E01003788,9. Elementary occupations,112,98,14
E01003789,"1. Managers, directors and senior officials",149,112,37
E01003789,2. Professional occupations,280,255,25
E01003789,3. Associate professional and technical occupations,110,70,40
E01003789,4. Administrative and secretarial occupations,82,99,-17
E01003789,5. Skilled trades occupations,38,40,-2
E01003789,"6. Caring, leisure and other service occupations",39,53,-14
E01003789,7. Sales and customer service occupations,37,32,5
E01003789,"8. Process, plant and machine operatives",20,23,-3
E01003789,9. Elementary occupations,19,33,-14
E01003790,"1. Managers, directors and senior officials",116,79,37
E01003790,2. Professional occupations,211,220,-9
E01003790,3. Associate professional and technical occupations,81,41,40
E01003790,4. Administrative and secretarial occupations,61,82,-21
E01003790,5. Skilled trades occupations,61,57,4
E01003790,"6. Caring, leisure and other service occupations",44,46,-2
E01003790,7. Sales and customer service occupations,27,30,-3
E01003790,"8. Process, plant and machine operatives",26,32,-6
E01003790,9. Elementary occupations,50,38,12
E01003791,"1. Managers, directors and senior officials",154,108,46
E01003791,2. Professional occupations,251,245,6
E01003791,3. Associate professional and technical occupations,96,53,43
E01003791,4. Administrative and secretarial occupations,66,90,-24
E01003791,5. Skilled trades occupations,32,64,-32
E01003791,"6. Caring, leisure and other service occupations",24,42,-18
E01003791,7. Sales and customer service occupations,35,38,-3
E01003791,"8. Process, plant and machine operatives",16,25,-9
E01003791,9. Elementary occupations,21,40,-19
E01003792,"1. Managers, directors and senior officials",149,96,53
E01003792,2. Professional occupations,237,256,-19
E01003792,3. Associate professional and technical occupations,114,52,62
E01003792,4. Administrative and secretarial occupations,66,87,-21
E01003792,5. Skilled trades occupations,41,36,5
E01003792,"6. Caring, leisure and other service occupations",30,42,-12
E01003792,7. Sales and customer service occupations,13,22,-9
E01003792,"8. Process, plant and machine operatives",14,19,-5
E01003792,9. Elementary occupations,31,36,-5
E01003793,"1. Managers, directors and senior officials",97,76,21
E01003793,2. Professional occupations,206,193,13
E01003793,3. Associate professional and technical occupations,131,41,90
E01003793,4. Administrative and secretarial occupations,76,97,-21
E01003793,5. Skilled trades occupations,61,68,-7
E01003793,"6. Caring, leisure and other service occupations",54,65,-11
E01003793,7. Sales and customer service occupations,40,40,0
E01003793,"8. Process, plant and machine operatives",53,46,7
E01003793,9. Elementary occupations,55,47,8
E01003794,"1. Managers, directors and senior officials",123,106,17
E01003794,2. Professional occupations,256,209,47
E01003794,3. Associate professional and technical occupations,119,40,79
E01003794,4. Administrative and secretarial occupations,71,86,-15
E01003794,5. Skilled trades occupations,39,43,-4
E01003794,"6. Caring, leisure and other service occupations",44,49,-5
E01003794,7. Sales and customer service occupations,25,30,-5
E01003794,"8. Process, plant and machine operatives",17,33,-16
E01003794,9. Elementary occupations,27,35,-8
E01003795,"1. Managers, directors and senior officials",132,102,30
E01003795,2. Professional occupations,189,186,3
E01003795,3. Associate professional and technical occupations,102,43,59
E01003795,4. Administrative and secretarial occupations,58,79,-21
E01003795,5. Skilled trades occupations,20,39,-19
E01003795,"6. Caring, leisure and other service occupations",25,30,-5
E01003795,7. Sales and customer service occupations,21,30,-9
E01003795,"8. Process, plant and machine operatives",23,17,6
E01003795,9. Elementary occupations,12,21,-9
E01003796,"1. Managers, directors and senior officials",138,98,40
E01003796,2. Professional occupations,274,255,19
E01003796,3. Associate professional and technical occupations,128,52,76
E01003796,4. Administrative and secretarial occupations,66,88,-22
E01003796,5. Skilled trades occupations,49,53,-4
E01003796,"6. Caring, leisure and other service occupations",43,52,-9
E01003796,7. Sales and customer service occupations,39,40,-1
E01003796,"8. Process, plant and machine operatives",23,34,-11
E01003796,9. Elementary occupations,44,44,0
E01003797,"1. Managers, directors and senior officials",219,165,54
E01003797,2. Professional occupations,180,178,2
E01003797,3. Associate professional and technical occupations,91,33,58
E01003797,4. Administrative and secretarial occupations,33,39,-6
E01003797,5. Skilled trades occupations,6,7,-1
E01003797,"6. Caring, leisure and other service occupations",25,15,10
E01003797,7. Sales and customer service occupations,16,16,0
E01003797,"8. Process, plant and machine operatives",2,2,0
E01003797,9. Elementary occupations,7,13,-6
E01003798,"1. Managers, directors and senior officials",193,167,26
E01003798,2. Professional occupations,202,228,-26
E01003798,3. Associate professional and technical occupations,107,41,66
E01003798,4. Administrative and secretarial occupations,33,69,-36
E01003798,5. Skilled trades occupations,28,24,4
E01003798,"6. Caring, leisure and other service occupations",29,32,-3
E01003798,7. Sales and customer service occupations,17,22,-5
E01003798,"8. Process, plant and machine operatives",3,6,-3
E01003798,9. Elementary occupations,10,23,-13
E01003799,"1. Managers, directors and senior officials",235,196,39
E01003799,2. Professional occupations,243,229,14
E01003799,3. Associate professional and technical occupations,186,56,130
E01003799,4. Administrative and secretarial occupations,53,67,-14
E01003799,5. Skilled trades occupations,22,24,-2
E01003799,"6. Caring, leisure and other service occupations",33,45,-12
E01003799,7. Sales and customer service occupations,21,19,2
E01003799,"8. Process, plant and machine operatives",4,6,-2
E01003799,9. Elementary occupations,22,23,-1
E01003800,"1. Managers, directors and senior officials",143,119,24
E01003800,2. Professional occupations,206,185,21
E01003800,3. Associate professional and technical occupations,135,42,93
E01003800,4. Administrative and secretarial occupations,50,62,-12
E01003800,5. Skilled trades occupations,36,51,-15
E01003800,"6. Caring, leisure and other service occupations",51,59,-8
E01003800,7. Sales and customer service occupations,29,44,-15
E01003800,"8. Process, plant and machine operatives",10,23,-13
E01003800,9. Elementary occupations,20,32,-12
E01003801,"1. Managers, directors and senior officials",197,144,53
E01003801,2. Professional occupations,259,254,5
E01003801,3. Associate professional and technical occupations,119,29,90
E01003801,4. Administrative and secretarial occupations,39,62,-23
E01003801,5. Skilled trades occupations,9,43,-34
E01003801,"6. Caring, leisure and other service occupations",25,22,3
E01003801,7. Sales and customer service occupations,14,19,-5
E01003801,"8. Process, plant and machine operatives",2,9,-7
E01003801,9. Elementary occupations,12,39,-27
E01003802,"1. Managers, directors and senior officials",233,196,37
E01003802,2. Professional occupations,222,221,1
E01003802,3. Associate professional and technical occupations,97,36,61
E01003802,4. Administrative and secretarial occupations,40,58,-18
E01003802,5. Skilled trades occupations,2,11,-9
E01003802,"6. Caring, leisure and other service occupations",17,22,-5
E01003802,7. Sales and customer service occupations,14,23,-9
E01003802,"8. Process, plant and machine operatives",7,4,3
E01003802,9. Elementary occupations,8,15,-7
E01003803,"1. Managers, directors and senior officials",120,82,38
E01003803,2. Professional occupations,169,128,41
E01003803,3. Associate professional and technical occupations,115,38,77
E01003803,4. Administrative and secretarial occupations,38,66,-28
E01003803,5. Skilled trades occupations,49,51,-2
E01003803,"6. Caring, leisure and other service occupations",84,89,-5
E01003803,7. Sales and customer service occupations,47,56,-9
E01003803,"8. Process, plant and machine operatives",31,39,-8
E01003803,9. Elementary occupations,38,52,-14
E01003804,"1. Managers, directors and senior officials",227,167,60
E01003804,2. Professional occupations,308,306,2
E01003804,3. Associate professional and technical occupations,180,72,108
E01003804,4. Administrative and secretarial occupations,67,78,-11
E01003804,5. Skilled trades occupations,30,27,3
E01003804,"6. Caring, leisure and other service occupations",73,53,20
E01003804,7. Sales and customer service occupations,23,30,-7
E01003804,"8. Process, plant and machine operatives",15,15,0
E01003804,9. Elementary occupations,34,31,3
E01003805,"1. Managers, directors and senior officials",252,189,63
E01003805,2. Professional occupations,230,232,-2
E01003805,3. Associate professional and technical occupations,160,46,114
E01003805,4. Administrative and secretarial occupations,42,63,-21
E01003805,5. Skilled trades occupations,6,9,-3
E01003805,"6. Caring, leisure and other service occupations",24,31,-7
E01003805,7. Sales and customer service occupations,21,15,6
E01003805,"8. Process, plant and machine operatives",7,4,3
E01003805,9. Elementary occupations,13,9,4
E01003806,"1. Managers, directors and senior officials",212,152,60
E01003806,2. Professional occupations,217,223,-6
E01003806,3. Associate professional and technical occupations,128,34,94
E01003806,4. Administrative and secretarial occupations,42,45,-3
E01003806,5. Skilled trades occupations,11,13,-2
E01003806,"6. Caring, leisure and other service occupations",21,46,-25
E01003806,7. Sales and customer service occupations,7,16,-9
E01003806,"8. Process, plant and machine operatives",8,9,-1
E01003806,9. Elementary occupations,14,12,2
E01003807,"1. Managers, directors and senior officials",241,170,71
E01003807,2. Professional occupations,308,303,5
E01003807,3. Associate professional and technical occupations,207,69,138
E01003807,4. Administrative and secretarial occupations,77,83,-6
E01003807,5. Skilled trades occupations,54,59,-5
E01003807,"6. Caring, leisure and other service occupations",76,71,5
E01003807,7. Sales and customer service occupations,40,39,1
E01003807,"8. Process, plant and machine operatives",17,23,-6
E01003807,9. Elementary occupations,47,48,-1
E01003808,"1. Managers, directors and senior officials",256,200,56
E01003808,2. Professional occupations,343,318,25
E01003808,3. Associate professional and technical occupations,204,86,118
E01003808,4. Administrative and secretarial occupations,59,67,-8
E01003808,5. Skilled trades occupations,35,44,-9
E01003808,"6. Caring, leisure and other service occupations",51,50,1
E01003808,7. Sales and customer service occupations,22,38,-16
E01003808,"8. Process, plant and machine operatives",15,11,4
E01003808,9. Elementary occupations,15,28,-13
E01003809,"1. Managers, directors and senior officials",252,193,59
E01003809,2. Professional occupations,252,271,-19
E01003809,3. Associate professional and technical occupations,115,48,67
E01003809,4. Administrative and secretarial occupations,65,68,-3
E01003809,5. Skilled trades occupations,16,31,-15
E01003809,"6. Caring, leisure and other service occupations",32,48,-16
E01003809,7. Sales and customer service occupations,22,26,-4
E01003809,"8. Process, plant and machine operatives",6,9,-3
E01003809,9. Elementary occupations,29,29,0
E01003810,"1. Managers, directors and senior officials",204,150,54
E01003810,2. Professional occupations,269,230,39
E01003810,3. Associate professional and technical occupations,163,62,101
E01003810,4. Administrative and secretarial occupations,55,96,-41
E01003810,5. Skilled trades occupations,38,45,-7
E01003810,"6. Caring, leisure and other service occupations",44,63,-19
E01003810,7. Sales and customer service occupations,31,39,-8
E01003810,"8. Process, plant and machine operatives",11,24,-13
E01003810,9. Elementary occupations,34,30,4
E01003811,"1. Managers, directors and senior officials",235,134,101
E01003811,2. Professional occupations,291,292,-1
E01003811,3. Associate professional and technical occupations,221,61,160
E01003811,4. Administrative and secretarial occupations,61,74,-13
E01003811,5. Skilled trades occupations,41,33,8
E01003811,"6. Caring, leisure and other service occupations",48,40,8
E01003811,7. Sales and customer service occupations,36,39,-3
E01003811,"8. Process, plant and machine operatives",16,11,5
E01003811,9. Elementary occupations,37,38,-1
E01003812,"1. Managers, directors and senior officials",211,151,60
E01003812,2. Professional occupations,302,276,26
E01003812,3. Associate professional and technical occupations,188,90,98
E01003812,4. Administrative and secretarial occupations,82,93,-11
E01003812,5. Skilled trades occupations,45,66,-21
E01003812,"6. Caring, leisure and other service occupations",72,88,-16
E01003812,7. Sales and customer service occupations,31,54,-23
E01003812,"8. Process, plant and machine operatives",20,21,-1
E01003812,9. Elementary occupations,39,52,-13
E01003813,"1. Managers, directors and senior officials",196,145,51
E01003813,2. Professional occupations,243,221,22
E01003813,3. Associate professional and technical occupations,116,85,31
E01003813,4. Administrative and secretarial occupations,48,87,-39
E01003813,5. Skilled trades occupations,40,42,-2
E01003813,"6. Caring, leisure and other service occupations",32,42,-10
E01003813,7. Sales and customer service occupations,25,37,-12
E01003813,"8. Process, plant and machine operatives",16,12,4
E01003813,9. Elementary occupations,21,18,3
E01003814,"1. Managers, directors and senior officials",216,164,52
E01003814,2. Professional occupations,296,246,50
E01003814,3. Associate professional and technical occupations,180,91,89
E01003814,4. Administrative and secretarial occupations,78,90,-12
E01003814,5. Skilled trades occupations,56,43,13
E01003814,"6. Caring, leisure and other service occupations",53,55,-2
E01003814,7. Sales and customer service occupations,43,28,15
E01003814,"8. Process, plant and machine operatives",19,18,1
E01003814,9. Elementary occupations,40,30,10
E01003815,"1. Managers, directors and senior officials",205,144,61
E01003815,2. Professional occupations,307,261,46
E01003815,3. Associate professional and technical occupations,216,76,140
E01003815,4. Administrative and secretarial occupations,66,117,-51
E01003815,5. Skilled trades occupations,63,62,1
E01003815,"6. Caring, leisure and other service occupations",70,90,-20
E01003815,7. Sales and customer service occupations,53,45,8
E01003815,"8. Process, plant and machine operatives",22,26,-4
E01003815,9. Elementary occupations,49,33,16
E01003816,"1. Managers, directors and senior officials",217,142,75
E01003816,2. Professional occupations,232,203,29
E01003816,3. Associate professional and technical occupations,133,40,93
E01003816,4. Administrative and secretarial occupations,49,66,-17
E01003816,5. Skilled trades occupations,28,28,0
E01003816,"6. Caring, leisure and other service occupations",40,42,-2
E01003816,7. Sales and customer service occupations,21,24,-3
E01003816,"8. Process, plant and machine operatives",15,13,2
E01003816,9. Elementary occupations,31,38,-7
E01003817,"1. Managers, directors and senior officials",213,195,18
E01003817,2. Professional occupations,236,204,32
E01003817,3. Associate professional and technical occupations,148,65,83
E01003817,4. Administrative and secretarial occupations,68,79,-11
E01003817,5. Skilled trades occupations,47,67,-20
E01003817,"6. Caring, leisure and other service occupations",60,64,-4
E01003817,7. Sales and customer service occupations,41,34,7
E01003817,"8. Process, plant and machine operatives",31,35,-4
E01003817,9. Elementary occupations,42,48,-6
E01003818,"1. Managers, directors and senior officials",118,101,17
E01003818,2. Professional occupations,262,195,67
E01003818,3. Associate professional and technical occupations,139,67,72
E01003818,4. Administrative and secretarial occupations,62,93,-31
E01003818,5. Skilled trades occupations,47,44,3
E01003818,"6. Caring, leisure and other service occupations",51,73,-22
E01003818,7. Sales and customer service occupations,25,38,-13
E01003818,"8. Process, plant and machine operatives",30,32,-2
E01003818,9. Elementary occupations,31,40,-9
E01003819,"1. Managers, directors and senior officials",118,82,36
E01003819,2. Professional occupations,187,146,41
E01003819,3. Associate professional and technical occupations,122,49,73
E01003819,4. Administrative and secretarial occupations,66,80,-14
E01003819,5. Skilled trades occupations,58,67,-9
E01003819,"6. Caring, leisure and other service occupations",65,97,-32
E01003819,7. Sales and customer service occupations,53,65,-12
E01003819,"8. Process, plant and machine operatives",42,37,5
E01003819,9. Elementary occupations,63,78,-15
E01003820,"1. Managers, directors and senior officials",156,126,30
E01003820,2. Professional occupations,264,228,36
E01003820,3. Associate professional and technical occupations,134,62,72
E01003820,4. Administrative and secretarial occupations,70,111,-41
E01003820,5. Skilled trades occupations,61,83,-22
E01003820,"6. Caring, leisure and other service occupations",76,78,-2
E01003820,7. Sales and customer service occupations,45,59,-14
E01003820,"8. Process, plant and machine operatives",43,35,8
E01003820,9. Elementary occupations,49,86,-37
E01003821,"1. Managers, directors and senior officials",279,214,65
E01003821,2. Professional occupations,309,295,14
E01003821,3. Associate professional and technical occupations,167,52,115
E01003821,4. Administrative and secretarial occupations,34,57,-23
E01003821,5. Skilled trades occupations,19,26,-7
E01003821,"6. Caring, leisure and other service occupations",23,29,-6
E01003821,7. Sales and customer service occupations,19,21,-2
E01003821,"8. Process, plant and machine operatives",21,7,14
E01003821,9. Elementary occupations,19,29,-10
E01003822,"1. Managers, directors and senior officials",173,125,48
E01003822,2. Professional occupations,216,198,18
E01003822,3. Associate professional and technical occupations,133,46,87
E01003822,4. Administrative and secretarial occupations,51,77,-26
E01003822,5. Skilled trades occupations,22,29,-7
E01003822,"6. Caring, leisure and other service occupations",29,47,-18
E01003822,7. Sales and customer service occupations,29,36,-7
E01003822,"8. Process, plant and machine operatives",2,12,-10
E01003822,9. Elementary occupations,16,18,-2
E01003823,"1. Managers, directors and senior officials",222,172,50
E01003823,2. Professional occupations,278,237,41
E01003823,3. Associate professional and technical occupations,167,77,90
E01003823,4. Administrative and secretarial occupations,61,95,-34
E01003823,5. Skilled trades occupations,33,57,-24
E01003823,"6. Caring, leisure and other service occupations",32,74,-42
E01003823,7. Sales and customer service occupations,20,44,-24
E01003823,"8. Process, plant and machine operatives",15,25,-10
E01003823,9. Elementary occupations,27,40,-13
E01003824,"1. Managers, directors and senior officials",201,154,47
E01003824,2. Professional occupations,258,224,34
E01003824,3. Associate professional and technical occupations,118,66,52
E01003824,4. Administrative and secretarial occupations,79,73,6
E01003824,5. Skilled trades occupations,54,45,9
E01003824,"6. Caring, leisure and other service occupations",30,52,-22
E01003824,7. Sales and customer service occupations,28,30,-2
E01003824,"8. Process, plant and machine operatives",10,9,1
E01003824,9. Elementary occupations,14,35,-21
E01003825,"1. Managers, directors and senior officials",183,132,51
E01003825,2. Professional occupations,254,216,38
E01003825,3. Associate professional and technical occupations,170,74,96
E01003825,4. Administrative and secretarial occupations,74,127,-53
E01003825,5. Skilled trades occupations,55,60,-5
E01003825,"6. Caring, leisure and other service occupations",51,74,-23
E01003825,7. Sales and customer service occupations,33,43,-10
E01003825,"8. Process, plant and machine operatives",22,37,-15
E01003825,9. Elementary occupations,29,50,-21
E01003826,"1. Managers, directors and senior officials",139,105,34
E01003826,2. Professional occupations,173,163,10
E01003826,3. Associate professional and technical occupations,123,50,73
E01003826,4. Administrative and secretarial occupations,74,99,-25
E01003826,5. Skilled trades occupations,66,61,5
E01003826,"6. Caring, leisure and other service occupations",68,95,-27
E01003826,7. Sales and customer service occupations,45,47,-2
E01003826,"8. Process, plant and machine operatives",42,37,5
E01003826,9. Elementary occupations,58,69,-11
E01003827,"1. Managers, directors and senior officials",212,161,51
E01003827,2. Professional occupations,299,243,56
E01003827,3. Associate professional and technical occupations,191,82,109
E01003827,4. Administrative and secretarial occupations,77,103,-26
E01003827,5. Skilled trades occupations,57,73,-16
E01003827,"6. Caring, leisure and other service occupations",79,88,-9
E01003827,7. Sales and customer service occupations,60,54,6
E01003827,"8. Process, plant and machine operatives",36,23,13
E01003827,9. Elementary occupations,41,40,1
E01003828,"1. Managers, directors and senior officials",149,116,33
E01003828,2. Professional occupations,200,205,-5
E01003828,3. Associate professional and technical occupations,110,55,55
E01003828,4. Administrative and secretarial occupations,57,96,-39
E01003828,5. Skilled trades occupations,37,40,-3
E01003828,"6. Caring, leisure and other service occupations",38,51,-13
E01003828,7. Sales and customer service occupations,20,47,-27
E01003828,"8. Process, plant and machine operatives",19,17,2
E01003828,9. Elementary occupations,27,43,-16
E01003829,"1. Managers, directors and senior officials",96,80,16
E01003829,2. Professional occupations,153,139,14
E01003829,3. Associate professional and technical occupations,98,52,46
E01003829,4. Administrative and secretarial occupations,56,92,-36
E01003829,5. Skilled trades occupations,81,78,3
E01003829,"6. Caring, leisure and other service occupations",76,86,-10
E01003829,7. Sales and customer service occupations,48,67,-19
E01003829,"8. Process, plant and machine operatives",62,55,7
E01003829,9. Elementary occupations,68,64,4
E01003830,"1. Managers, directors and senior officials",187,140,47
E01003830,2. Professional occupations,274,206,68
E01003830,3. Associate professional and technical occupations,149,68,81
E01003830,4. Administrative and secretarial occupations,81,102,-21
E01003830,5. Skilled trades occupations,50,64,-14
E01003830,"6. Caring, leisure and other service occupations",83,66,17
E01003830,7. Sales and customer service occupations,39,48,-9
E01003830,"8. Process, plant and machine operatives",31,31,0
E01003830,9. Elementary occupations,27,53,-26
E01003831,"1. Managers, directors and senior officials",135,106,29
E01003831,2. Professional occupations,227,185,42
E01003831,3. Associate professional and technical occupations,137,57,80
E01003831,4. Administrative and secretarial occupations,83,113,-30
E01003831,5. Skilled trades occupations,69,49,20
E01003831,"6. Caring, leisure and other service occupations",64,74,-10
E01003831,7. Sales and customer service occupations,43,54,-11
E01003831,"8. Process, plant and machine operatives",28,42,-14
E01003831,9. Elementary occupations,44,52,-8
E01003832,"1. Managers, directors and senior officials",81,71,10
E01003832,2. Professional occupations,130,105,25
E01003832,3. Associate professional and technical occupations,84,42,42
E01003832,4. Administrative and secretarial occupations,50,76,-26
E01003832,5. Skilled trades occupations,62,69,-7
E01003832,"6. Caring, leisure and other service occupations",74,75,-1
E01003832,7. Sales and customer service occupations,51,54,-3
E01003832,"8. Process, plant and machine operatives",41,47,-6
E01003832,9. Elementary occupations,60,64,-4
E01003833,"1. Managers, directors and senior officials",122,91,31
E01003833,2. Professional occupations,165,140,25
E01003833,3. Associate professional and technical occupations,99,63,36
E01003833,4. Administrative and secretarial occupations,63,89,-26
E01003833,5. Skilled trades occupations,53,54,-1
E01003833,"6. Caring, leisure and other service occupations",65,69,-4
E01003833,7. Sales and customer service occupations,43,73,-30
E01003833,"8. Process, plant and machine operatives",46,37,9
E01003833,9. Elementary occupations,40,57,-17
E01003834,"1. Managers, directors and senior officials",197,162,35
E01003834,2. Professional occupations,277,219,58
E01003834,3. Associate professional and technical occupations,164,92,72
E01003834,4. Administrative and secretarial occupations,57,75,-18
E01003834,5. Skilled trades occupations,44,30,14
E01003834,"6. Caring, leisure and other service occupations",53,44,9
E01003834,7. Sales and customer service occupations,40,46,-6
E01003834,"8. Process, plant and machine operatives",9,11,-2
E01003834,9. Elementary occupations,40,55,-15
E01003835,"1. Managers, directors and senior officials",248,156,92
E01003835,2. Professional occupations,265,230,35
E01003835,3. Associate professional and technical occupations,132,57,75
E01003835,4. Administrative and secretarial occupations,59,84,-25
E01003835,5. Skilled trades occupations,24,35,-11
E01003835,"6. Caring, leisure and other service occupations",31,45,-14
E01003835,7. Sales and customer service occupations,16,24,-8
E01003835,"8. Process, plant and machine operatives",9,9,0
E01003835,9. Elementary occupations,16,26,-10
E01003836,"1. Managers, directors and senior officials",143,109,34
E01003836,2. Professional occupations,147,184,-37
E01003836,3. Associate professional and technical occupations,104,43,61
E01003836,4. Administrative and secretarial occupations,43,56,-13
E01003836,5. Skilled trades occupations,27,33,-6
E01003836,"6. Caring, leisure and other service occupations",35,35,0
E01003836,7. Sales and customer service occupations,29,28,1
E01003836,"8. Process, plant and machine operatives",25,15,10
E01003836,9. Elementary occupations,39,45,-6
E01003837,"1. Managers, directors and senior officials",249,162,87
E01003837,2. Professional occupations,286,259,27
E01003837,3. Associate professional and technical occupations,209,78,131
E01003837,4. Administrative and secretarial occupations,70,78,-8
E01003837,5. Skilled trades occupations,37,13,24
E01003837,"6. Caring, leisure and other service occupations",44,44,0
E01003837,7. Sales and customer service occupations,28,26,2
E01003837,"8. Process, plant and machine operatives",4,13,-9
E01003837,9. Elementary occupations,34,34,0
E01003838,"1. Managers, directors and senior officials",217,160,57
E01003838,2. Professional occupations,276,303,-27
E01003838,3. Associate professional and technical occupations,191,84,107
E01003838,4. Administrative and secretarial occupations,77,88,-11
E01003838,5. Skilled trades occupations,38,46,-8
E01003838,"6. Caring, leisure and other service occupations",60,59,1
E01003838,7. Sales and customer service occupations,41,40,1
E01003838,"8. Process, plant and machine operatives",11,23,-12
E01003838,9. Elementary occupations,35,35,0
E01003839,"1. Managers, directors and senior officials",237,125,112
E01003839,2. Professional occupations,405,295,110
E01003839,3. Associate professional and technical occupations,190,77,113
E01003839,4. Administrative and secretarial occupations,78,105,-27
E01003839,5. Skilled trades occupations,52,38,14
E01003839,"6. Caring, leisure and other service occupations",70,64,6
E01003839,7. Sales and customer service occupations,55,50,5
E01003839,"8. Process, plant and machine operatives",24,29,-5
E01003839,9. Elementary occupations,48,44,4
E01003840,"1. Managers, directors and senior officials",139,93,46
E01003840,2. Professional occupations,186,136,50
E01003840,3. Associate professional and technical occupations,105,37,68
E01003840,4. Administrative and secretarial occupations,83,111,-28
E01003840,5. Skilled trades occupations,84,73,11
E01003840,"6. Caring, leisure and other service occupations",71,66,5
E01003840,7. Sales and customer service occupations,77,79,-2
E01003840,"8. Process, plant and machine operatives",68,48,20
E01003840,9. Elementary occupations,87,77,10
E01003841,"1. Managers, directors and senior officials",99,76,23
E01003841,2. Professional occupations,166,160,6
E01003841,3. Associate professional and technical occupations,114,49,65
E01003841,4. Administrative and secretarial occupations,69,91,-22
E01003841,5. Skilled trades occupations,95,76,19
E01003841,"6. Caring, leisure and other service occupations",91,84,7
E01003841,7. Sales and customer service occupations,96,95,1
E01003841,"8. Process, plant and machine operatives",86,61,25
E01003841,9. Elementary occupations,130,95,35
E01003842,"1. Managers, directors and senior officials",105,89,16
E01003842,2. Professional occupations,198,139,59
E01003842,3. Associate professional and technical occupations,91,54,37
E01003842,4. Administrative and secretarial occupations,91,121,-30
E01003842,5. Skilled trades occupations,53,65,-12
E01003842,"6. Caring, leisure and other service occupations",78,69,9
E01003842,7. Sales and customer service occupations,49,72,-23
E01003842,"8. Process, plant and machine operatives",37,50,-13
E01003842,9. Elementary occupations,59,67,-8
E01003843,"1. Managers, directors and senior officials",131,103,28
E01003843,2. Professional occupations,175,145,30
E01003843,3. Associate professional and technical occupations,121,63,58
E01003843,4. Administrative and secretarial occupations,97,118,-21
E01003843,5. Skilled trades occupations,85,97,-12
E01003843,"6. Caring, leisure and other service occupations",98,94,4
E01003843,7. Sales and customer service occupations,88,96,-8
E01003843,"8. Process, plant and machine operatives",63,77,-14
E01003843,9. Elementary occupations,108,86,22
E01003844,"1. Managers, directors and senior officials",143,103,40
E01003844,2. Professional occupations,187,157,30
E01003844,3. Associate professional and technical occupations,89,61,28
E01003844,4. Administrative and secretarial occupations,71,114,-43
E01003844,5. Skilled trades occupations,36,49,-13
E01003844,"6. Caring, leisure and other service occupations",47,51,-4
E01003844,7. Sales and customer service occupations,26,38,-12
E01003844,"8. Process, plant and machine operatives",20,29,-9
E01003844,9. Elementary occupations,35,40,-5
E01003845,"1. Managers, directors and senior officials",145,79,66
E01003845,2. Professional occupations,205,141,64
E01003845,3. Associate professional and technical occupations,128,50,78
E01003845,4. Administrative and secretarial occupations,83,101,-18
E01003845,5. Skilled trades occupations,73,110,-37
E01003845,"6. Caring, leisure and other service occupations",69,77,-8
E01003845,7. Sales and customer service occupations,53,55,-2
E01003845,"8. Process, plant and machine operatives",31,44,-13
E01003845,9. Elementary occupations,31,49,-18
E01003846,"1. Managers, directors and senior officials",253,186,67
E01003846,2. Professional occupations,291,285,6
E01003846,3. Associate professional and technical occupations,140,47,93
E01003846,4. Administrative and secretarial occupations,60,72,-12
E01003846,5. Skilled trades occupations,14,30,-16
E01003846,"6. Caring, leisure and other service occupations",26,28,-2
E01003846,7. Sales and customer service occupations,28,25,3
E01003846,"8. Process, plant and machine operatives",5,5,0
E01003846,9. Elementary occupations,15,30,-15
E01003847,"1. Managers, directors and senior officials",244,173,71
E01003847,2. Professional occupations,351,292,59
E01003847,3. Associate professional and technical occupations,191,63,128
E01003847,4. Administrative and secretarial occupations,52,85,-33
E01003847,5. Skilled trades occupations,38,44,-6
E01003847,"6. Caring, leisure and other service occupations",25,39,-14
E01003847,7. Sales and customer service occupations,27,26,1
E01003847,"8. Process, plant and machine operatives",12,6,6
E01003847,9. Elementary occupations,25,28,-3
E01003848,"1. Managers, directors and senior officials",239,196,43
E01003848,2. Professional occupations,371,341,30
E01003848,3. Associate professional and technical occupations,200,78,122
E01003848,4. Administrative and secretarial occupations,81,91,-10
E01003848,5. Skilled trades occupations,32,41,-9
E01003848,"6. Caring, leisure and other service occupations",55,71,-16
E01003848,7. Sales and customer service occupations,31,41,-10
E01003848,"8. Process, plant and machine operatives",21,22,-1
E01003848,9. Elementary occupations,38,32,6
E01003849,"1. Managers, directors and senior officials",223,160,63
E01003849,2. Professional occupations,248,266,-18
E01003849,3. Associate professional and technical occupations,157,48,109
E01003849,4. Administrative and secretarial occupations,45,66,-21
E01003849,5. Skilled trades occupations,23,32,-9
E01003849,"6. Caring, leisure and other service occupations",26,20,6
E01003849,7. Sales and customer service occupations,14,32,-18
E01003849,"8. Process, plant and machine operatives",9,6,3
E01003849,9. Elementary occupations,16,30,-14
E01003851,"1. Managers, directors and senior officials",233,189,44
E01003851,2. Professional occupations,283,292,-9
E01003851,3. Associate professional and technical occupations,152,45,107
E01003851,4. Administrative and secretarial occupations,34,58,-24
E01003851,5. Skilled trades occupations,18,19,-1
E01003851,"6. Caring, leisure and other service occupations",24,27,-3
E01003851,7. Sales and customer service occupations,12,28,-16
E01003851,"8. Process, plant and machine operatives",6,7,-1
E01003851,9. Elementary occupations,11,18,-7
E01003852,"1. Managers, directors and senior officials",186,114,72
E01003852,2. Professional occupations,233,222,11
E01003852,3. Associate professional and technical occupations,133,45,88
E01003852,4. Administrative and secretarial occupations,58,65,-7
E01003852,5. Skilled trades occupations,32,26,6
E01003852,"6. Caring, leisure and other service occupations",42,31,11
E01003852,7. Sales and customer service occupations,22,29,-7
E01003852,"8. Process, plant and machine operatives",9,15,-6
E01003852,9. Elementary occupations,29,31,-2
E01003853,"1. Managers, directors and senior officials",180,152,28
E01003853,2. Professional occupations,176,207,-31
E01003853,3. Associate professional and technical occupations,124,43,81
E01003853,4. Administrative and secretarial occupations,41,63,-22
E01003853,5. Skilled trades occupations,20,32,-12
E01003853,"6. Caring, leisure and other service occupations",37,30,7
E01003853,7. Sales and customer service occupations,29,22,7
E01003853,"8. Process, plant and machine operatives",10,15,-5
E01003853,9. Elementary occupations,26,33,-7
E01003854,"1. Managers, directors and senior officials",189,182,7
E01003854,2. Professional occupations,233,217,16
E01003854,3. Associate professional and technical occupations,133,47,86
E01003854,4. Administrative and secretarial occupations,43,62,-19
E01003854,5. Skilled trades occupations,21,23,-2
E01003854,"6. Caring, leisure and other service occupations",36,35,1
E01003854,7. Sales and customer service occupations,24,29,-5
E01003854,"8. Process, plant and machine operatives",17,12,5
E01003854,9. Elementary occupations,17,33,-16
E01003855,"1. Managers, directors and senior officials",206,143,63
E01003855,2. Professional occupations,290,229,61
E01003855,3. Associate professional and technical occupations,188,68,120
E01003855,4. Administrative and secretarial occupations,68,93,-25
E01003855,5. Skilled trades occupations,42,53,-11
E01003855,"6. Caring, leisure and other service occupations",72,72,0
E01003855,7. Sales and customer service occupations,45,63,-18
E01003855,"8. Process, plant and machine operatives",29,36,-7
E01003855,9. Elementary occupations,40,44,-4
E01003856,"1. Managers, directors and senior officials",242,185,57
E01003856,2. Professional occupations,299,316,-17
E01003856,3. Associate professional and technical occupations,211,73,138
E01003856,4. Administrative and secretarial occupations,66,95,-29
E01003856,5. Skilled trades occupations,32,33,-1
E01003856,"6. Caring, leisure and other service occupations",55,56,-1
E01003856,7. Sales and customer service occupations,41,28,13
E01003856,"8. Process, plant and machine operatives",7,14,-7
E01003856,9. Elementary occupations,21,29,-8
E01003857,"1. Managers, directors and senior officials",299,187,112
E01003857,2. Professional occupations,336,290,46
E01003857,3. Associate professional and technical occupations,187,63,124
E01003857,4. Administrative and secretarial occupations,66,90,-24
E01003857,5. Skilled trades occupations,24,35,-11
E01003857,"6. Caring, leisure and other service occupations",48,56,-8
E01003857,7. Sales and customer service occupations,26,28,-2
E01003857,"8. Process, plant and machine operatives",15,13,2
E01003857,9. Elementary occupations,32,31,1
E01003858,"1. Managers, directors and senior officials",276,218,58
E01003858,2. Professional occupations,318,249,69
E01003858,3. Associate professional and technical occupations,163,46,117
E01003858,4. Administrative and secretarial occupations,51,58,-7
E01003858,5. Skilled trades occupations,18,34,-16
E01003858,"6. Caring, leisure and other service occupations",32,33,-1
E01003858,7. Sales and customer service occupations,15,28,-13
E01003858,"8. Process, plant and machine operatives",6,3,3
E01003858,9. Elementary occupations,12,14,-2
E01003859,"1. Managers, directors and senior officials",226,159,67
E01003859,2. Professional occupations,277,222,55
E01003859,3. Associate professional and technical occupations,113,68,45
E01003859,4. Administrative and secretarial occupations,58,68,-10
E01003859,5. Skilled trades occupations,27,39,-12
E01003859,"6. Caring, leisure and other service occupations",37,51,-14
E01003859,7. Sales and customer service occupations,20,37,-17
E01003859,"8. Process, plant and machine operatives",8,16,-8
E01003859,9. Elementary occupations,17,19,-2
E01003860,"1. Managers, directors and senior officials",277,223,54
E01003860,2. Professional occupations,364,380,-16
E01003860,3. Associate professional and technical occupations,200,66,134
E01003860,4. Administrative and secretarial occupations,63,81,-18
E01003860,5. Skilled trades occupations,25,27,-2
E01003860,"6. Caring, leisure and other service occupations",23,37,-14
E01003860,7. Sales and customer service occupations,27,24,3
E01003860,"8. Process, plant and machine operatives",6,7,-1
E01003860,9. Elementary occupations,21,26,-5
E01003861,"1. Managers, directors and senior officials",271,215,56
E01003861,2. Professional occupations,416,400,16
E01003861,3. Associate professional and technical occupations,235,74,161
E01003861,4. Administrative and secretarial occupations,77,76,1
E01003861,5. Skilled trades occupations,35,46,-11
E01003861,"6. Caring, leisure and other service occupations",55,40,15
E01003861,7. Sales and customer service occupations,38,48,-10
E01003861,"8. Process, plant and machine operatives",17,12,5
E01003861,9. Elementary occupations,42,27,15
E01003862,"1. Managers, directors and senior officials",178,116,62
E01003862,2. Professional occupations,284,217,67
E01003862,3. Associate professional and technical occupations,166,42,124
E01003862,4. Administrative and secretarial occupations,70,59,11
E01003862,5. Skilled trades occupations,48,39,9
E01003862,"6. Caring, leisure and other service occupations",67,50,17
E01003862,7. Sales and customer service occupations,52,39,13
E01003862,"8. Process, plant and machine operatives",30,17,13
E01003862,9. Elementary occupations,31,44,-13
E01003863,"1. Managers, directors and senior officials",143,104,39
E01003863,2. Professional occupations,213,194,19
E01003863,3. Associate professional and technical occupations,103,34,69
E01003863,4. Administrative and secretarial occupations,55,69,-14
E01003863,5. Skilled trades occupations,30,37,-7
E01003863,"6. Caring, leisure and other service occupations",51,61,-10
E01003863,7. Sales and customer service occupations,16,30,-14
E01003863,"8. Process, plant and machine operatives",11,18,-7
E01003863,9. Elementary occupations,22,37,-15
E01003864,"1. Managers, directors and senior officials",196,157,39
E01003864,2. Professional occupations,258,268,-10
E01003864,3. Associate professional and technical occupations,136,69,67
E01003864,4. Administrative and secretarial occupations,43,40,3
E01003864,5. Skilled trades occupations,18,28,-10
E01003864,"6. Caring, leisure and other service occupations",26,42,-16
E01003864,7. Sales and customer service occupations,23,27,-4
E01003864,"8. Process, plant and machine operatives",6,6,0
E01003864,9. Elementary occupations,13,11,2
E01003865,"1. Managers, directors and senior officials",176,87,89
E01003865,2. Professional occupations,238,187,51
E01003865,3. Associate professional and technical occupations,120,60,60
E01003865,4. Administrative and secretarial occupations,49,67,-18
E01003865,5. Skilled trades occupations,42,40,2
E01003865,"6. Caring, leisure and other service occupations",40,53,-13
E01003865,7. Sales and customer service occupations,29,38,-9
E01003865,"8. Process, plant and machine operatives",25,17,8
E01003865,9. Elementary occupations,19,45,-26
E01003866,"1. Managers, directors and senior officials",255,186,69
E01003866,2. Professional occupations,318,287,31
E01003866,3. Associate professional and technical occupations,191,66,125
E01003866,4. Administrative and secretarial occupations,65,48,17
E01003866,5. Skilled trades occupations,17,18,-1
E01003866,"6. Caring, leisure and other service occupations",26,33,-7
E01003866,7. Sales and customer service occupations,19,21,-2
E01003866,"8. Process, plant and machine operatives",4,9,-5
E01003866,9. Elementary occupations,10,15,-5
E01003867,"1. Managers, directors and senior officials",175,121,54
E01003867,2. Professional occupations,230,217,13
E01003867,3. Associate professional and technical occupations,136,48,88
E01003867,4. Administrative and secretarial occupations,59,84,-25
E01003867,5. Skilled trades occupations,47,50,-3
E01003867,"6. Caring, leisure and other service occupations",51,63,-12
E01003867,7. Sales and customer service occupations,44,55,-11
E01003867,"8. Process, plant and machine operatives",10,18,-8
E01003867,9. Elementary occupations,56,41,15
E01003868,"1. Managers, directors and senior officials",234,182,52
E01003868,2. Professional occupations,301,310,-9
E01003868,3. Associate professional and technical occupations,203,71,132
E01003868,4. Administrative and secretarial occupations,46,54,-8
E01003868,5. Skilled trades occupations,31,30,1
E01003868,"6. Caring, leisure and other service occupations",42,32,10
E01003868,7. Sales and customer service occupations,23,20,3
E01003868,"8. Process, plant and machine operatives",21,6,15
E01003868,9. Elementary occupations,9,20,-11
E01003869,"1. Managers, directors and senior officials",212,162,50
E01003869,2. Professional occupations,327,325,2
E01003869,3. Associate professional and technical occupations,196,72,124
E01003869,4. Administrative and secretarial occupations,54,91,-37
E01003869,5. Skilled trades occupations,32,30,2
E01003869,"6. Caring, leisure and other service occupations",38,41,-3
E01003869,7. Sales and customer service occupations,28,33,-5
E01003869,"8. Process, plant and machine operatives",19,4,15
E01003869,9. Elementary occupations,23,49,-26
E01003870,"1. Managers, directors and senior officials",325,173,152
E01003870,2. Professional occupations,415,350,65
E01003870,3. Associate professional and technical occupations,192,85,107
E01003870,4. Administrative and secretarial occupations,82,74,8
E01003870,5. Skilled trades occupations,44,33,11
E01003870,"6. Caring, leisure and other service occupations",53,58,-5
E01003870,7. Sales and customer service occupations,26,39,-13
E01003870,"8. Process, plant and machine operatives",13,12,1
E01003870,9. Elementary occupations,31,40,-9
E01003871,"1. Managers, directors and senior officials",242,197,45
E01003871,2. Professional occupations,287,281,6
E01003871,3. Associate professional and technical occupations,180,73,107
E01003871,4. Administrative and secretarial occupations,56,73,-17
E01003871,5. Skilled trades occupations,28,32,-4
E01003871,"6. Caring, leisure and other service occupations",44,36,8
E01003871,7. Sales and customer service occupations,36,20,16
E01003871,"8. Process, plant and machine operatives",7,11,-4
E01003871,9. Elementary occupations,22,33,-11
E01003872,"1. Managers, directors and senior officials",236,170,66
E01003872,2. Professional occupations,290,269,21
E01003872,3. Associate professional and technical occupations,167,68,99
E01003872,4. Administrative and secretarial occupations,45,81,-36
E01003872,5. Skilled trades occupations,40,29,11
E01003872,"6. Caring, leisure and other service occupations",42,37,5
E01003872,7. Sales and customer service occupations,26,27,-1
E01003872,"8. Process, plant and machine operatives",8,3,5
E01003872,9. Elementary occupations,25,22,3
E01003873,"1. Managers, directors and senior officials",242,212,30
E01003873,2. Professional occupations,338,315,23
E01003873,3. Associate professional and technical occupations,178,65,113
E01003873,4. Administrative and secretarial occupations,53,81,-28
E01003873,5. Skilled trades occupations,26,20,6
E01003873,"6. Caring, leisure and other service occupations",31,33,-2
E01003873,7. Sales and customer service occupations,19,31,-12
E01003873,"8. Process, plant and machine operatives",8,9,-1
E01003873,9. Elementary occupations,14,18,-4
E01003874,"1. Managers, directors and senior officials",274,199,75
E01003874,2. Professional occupations,346,344,2
E01003874,3. Associate professional and technical occupations,181,69,112
E01003874,4. Administrative and secretarial occupations,46,73,-27
E01003874,5. Skilled trades occupations,22,26,-4
E01003874,"6. Caring, leisure and other service occupations",30,21,9
E01003874,7. Sales and customer service occupations,17,17,0
E01003874,"8. Process, plant and machine operatives",6,2,4
E01003874,9. Elementary occupations,19,20,-1
E01003875,"1. Managers, directors and senior officials",218,170,48
E01003875,2. Professional occupations,253,244,9
E01003875,3. Associate professional and technical occupations,112,39,73
E01003875,4. Administrative and secretarial occupations,49,61,-12
E01003875,5. Skilled trades occupations,26,19,7
E01003875,"6. Caring, leisure and other service occupations",29,38,-9
E01003875,7. Sales and customer service occupations,17,14,3
E01003875,"8. Process, plant and machine operatives",12,10,2
E01003875,9. Elementary occupations,19,16,3
E01003876,"1. Managers, directors and senior officials",256,226,30
E01003876,2. Professional occupations,383,333,50
E01003876,3. Associate professional and technical occupations,215,63,152
E01003876,4. Administrative and secretarial occupations,58,65,-7
E01003876,5. Skilled trades occupations,35,32,3
E01003876,"6. Caring, leisure and other service occupations",48,32,16
E01003876,7. Sales and customer service occupations,30,18,12
E01003876,"8. Process, plant and machine operatives",15,6,9
E01003876,9. Elementary occupations,28,35,-7
E01003877,"1. Managers, directors and senior officials",244,189,55
E01003877,2. Professional occupations,292,253,39
E01003877,3. Associate professional and technical occupations,147,43,104
E01003877,4. Administrative and secretarial occupations,27,57,-30
E01003877,5. Skilled trades occupations,14,6,8
E01003877,"6. Caring, leisure and other service occupations",9,34,-25
E01003877,7. Sales and customer service occupations,3,13,-10
E01003877,"8. Process, plant and machine operatives",7,2,5
E01003877,9. Elementary occupations,15,16,-1
E01003878,"1. Managers, directors and senior officials",141,110,31
E01003878,2. Professional occupations,191,165,26
E01003878,3. Associate professional and technical occupations,91,42,49
E01003878,4. Administrative and secretarial occupations,32,67,-35
E01003878,5. Skilled trades occupations,29,31,-2
E01003878,"6. Caring, leisure and other service occupations",41,61,-20
E01003878,7. Sales and customer service occupations,39,37,2
E01003878,"8. Process, plant and machine operatives",26,18,8
E01003878,9. Elementary occupations,29,45,-16
E01003879,"1. Managers, directors and senior officials",237,197,40
E01003879,2. Professional occupations,229,271,-42
E01003879,3. Associate professional and technical occupations,142,52,90
E01003879,4. Administrative and secretarial occupations,44,61,-17
E01003879,5. Skilled trades occupations,11,9,2
E01003879,"6. Caring, leisure and other service occupations",13,22,-9
E01003879,7. Sales and customer service occupations,11,24,-13
E01003879,"8. Process, plant and machine operatives",5,6,-1
E01003879,9. Elementary occupations,8,21,-13
E01003880,"1. Managers, directors and senior officials",196,165,31
E01003880,2. Professional occupations,264,263,1
E01003880,3. Associate professional and technical occupations,141,57,84
E01003880,4. Administrative and secretarial occupations,47,75,-28
E01003880,5. Skilled trades occupations,35,36,-1
E01003880,"6. Caring, leisure and other service occupations",31,39,-8
E01003880,7. Sales and customer service occupations,28,24,4
E01003880,"8. Process, plant and machine operatives",4,10,-6
E01003880,9. Elementary occupations,25,24,1
E01003881,"1. Managers, directors and senior officials",143,118,25
E01003881,2. Professional occupations,198,193,5
E01003881,3. Associate professional and technical occupations,114,66,48
E01003881,4. Administrative and secretarial occupations,35,74,-39
E01003881,5. Skilled trades occupations,23,35,-12
E01003881,"6. Caring, leisure and other service occupations",43,67,-24
E01003881,7. Sales and customer service occupations,36,86,-50
E01003881,"8. Process, plant and machine operatives",6,14,-8
E01003881,9. Elementary occupations,48,103,-55
E01003882,"1. Managers, directors and senior officials",227,197,30
E01003882,2. Professional occupations,396,331,65
E01003882,3. Associate professional and technical occupations,210,65,145
E01003882,4. Administrative and secretarial occupations,69,94,-25
E01003882,5. Skilled trades occupations,42,52,-10
E01003882,"6. Caring, leisure and other service occupations",50,55,-5
E01003882,7. Sales and customer service occupations,30,44,-14
E01003882,"8. Process, plant and machine operatives",12,18,-6
E01003882,9. Elementary occupations,42,28,14
E01003883,"1. Managers, directors and senior officials",285,202,83
E01003883,2. Professional occupations,384,322,62
E01003883,3. Associate professional and technical occupations,227,101,126
E01003883,4. Administrative and secretarial occupations,75,98,-23
E01003883,5. Skilled trades occupations,39,61,-22
E01003883,"6. Caring, leisure and other service occupations",41,54,-13
E01003883,7. Sales and customer service occupations,44,31,13
E01003883,"8. Process, plant and machine operatives",10,15,-5
E01003883,9. Elementary occupations,19,46,-27
E01003884,"1. Managers, directors and senior officials",190,174,16
E01003884,2. Professional occupations,277,264,13
E01003884,3. Associate professional and technical occupations,155,58,97
E01003884,4. Administrative and secretarial occupations,62,69,-7
E01003884,5. Skilled trades occupations,28,30,-2
E01003884,"6. Caring, leisure and other service occupations",52,54,-2
E01003884,7. Sales and customer service occupations,24,34,-10
E01003884,"8. Process, plant and machine operatives",7,15,-8
E01003884,9. Elementary occupations,29,33,-4
E01003885,"1. Managers, directors and senior officials",169,149,20
E01003885,2. Professional occupations,266,273,-7
E01003885,3. Associate professional and technical occupations,145,57,88
E01003885,4. Administrative and secretarial occupations,55,83,-28
E01003885,5. Skilled trades occupations,45,37,8
E01003885,"6. Caring, leisure and other service occupations",54,51,3
E01003885,7. Sales and customer service occupations,34,24,10
E01003885,"8. Process, plant and machine operatives",20,11,9
E01003885,9. Elementary occupations,26,32,-6
E01003886,"1. Managers, directors and senior officials",207,178,29
E01003886,2. Professional occupations,265,301,-36
E01003886,3. Associate professional and technical occupations,180,77,103
E01003886,4. Administrative and secretarial occupations,47,89,-42
E01003886,5. Skilled trades occupations,33,41,-8
E01003886,"6. Caring, leisure and other service occupations",51,55,-4
E01003886,7. Sales and customer service occupations,29,38,-9
E01003886,"8. Process, plant and machine operatives",7,12,-5
E01003886,9. Elementary occupations,23,32,-9
E01003887,"1. Managers, directors and senior officials",242,197,45
E01003887,2. Professional occupations,323,298,25
E01003887,3. Associate professional and technical occupations,184,74,110
E01003887,4. Administrative and secretarial occupations,71,94,-23
E01003887,5. Skilled trades occupations,40,52,-12
E01003887,"6. Caring, leisure and other service occupations",53,54,-1
E01003887,7. Sales and customer service occupations,27,44,-17
E01003887,"8. Process, plant and machine operatives",12,10,2
E01003887,9. Elementary occupations,35,28,7
E01003888,"1. Managers, directors and senior officials",189,150,39
E01003888,2. Professional occupations,300,256,44
E01003888,3. Associate professional and technical occupations,161,91,70
E01003888,4. Administrative and secretarial occupations,72,90,-18
E01003888,5. Skilled trades occupations,68,53,15
E01003888,"6. Caring, leisure and other service occupations",70,73,-3
E01003888,7. Sales and customer service occupations,40,59,-19
E01003888,"8. Process, plant and machine operatives",22,17,5
E01003888,9. Elementary occupations,47,54,-7
E01003889,"1. Managers, directors and senior officials",199,161,38
E01003889,2. Professional occupations,284,312,-28
E01003889,3. Associate professional and technical occupations,157,72,85
E01003889,4. Administrative and secretarial occupations,72,110,-38
E01003889,5. Skilled trades occupations,34,29,5
E01003889,"6. Caring, leisure and other service occupations",29,49,-20
E01003889,7. Sales and customer service occupations,40,27,13
E01003889,"8. Process, plant and machine operatives",11,16,-5
E01003889,9. Elementary occupations,23,37,-14
E01003890,"1. Managers, directors and senior officials",230,158,72
E01003890,2. Professional occupations,280,258,22
E01003890,3. Associate professional and technical occupations,161,55,106
E01003890,4. Administrative and secretarial occupations,58,81,-23
E01003890,5. Skilled trades occupations,26,31,-5
E01003890,"6. Caring, leisure and other service occupations",34,46,-12
E01003890,7. Sales and customer service occupations,25,49,-24
E01003890,"8. Process, plant and machine operatives",12,9,3
E01003890,9. Elementary occupations,23,32,-9
E01003891,"1. Managers, directors and senior officials",234,209,25
E01003891,2. Professional occupations,255,274,-19
E01003891,3. Associate professional and technical occupations,160,76,84
E01003891,4. Administrative and secretarial occupations,53,87,-34
E01003891,5. Skilled trades occupations,32,36,-4
E01003891,"6. Caring, leisure and other service occupations",33,38,-5
E01003891,7. Sales and customer service occupations,29,29,0
E01003891,"8. Process, plant and machine operatives",16,16,0
E01003891,9. Elementary occupations,24,40,-16
E01003892,"1. Managers, directors and senior officials",297,267,30
E01003892,2. Professional occupations,357,360,-3
E01003892,3. Associate professional and technical occupations,180,62,118
E01003892,4. Administrative and secretarial occupations,52,65,-13
E01003892,5. Skilled trades occupations,17,28,-11
E01003892,"6. Caring, leisure and other service occupations",24,33,-9
E01003892,7. Sales and customer service occupations,31,27,4
E01003892,"8. Process, plant and machine operatives",8,6,2
E01003892,9. Elementary occupations,11,23,-12
E01003893,"1. Managers, directors and senior officials",201,177,24
E01003893,2. Professional occupations,289,316,-27
E01003893,3. Associate professional and technical occupations,185,58,127
E01003893,4. Administrative and secretarial occupations,63,78,-15
E01003893,5. Skilled trades occupations,20,39,-19
E01003893,"6. Caring, leisure and other service occupations",47,39,8
E01003893,7. Sales and customer service occupations,34,39,-5
E01003893,"8. Process, plant and machine operatives",12,10,2
E01003893,9. Elementary occupations,28,18,10
E01003894,"1. Managers, directors and senior officials",243,205,38
E01003894,2. Professional occupations,334,316,18
E01003894,3. Associate professional and technical occupations,204,76,128
E01003894,4. Administrative and secretarial occupations,46,69,-23
E01003894,5. Skilled trades occupations,19,20,-1
E01003894,"6. Caring, leisure and other service occupations",42,44,-2
E01003894,7. Sales and customer service occupations,28,27,1
E01003894,"8. Process, plant and machine operatives",4,11,-7
E01003894,9. Elementary occupations,19,23,-4
E01003895,"1. Managers, directors and senior officials",221,182,39
E01003895,2. Professional occupations,281,279,2
E01003895,3. Associate professional and technical occupations,182,74,108
E01003895,4. Administrative and secretarial occupations,49,93,-44
E01003895,5. Skilled trades occupations,38,35,3
E01003895,"6. Caring, leisure and other service occupations",37,45,-8
E01003895,7. Sales and customer service occupations,37,28,9
E01003895,"8. Process, plant and machine operatives",15,16,-1
E01003895,9. Elementary occupations,26,28,-2
E01003896,"1. Managers, directors and senior officials",223,189,34
E01003896,2. Professional occupations,355,322,33
E01003896,3. Associate professional and technical occupations,207,63,144
E01003896,4. Administrative and secretarial occupations,55,88,-33
E01003896,5. Skilled trades occupations,57,35,22
E01003896,"6. Caring, leisure and other service occupations",72,52,20
E01003896,7. Sales and customer service occupations,35,46,-11
E01003896,"8. Process, plant and machine operatives",24,12,12
E01003896,9. Elementary occupations,53,65,-12
E01003897,"1. Managers, directors and senior officials",209,180,29
E01003897,2. Professional occupations,406,375,31
E01003897,3. Associate professional and technical occupations,204,77,127
E01003897,4. Administrative and secretarial occupations,65,118,-53
E01003897,5. Skilled trades occupations,40,39,1
E01003897,"6. Caring, leisure and other service occupations",74,48,26
E01003897,7. Sales and customer service occupations,33,38,-5
E01003897,"8. Process, plant and machine operatives",23,8,15
E01003897,9. Elementary occupations,41,49,-8
E01003898,"1. Managers, directors and senior officials",214,150,64
E01003898,2. Professional occupations,305,294,11
E01003898,3. Associate professional and technical occupations,185,71,114
E01003898,4. Administrative and secretarial occupations,53,87,-34
E01003898,5. Skilled trades occupations,45,55,-10
E01003898,"6. Caring, leisure and other service occupations",46,45,1
E01003898,7. Sales and customer service occupations,33,26,7
E01003898,"8. Process, plant and machine operatives",17,13,4
E01003898,9. Elementary occupations,20,25,-5
E01003899,"1. Managers, directors and senior officials",155,140,15
E01003899,2. Professional occupations,237,211,26
E01003899,3. Associate professional and technical occupations,160,62,98
E01003899,4. Administrative and secretarial occupations,63,89,-26
E01003899,5. Skilled trades occupations,39,36,3
E01003899,"6. Caring, leisure and other service occupations",39,47,-8
E01003899,7. Sales and customer service occupations,25,34,-9
E01003899,"8. Process, plant and machine operatives",23,22,1
E01003899,9. Elementary occupations,28,30,-2
E01003900,"1. Managers, directors and senior officials",143,80,63
E01003900,2. Professional occupations,199,165,34
E01003900,3. Associate professional and technical occupations,125,41,84
E01003900,4. Administrative and secretarial occupations,68,86,-18
E01003900,5. Skilled trades occupations,53,67,-14
E01003900,"6. Caring, leisure and other service occupations",53,69,-16
E01003900,7. Sales and customer service occupations,51,73,-22
E01003900,"8. Process, plant and machine operatives",36,31,5
E01003900,9. Elementary occupations,60,47,13
E01003901,"1. Managers, directors and senior officials",196,122,74
E01003901,2. Professional occupations,269,249,20
E01003901,3. Associate professional and technical occupations,165,61,104
E01003901,4. Administrative and secretarial occupations,79,100,-21
E01003901,5. Skilled trades occupations,54,62,-8
E01003901,"6. Caring, leisure and other service occupations",59,69,-10
E01003901,7. Sales and customer service occupations,31,49,-18
E01003901,"8. Process, plant and machine operatives",28,34,-6
E01003901,9. Elementary occupations,31,39,-8
E01003902,"1. Managers, directors and senior officials",135,86,49
E01003902,2. Professional occupations,229,177,52
E01003902,3. Associate professional and technical occupations,104,44,60
E01003902,4. Administrative and secretarial occupations,70,98,-28
E01003902,5. Skilled trades occupations,38,60,-22
E01003902,"6. Caring, leisure and other service occupations",31,54,-23
E01003902,7. Sales and customer service occupations,30,33,-3
E01003902,"8. Process, plant and machine operatives",18,22,-4
E01003902,9. Elementary occupations,35,45,-10
E01003903,"1. Managers, directors and senior officials",154,88,66
E01003903,2. Professional occupations,187,175,12
E01003903,3. Associate professional and technical occupations,87,41,46
E01003903,4. Administrative and secretarial occupations,75,92,-17
E01003903,5. Skilled trades occupations,73,58,15
E01003903,"6. Caring, leisure and other service occupations",64,81,-17
E01003903,7. Sales and customer service occupations,43,64,-21
E01003903,"8. Process, plant and machine operatives",33,44,-11
E01003903,9. Elementary occupations,51,87,-36
E01003904,"1. Managers, directors and senior officials",164,110,54
E01003904,2. Professional occupations,254,244,10
E01003904,3. Associate professional and technical occupations,170,62,108
E01003904,4. Administrative and secretarial occupations,59,79,-20
E01003904,5. Skilled trades occupations,41,39,2
E01003904,"6. Caring, leisure and other service occupations",54,64,-10
E01003904,7. Sales and customer service occupations,25,39,-14
E01003904,"8. Process, plant and machine operatives",15,28,-13
E01003904,9. Elementary occupations,36,39,-3
E01003905,"1. Managers, directors and senior officials",134,96,38
E01003905,2. Professional occupations,187,145,42
E01003905,3. Associate professional and technical occupations,107,70,37
E01003905,4. Administrative and secretarial occupations,57,120,-63
E01003905,5. Skilled trades occupations,47,59,-12
E01003905,"6. Caring, leisure and other service occupations",50,68,-18
E01003905,7. Sales and customer service occupations,29,44,-15
E01003905,"8. Process, plant and machine operatives",26,17,9
E01003905,9. Elementary occupations,45,49,-4
E01003906,"1. Managers, directors and senior officials",143,85,58
E01003906,2. Professional occupations,220,194,26
E01003906,3. Associate professional and technical occupations,146,60,86
E01003906,4. Administrative and secretarial occupations,89,92,-3
E01003906,5. Skilled trades occupations,79,82,-3
E01003906,"6. Caring, leisure and other service occupations",56,88,-32
E01003906,7. Sales and customer service occupations,40,55,-15
E01003906,"8. Process, plant and machine operatives",35,35,0
E01003906,9. Elementary occupations,66,64,2
E01003907,"1. Managers, directors and senior officials",129,71,58
E01003907,2. Professional occupations,152,132,20
E01003907,3. Associate professional and technical occupations,107,55,52
E01003907,4. Administrative and secretarial occupations,86,104,-18
E01003907,5. Skilled trades occupations,56,71,-15
E01003907,"6. Caring, leisure and other service occupations",63,61,2
E01003907,7. Sales and customer service occupations,49,61,-12
E01003907,"8. Process, plant and machine operatives",37,47,-10
E01003907,9. Elementary occupations,70,71,-1
E01003908,"1. Managers, directors and senior officials",179,117,62
E01003908,2. Professional occupations,234,215,19
E01003908,3. Associate professional and technical occupations,145,79,66
E01003908,4. Administrative and secretarial occupations,83,128,-45
E01003908,5. Skilled trades occupations,75,74,1
E01003908,"6. Caring, leisure and other service occupations",58,80,-22
E01003908,7. Sales and customer service occupations,49,67,-18
E01003908,"8. Process, plant and machine operatives",32,26,6
E01003908,9. Elementary occupations,57,45,12
E01003909,"1. Managers, directors and senior officials",157,99,58
E01003909,2. Professional occupations,219,206,13
E01003909,3. Associate professional and technical occupations,111,64,47
E01003909,4. Administrative and secretarial occupations,66,118,-52
E01003909,5. Skilled trades occupations,57,66,-9
E01003909,"6. Caring, leisure and other service occupations",40,74,-34
E01003909,7. Sales and customer service occupations,51,65,-14
E01003909,"8. Process, plant and machine operatives",34,40,-6
E01003909,9. Elementary occupations,38,66,-28
E01003910,"1. Managers, directors and senior officials",172,87,85
E01003910,2. Professional occupations,235,184,51
E01003910,3. Associate professional and technical occupations,118,45,73
E01003910,4. Administrative and secretarial occupations,77,99,-22
E01003910,5. Skilled trades occupations,38,41,-3
E01003910,"6. Caring, leisure and other service occupations",65,49,16
E01003910,7. Sales and customer service occupations,38,52,-14
E01003910,"8. Process, plant and machine operatives",30,28,2
E01003910,9. Elementary occupations,39,39,0
E01003911,"1. Managers, directors and senior officials",92,69,23
E01003911,2. Professional occupations,278,228,50
E01003911,3. Associate professional and technical occupations,151,57,94
E01003911,4. Administrative and secretarial occupations,75,70,5
E01003911,5. Skilled trades occupations,40,60,-20
E01003911,"6. Caring, leisure and other service occupations",115,111,4
E01003911,7. Sales and customer service occupations,76,79,-3
E01003911,"8. Process, plant and machine operatives",48,42,6
E01003911,9. Elementary occupations,150,150,0
E01003912,"1. Managers, directors and senior officials",42,35,7
E01003912,2. Professional occupations,108,78,30
E01003912,3. Associate professional and technical occupations,64,18,46
E01003912,4. Administrative and secretarial occupations,56,59,-3
E01003912,5. Skilled trades occupations,49,44,5
E01003912,"6. Caring, leisure and other service occupations",136,81,55
E01003912,7. Sales and customer service occupations,48,63,-15
E01003912,"8. Process, plant and machine operatives",31,36,-5
E01003912,9. Elementary occupations,162,127,35
E01003913,"1. Managers, directors and senior officials",178,117,61
E01003913,2. Professional occupations,424,310,114
E01003913,3. Associate professional and technical occupations,235,53,182
E01003913,4. Administrative and secretarial occupations,70,111,-41
E01003913,5. Skilled trades occupations,46,59,-13
E01003913,"6. Caring, leisure and other service occupations",81,57,24
E01003913,7. Sales and customer service occupations,44,50,-6
E01003913,"8. Process, plant and machine operatives",26,19,7
E01003913,9. Elementary occupations,127,87,40
E01003914,"1. Managers, directors and senior officials",176,102,74
E01003914,2. Professional occupations,383,266,117
E01003914,3. Associate professional and technical occupations,252,77,175
E01003914,4. Administrative and secretarial occupations,61,82,-21
E01003914,5. Skilled trades occupations,61,64,-3
E01003914,"6. Caring, leisure and other service occupations",49,75,-26
E01003914,7. Sales and customer service occupations,47,53,-6
E01003914,"8. Process, plant and machine operatives",23,20,3
E01003914,9. Elementary occupations,72,103,-31
E01003915,"1. Managers, directors and senior officials",104,93,11
E01003915,2. Professional occupations,268,208,60
E01003915,3. Associate professional and technical occupations,202,48,154
E01003915,4. Administrative and secretarial occupations,62,108,-46
E01003915,5. Skilled trades occupations,54,55,-1
E01003915,"6. Caring, leisure and other service occupations",107,106,1
E01003915,7. Sales and customer service occupations,65,77,-12
E01003915,"8. Process, plant and machine operatives",75,31,44
E01003915,9. Elementary occupations,145,128,17
E01003916,"1. Managers, directors and senior officials",169,90,79
E01003916,2. Professional occupations,340,222,118
E01003916,3. Associate professional and technical occupations,231,79,152
E01003916,4. Administrative and secretarial occupations,87,118,-31
E01003916,5. Skilled trades occupations,89,85,4
E01003916,"6. Caring, leisure and other service occupations",117,101,16
E01003916,7. Sales and customer service occupations,71,78,-7
E01003916,"8. Process, plant and machine operatives",46,39,7
E01003916,9. Elementary occupations,210,191,19
E01003917,"1. Managers, directors and senior officials",126,89,37
E01003917,2. Professional occupations,276,197,79
E01003917,3. Associate professional and technical occupations,236,58,178
E01003917,4. Administrative and secretarial occupations,69,78,-9
E01003917,5. Skilled trades occupations,38,64,-26
E01003917,"6. Caring, leisure and other service occupations",83,93,-10
E01003917,7. Sales and customer service occupations,56,75,-19
E01003917,"8. Process, plant and machine operatives",57,25,32
E01003917,9. Elementary occupations,112,126,-14
E01003918,"1. Managers, directors and senior officials",73,39,34
E01003918,2. Professional occupations,184,89,95
E01003918,3. Associate professional and technical occupations,154,34,120
E01003918,4. Administrative and secretarial occupations,53,70,-17
E01003918,5. Skilled trades occupations,30,51,-21
E01003918,"6. Caring, leisure and other service occupations",90,108,-18
E01003918,7. Sales and customer service occupations,43,51,-8
E01003918,"8. Process, plant and machine operatives",19,27,-8
E01003918,9. Elementary occupations,103,126,-23
E01003919,"1. Managers, directors and senior officials",116,94,22
E01003919,2. Professional occupations,269,236,33
E01003919,3. Associate professional and technical occupations,194,63,131
E01003919,4. Administrative and secretarial occupations,68,94,-26
E01003919,5. Skilled trades occupations,29,50,-21
E01003919,"6. Caring, leisure and other service occupations",63,103,-40
E01003919,7. Sales and customer service occupations,44,61,-17
E01003919,"8. Process, plant and machine operatives",23,23,0
E01003919,9. Elementary occupations,85,104,-19
E01003920,"1. Managers, directors and senior officials",90,52,38
E01003920,2. Professional occupations,248,131,117
E01003920,3. Associate professional and technical occupations,136,34,102
E01003920,4. Administrative and secretarial occupations,78,72,6
E01003920,5. Skilled trades occupations,56,68,-12
E01003920,"6. Caring, leisure and other service occupations",150,113,37
E01003920,7. Sales and customer service occupations,46,58,-12
E01003920,"8. Process, plant and machine operatives",60,48,12
E01003920,9. Elementary occupations,190,162,28
E01003921,"1. Managers, directors and senior officials",158,38,120
E01003921,2. Professional occupations,352,127,225
E01003921,3. Associate professional and technical occupations,226,30,196
E01003921,4. Administrative and secretarial occupations,64,85,-21
E01003921,5. Skilled trades occupations,50,59,-9
E01003921,"6. Caring, leisure and other service occupations",91,96,-5
E01003921,7. Sales and customer service occupations,55,53,2
E01003921,"8. Process, plant and machine operatives",40,32,8
E01003921,9. Elementary occupations,155,134,21
E01003922,"1. Managers, directors and senior officials",128,75,53
E01003922,2. Professional occupations,295,168,127
E01003922,3. Associate professional and technical occupations,175,52,123
E01003922,4. Administrative and secretarial occupations,77,104,-27
E01003922,5. Skilled trades occupations,58,64,-6
E01003922,"6. Caring, leisure and other service occupations",131,115,16
E01003922,7. Sales and customer service occupations,53,66,-13
E01003922,"8. Process, plant and machine operatives",40,35,5
E01003922,9. Elementary occupations,210,168,42
E01003923,"1. Managers, directors and senior officials",105,88,17
E01003923,2. Professional occupations,281,239,42
E01003923,3. Associate professional and technical occupations,177,61,116
E01003923,4. Administrative and secretarial occupations,64,92,-28
E01003923,5. Skilled trades occupations,46,59,-13
E01003923,"6. Caring, leisure and other service occupations",71,83,-12
E01003923,7. Sales and customer service occupations,48,61,-13
E01003923,"8. Process, plant and machine operatives",40,30,10
E01003923,9. Elementary occupations,112,104,8
E01003924,"1. Managers, directors and senior officials",59,57,2
E01003924,2. Professional occupations,167,108,59
E01003924,3. Associate professional and technical occupations,110,24,86
E01003924,4. Administrative and secretarial occupations,53,79,-26
E01003924,5. Skilled trades occupations,55,74,-19
E01003924,"6. Caring, leisure and other service occupations",133,132,1
E01003924,7. Sales and customer service occupations,62,77,-15
E01003924,"8. Process, plant and machine operatives",88,45,43
E01003924,9. Elementary occupations,255,224,31
E01003925,"1. Managers, directors and senior officials",137,38,99
E01003925,2. Professional occupations,251,74,177
E01003925,3. Associate professional and technical occupations,168,30,138
E01003925,4. Administrative and secretarial occupations,67,64,3
E01003925,5. Skilled trades occupations,64,43,21
E01003925,"6. Caring, leisure and other service occupations",109,62,47
E01003925,7. Sales and customer service occupations,58,67,-9
E01003925,"8. Process, plant and machine operatives",54,28,26
E01003925,9. Elementary occupations,172,113,59
E01003926,"1. Managers, directors and senior officials",47,42,5
E01003926,2. Professional occupations,157,88,69
E01003926,3. Associate professional and technical occupations,109,37,72
E01003926,4. Administrative and secretarial occupations,64,64,0
E01003926,5. Skilled trades occupations,39,45,-6
E01003926,"6. Caring, leisure and other service occupations",91,75,16
E01003926,7. Sales and customer service occupations,42,70,-28
E01003926,"8. Process, plant and machine operatives",33,38,-5
E01003926,9. Elementary occupations,105,112,-7
E01003929,"1. Managers, directors and senior officials",238,209,29
E01003929,2. Professional occupations,481,517,-36
E01003929,3. Associate professional and technical occupations,274,78,196
E01003929,4. Administrative and secretarial occupations,80,113,-33
E01003929,5. Skilled trades occupations,36,54,-18
E01003929,"6. Caring, leisure and other service occupations",39,64,-25
E01003929,7. Sales and customer service occupations,53,52,1
E01003929,"8. Process, plant and machine operatives",20,28,-8
E01003929,9. Elementary occupations,51,76,-25
E01003930,"1. Managers, directors and senior officials",137,61,76
E01003930,2. Professional occupations,338,127,211
E01003930,3. Associate professional and technical occupations,154,39,115
E01003930,4. Administrative and secretarial occupations,70,60,10
E01003930,5. Skilled trades occupations,18,34,-16
E01003930,"6. Caring, leisure and other service occupations",44,39,5
E01003930,7. Sales and customer service occupations,51,63,-12
E01003930,"8. Process, plant and machine operatives",19,25,-6
E01003930,9. Elementary occupations,67,92,-25
E01003932,"1. Managers, directors and senior officials",70,59,11
E01003932,2. Professional occupations,204,160,44
E01003932,3. Associate professional and technical occupations,157,44,113
E01003932,4. Administrative and secretarial occupations,64,95,-31
E01003932,5. Skilled trades occupations,31,44,-13
E01003932,"6. Caring, leisure and other service occupations",62,67,-5
E01003932,7. Sales and customer service occupations,64,61,3
E01003932,"8. Process, plant and machine operatives",35,40,-5
E01003932,9. Elementary occupations,93,75,18
E01003933,"1. Managers, directors and senior officials",223,102,121
E01003933,2. Professional occupations,502,211,291
E01003933,3. Associate professional and technical occupations,230,47,183
E01003933,4. Administrative and secretarial occupations,79,78,1
E01003933,5. Skilled trades occupations,48,25,23
E01003933,"6. Caring, leisure and other service occupations",72,46,26
E01003933,7. Sales and customer service occupations,53,77,-24
E01003933,"8. Process, plant and machine operatives",24,11,13
E01003933,9. Elementary occupations,81,94,-13
E01003934,"1. Managers, directors and senior officials",294,162,132
E01003934,2. Professional occupations,439,233,206
E01003934,3. Associate professional and technical occupations,214,38,176
E01003934,4. Administrative and secretarial occupations,76,61,15
E01003934,5. Skilled trades occupations,22,32,-10
E01003934,"6. Caring, leisure and other service occupations",16,43,-27
E01003934,7. Sales and customer service occupations,38,27,11
E01003934,"8. Process, plant and machine operatives",16,21,-5
E01003934,9. Elementary occupations,48,41,7
E01003935,"1. Managers, directors and senior officials",79,100,-21
E01003935,2. Professional occupations,168,141,27
E01003935,3. Associate professional and technical occupations,73,32,41
E01003935,4. Administrative and secretarial occupations,34,65,-31
E01003935,5. Skilled trades occupations,18,37,-19
E01003935,"6. Caring, leisure and other service occupations",30,41,-11
E01003935,7. Sales and customer service occupations,24,38,-14
E01003935,"8. Process, plant and machine operatives",28,14,14
E01003935,9. Elementary occupations,40,41,-1
E01003936,"1. Managers, directors and senior officials",183,134,49
E01003936,2. Professional occupations,443,391,52
E01003936,3. Associate professional and technical occupations,183,55,128
E01003936,4. Administrative and secretarial occupations,62,67,-5
E01003936,5. Skilled trades occupations,10,21,-11
E01003936,"6. Caring, leisure and other service occupations",19,24,-5
E01003936,7. Sales and customer service occupations,25,64,-39
E01003936,"8. Process, plant and machine operatives",8,10,-2
E01003936,9. Elementary occupations,11,46,-35
E01003937,"1. Managers, directors and senior officials",139,139,0
E01003937,2. Professional occupations,361,337,24
E01003937,3. Associate professional and technical occupations,184,65,119
E01003937,4. Administrative and secretarial occupations,58,87,-29
E01003937,5. Skilled trades occupations,27,44,-17
E01003937,"6. Caring, leisure and other service occupations",61,48,13
E01003937,7. Sales and customer service occupations,43,38,5
E01003937,"8. Process, plant and machine operatives",20,22,-2
E01003937,9. Elementary occupations,95,77,18
E01003938,"1. Managers, directors and senior officials",98,87,11
E01003938,2. Professional occupations,245,292,-47
E01003938,3. Associate professional and technical occupations,135,48,87
E01003938,4. Administrative and secretarial occupations,67,92,-25
E01003938,5. Skilled trades occupations,38,53,-15
E01003938,"6. Caring, leisure and other service occupations",112,63,49
E01003938,7. Sales and customer service occupations,55,73,-18
E01003938,"8. Process, plant and machine operatives",57,33,24
E01003938,9. Elementary occupations,80,89,-9
E01003939,"1. Managers, directors and senior officials",179,153,26
E01003939,2. Professional occupations,481,468,13
E01003939,3. Associate professional and technical occupations,163,52,111
E01003939,4. Administrative and secretarial occupations,65,76,-11
E01003939,5. Skilled trades occupations,30,42,-12
E01003939,"6. Caring, leisure and other service occupations",50,73,-23
E01003939,7. Sales and customer service occupations,54,48,6
E01003939,"8. Process, plant and machine operatives",32,22,10
E01003939,9. Elementary occupations,69,65,4
E01003940,"1. Managers, directors and senior officials",78,52,26
E01003940,2. Professional occupations,197,129,68
E01003940,3. Associate professional and technical occupations,104,45,59
E01003940,4. Administrative and secretarial occupations,69,77,-8
E01003940,5. Skilled trades occupations,36,54,-18
E01003940,"6. Caring, leisure and other service occupations",75,63,12
E01003940,7. Sales and customer service occupations,66,37,29
E01003940,"8. Process, plant and machine operatives",37,33,4
E01003940,9. Elementary occupations,106,93,13
E01003941,"1. Managers, directors and senior officials",273,190,83
E01003941,2. Professional occupations,455,388,67
E01003941,3. Associate professional and technical occupations,217,88,129
E01003941,4. Administrative and secretarial occupations,69,82,-13
E01003941,5. Skilled trades occupations,45,34,11
E01003941,"6. Caring, leisure and other service occupations",60,62,-2
E01003941,7. Sales and customer service occupations,49,59,-10
E01003941,"8. Process, plant and machine operatives",21,22,-1
E01003941,9. Elementary occupations,97,79,18
E01003942,"1. Managers, directors and senior officials",94,51,43
E01003942,2. Professional occupations,184,135,49
E01003942,3. Associate professional and technical occupations,105,50,55
E01003942,4. Administrative and secretarial occupations,75,68,7
E01003942,5. Skilled trades occupations,41,35,6
E01003942,"6. Caring, leisure and other service occupations",71,62,9
E01003942,7. Sales and customer service occupations,53,59,-6
E01003942,"8. Process, plant and machine operatives",33,22,11
E01003942,9. Elementary occupations,97,93,4
E01003943,"1. Managers, directors and senior officials",53,32,21
E01003943,2. Professional occupations,178,128,50
E01003943,3. Associate professional and technical occupations,90,29,61
E01003943,4. Administrative and secretarial occupations,74,54,20
E01003943,5. Skilled trades occupations,43,40,3
E01003943,"6. Caring, leisure and other service occupations",92,74,18
E01003943,7. Sales and customer service occupations,66,47,19
E01003943,"8. Process, plant and machine operatives",36,32,4
E01003943,9. Elementary occupations,147,129,18
E01003945,"1. Managers, directors and senior officials",195,133,62
E01003945,2. Professional occupations,336,308,28
E01003945,3. Associate professional and technical occupations,161,66,95
E01003945,4. Administrative and secretarial occupations,52,94,-42
E01003945,5. Skilled trades occupations,40,32,8
E01003945,"6. Caring, leisure and other service occupations",46,46,0
E01003945,7. Sales and customer service occupations,31,38,-7
E01003945,"8. Process, plant and machine operatives",19,21,-2
E01003945,9. Elementary occupations,52,65,-13
E01003946,"1. Managers, directors and senior officials",153,113,40
E01003946,2. Professional occupations,297,256,41
E01003946,3. Associate professional and technical occupations,159,50,109
E01003946,4. Administrative and secretarial occupations,70,88,-18
E01003946,5. Skilled trades occupations,78,47,31
E01003946,"6. Caring, leisure and other service occupations",53,54,-1
E01003946,7. Sales and customer service occupations,30,35,-5
E01003946,"8. Process, plant and machine operatives",35,16,19
E01003946,9. Elementary occupations,37,39,-2
E01003947,"1. Managers, directors and senior officials",51,40,11
E01003947,2. Professional occupations,128,108,20
E01003947,3. Associate professional and technical occupations,82,30,52
E01003947,4. Administrative and secretarial occupations,52,71,-19
E01003947,5. Skilled trades occupations,45,48,-3
E01003947,"6. Caring, leisure and other service occupations",104,71,33
E01003947,7. Sales and customer service occupations,57,46,11
E01003947,"8. Process, plant and machine operatives",45,34,11
E01003947,9. Elementary occupations,72,91,-19
E01003948,"1. Managers, directors and senior officials",185,121,64
E01003948,2. Professional occupations,332,246,86
E01003948,3. Associate professional and technical occupations,201,60,141
E01003948,4. Administrative and secretarial occupations,75,89,-14
E01003948,5. Skilled trades occupations,52,60,-8
E01003948,"6. Caring, leisure and other service occupations",58,52,6
E01003948,7. Sales and customer service occupations,29,33,-4
E01003948,"8. Process, plant and machine operatives",21,17,4
E01003948,9. Elementary occupations,52,55,-3
E01003949,"1. Managers, directors and senior officials",201,158,43
E01003949,2. Professional occupations,369,357,12
E01003949,3. Associate professional and technical occupations,205,78,127
E01003949,4. Administrative and secretarial occupations,70,107,-37
E01003949,5. Skilled trades occupations,55,69,-14
E01003949,"6. Caring, leisure and other service occupations",59,65,-6
E01003949,7. Sales and customer service occupations,48,42,6
E01003949,"8. Process, plant and machine operatives",7,21,-14
E01003949,9. Elementary occupations,47,58,-11
E01003950,"1. Managers, directors and senior officials",97,77,20
E01003950,2. Professional occupations,270,178,92
E01003950,3. Associate professional and technical occupations,158,67,91
E01003950,4. Administrative and secretarial occupations,52,95,-43
E01003950,5. Skilled trades occupations,51,61,-10
E01003950,"6. Caring, leisure and other service occupations",113,99,14
E01003950,7. Sales and customer service occupations,56,69,-13
E01003950,"8. Process, plant and machine operatives",44,36,8
E01003950,9. Elementary occupations,106,96,10
E01003951,"1. Managers, directors and senior officials",130,123,7
E01003951,2. Professional occupations,234,233,1
E01003951,3. Associate professional and technical occupations,107,33,74
E01003951,4. Administrative and secretarial occupations,55,55,0
E01003951,5. Skilled trades occupations,46,37,9
E01003951,"6. Caring, leisure and other service occupations",23,45,-22
E01003951,7. Sales and customer service occupations,22,26,-4
E01003951,"8. Process, plant and machine operatives",10,4,6
E01003951,9. Elementary occupations,27,37,-10
E01003952,"1. Managers, directors and senior officials",177,110,67
E01003952,2. Professional occupations,352,314,38
E01003952,3. Associate professional and technical occupations,216,60,156
E01003952,4. Administrative and secretarial occupations,65,83,-18
E01003952,5. Skilled trades occupations,41,41,0
E01003952,"6. Caring, leisure and other service occupations",36,58,-22
E01003952,7. Sales and customer service occupations,32,44,-12
E01003952,"8. Process, plant and machine operatives",22,10,12
E01003952,9. Elementary occupations,58,62,-4
E01003953,"1. Managers, directors and senior officials",231,172,59
E01003953,2. Professional occupations,516,496,20
E01003953,3. Associate professional and technical occupations,290,65,225
E01003953,4. Administrative and secretarial occupations,87,130,-43
E01003953,5. Skilled trades occupations,57,52,5
E01003953,"6. Caring, leisure and other service occupations",46,64,-18
E01003953,7. Sales and customer service occupations,29,65,-36
E01003953,"8. Process, plant and machine operatives",19,17,2
E01003953,9. Elementary occupations,43,53,-10
E01003954,"1. Managers, directors and senior officials",189,128,61
E01003954,2. Professional occupations,362,294,68
E01003954,3. Associate professional and technical occupations,197,56,141
E01003954,4. Administrative and secretarial occupations,48,105,-57
E01003954,5. Skilled trades occupations,32,51,-19
E01003954,"6. Caring, leisure and other service occupations",23,44,-21
E01003954,7. Sales and customer service occupations,27,44,-17
E01003954,"8. Process, plant and machine operatives",18,30,-12
E01003954,9. Elementary occupations,36,42,-6
E01003955,"1. Managers, directors and senior officials",221,140,81
E01003955,2. Professional occupations,392,319,73
E01003955,3. Associate professional and technical occupations,233,82,151
E01003955,4. Administrative and secretarial occupations,47,118,-71
E01003955,5. Skilled trades occupations,54,60,-6
E01003955,"6. Caring, leisure and other service occupations",47,53,-6
E01003955,7. Sales and customer service occupations,30,35,-5
E01003955,"8. Process, plant and machine operatives",12,25,-13
E01003955,9. Elementary occupations,43,61,-18
E01003956,"1. Managers, directors and senior officials",225,141,84
E01003956,2. Professional occupations,419,341,78
E01003956,3. Associate professional and technical occupations,212,78,134
E01003956,4. Administrative and secretarial occupations,62,105,-43
E01003956,5. Skilled trades occupations,39,51,-12
E01003956,"6. Caring, leisure and other service occupations",33,49,-16
E01003956,7. Sales and customer service occupations,31,48,-17
E01003956,"8. Process, plant and machine operatives",17,13,4
E01003956,9. Elementary occupations,24,34,-10
E01003957,"1. Managers, directors and senior officials",210,126,84
E01003957,2. Professional occupations,386,294,92
E01003957,3. Associate professional and technical occupations,200,66,134
E01003957,4. Administrative and secretarial occupations,59,86,-27
E01003957,5. Skilled trades occupations,47,60,-13
E01003957,"6. Caring, leisure and other service occupations",41,72,-31
E01003957,7. Sales and customer service occupations,36,43,-7
E01003957,"8. Process, plant and machine operatives",16,17,-1
E01003957,9. Elementary occupations,47,51,-4
E01003958,"1. Managers, directors and senior officials",183,110,73
E01003958,2. Professional occupations,331,270,61
E01003958,3. Associate professional and technical occupations,196,79,117
E01003958,4. Administrative and secretarial occupations,54,91,-37
E01003958,5. Skilled trades occupations,52,53,-1
E01003958,"6. Caring, leisure and other service occupations",75,63,12
E01003958,7. Sales and customer service occupations,38,50,-12
E01003958,"8. Process, plant and machine operatives",24,21,3
E01003958,9. Elementary occupations,63,63,0
E01003960,"1. Managers, directors and senior officials",129,104,25
E01003960,2. Professional occupations,346,226,120
E01003960,3. Associate professional and technical occupations,177,50,127
E01003960,4. Administrative and secretarial occupations,79,107,-28
E01003960,5. Skilled trades occupations,47,60,-13
E01003960,"6. Caring, leisure and other service occupations",80,64,16
E01003960,7. Sales and customer service occupations,36,68,-32
E01003960,"8. Process, plant and machine operatives",27,25,2
E01003960,9. Elementary occupations,95,118,-23
E01003961,"1. Managers, directors and senior officials",56,49,7
E01003961,2. Professional occupations,170,124,46
E01003961,3. Associate professional and technical occupations,111,41,70
E01003961,4. Administrative and secretarial occupations,58,90,-32
E01003961,5. Skilled trades occupations,69,74,-5
E01003961,"6. Caring, leisure and other service occupations",105,105,0
E01003961,7. Sales and customer service occupations,87,71,16
E01003961,"8. Process, plant and machine operatives",58,53,5
E01003961,9. Elementary occupations,182,176,6
E01003963,"1. Managers, directors and senior officials",55,39,16
E01003963,2. Professional occupations,140,99,41
E01003963,3. Associate professional and technical occupations,122,32,90
E01003963,4. Administrative and secretarial occupations,66,70,-4
E01003963,5. Skilled trades occupations,54,67,-13
E01003963,"6. Caring, leisure and other service occupations",106,87,19
E01003963,7. Sales and customer service occupations,68,63,5
E01003963,"8. Process, plant and machine operatives",29,30,-1
E01003963,9. Elementary occupations,151,144,7
E01003966,"1. Managers, directors and senior officials",84,49,35
E01003966,2. Professional occupations,190,105,85
E01003966,3. Associate professional and technical occupations,135,49,86
E01003966,4. Administrative and secretarial occupations,62,104,-42
E01003966,5. Skilled trades occupations,77,80,-3
E01003966,"6. Caring, leisure and other service occupations",137,93,44
E01003966,7. Sales and customer service occupations,80,87,-7
E01003966,"8. Process, plant and machine operatives",53,35,18
E01003966,9. Elementary occupations,284,172,112
E01003969,"1. Managers, directors and senior officials",169,103,66
E01003969,2. Professional occupations,388,195,193
E01003969,3. Associate professional and technical occupations,267,60,207
E01003969,4. Administrative and secretarial occupations,106,98,8
E01003969,5. Skilled trades occupations,98,81,17
E01003969,"6. Caring, leisure and other service occupations",96,69,27
E01003969,7. Sales and customer service occupations,96,78,18
E01003969,"8. Process, plant and machine operatives",60,38,22
E01003969,9. Elementary occupations,232,172,60
E01003971,"1. Managers, directors and senior officials",61,33,28
E01003971,2. Professional occupations,135,67,68
E01003971,3. Associate professional and technical occupations,76,29,47
E01003971,4. Administrative and secretarial occupations,45,63,-18
E01003971,5. Skilled trades occupations,34,55,-21
E01003971,"6. Caring, leisure and other service occupations",90,95,-5
E01003971,7. Sales and customer service occupations,46,67,-21
E01003971,"8. Process, plant and machine operatives",21,49,-28
E01003971,9. Elementary occupations,75,142,-67
E01003972,"1. Managers, directors and senior officials",74,57,17
E01003972,2. Professional occupations,206,124,82
E01003972,3. Associate professional and technical occupations,125,38,87
E01003972,4. Administrative and secretarial occupations,60,99,-39
E01003972,5. Skilled trades occupations,39,57,-18
E01003972,"6. Caring, leisure and other service occupations",82,80,2
E01003972,7. Sales and customer service occupations,41,77,-36
E01003972,"8. Process, plant and machine operatives",34,48,-14
E01003972,9. Elementary occupations,107,159,-52
E01003973,"1. Managers, directors and senior officials",64,45,19
E01003973,2. Professional occupations,196,118,78
E01003973,3. Associate professional and technical occupations,137,46,91
E01003973,4. Administrative and secretarial occupations,86,89,-3
E01003973,5. Skilled trades occupations,45,66,-21
E01003973,"6. Caring, leisure and other service occupations",101,92,9
E01003973,7. Sales and customer service occupations,67,62,5
E01003973,"8. Process, plant and machine operatives",42,30,12
E01003973,9. Elementary occupations,164,171,-7
E01003975,"1. Managers, directors and senior officials",94,64,30
E01003975,2. Professional occupations,240,130,110
E01003975,3. Associate professional and technical occupations,155,36,119
E01003975,4. Administrative and secretarial occupations,59,80,-21
E01003975,5. Skilled trades occupations,51,54,-3
E01003975,"6. Caring, leisure and other service occupations",91,80,11
E01003975,7. Sales and customer service occupations,63,52,11
E01003975,"8. Process, plant and machine operatives",38,17,21
E01003975,9. Elementary occupations,98,122,-24
E01003976,"1. Managers, directors and senior officials",218,140,78
E01003976,2. Professional occupations,553,299,254
E01003976,3. Associate professional and technical occupations,222,45,177
E01003976,4. Administrative and secretarial occupations,86,107,-21
E01003976,5. Skilled trades occupations,62,51,11
E01003976,"6. Caring, leisure and other service occupations",88,66,22
E01003976,7. Sales and customer service occupations,62,65,-3
E01003976,"8. Process, plant and machine operatives",39,39,0
E01003976,9. Elementary occupations,75,108,-33
E01003977,"1. Managers, directors and senior officials",134,57,77
E01003977,2. Professional occupations,238,123,115
E01003977,3. Associate professional and technical occupations,140,49,91
E01003977,4. Administrative and secretarial occupations,80,114,-34
E01003977,5. Skilled trades occupations,73,83,-10
E01003977,"6. Caring, leisure and other service occupations",90,79,11
E01003977,7. Sales and customer service occupations,51,61,-10
E01003977,"8. Process, plant and machine operatives",49,30,19
E01003977,9. Elementary occupations,113,107,6
E01003979,"1. Managers, directors and senior officials",158,117,41
E01003979,2. Professional occupations,353,257,96
E01003979,3. Associate professional and technical occupations,185,68,117
E01003979,4. Administrative and secretarial occupations,82,83,-1
E01003979,5. Skilled trades occupations,53,43,10
E01003979,"6. Caring, leisure and other service occupations",66,58,8
E01003979,7. Sales and customer service occupations,48,74,-26
E01003979,"8. Process, plant and machine operatives",26,21,5
E01003979,9. Elementary occupations,112,77,35
E01003980,"1. Managers, directors and senior officials",98,65,33
E01003980,2. Professional occupations,234,154,80
E01003980,3. Associate professional and technical occupations,135,60,75
E01003980,4. Administrative and secretarial occupations,75,90,-15
E01003980,5. Skilled trades occupations,62,73,-11
E01003980,"6. Caring, leisure and other service occupations",92,81,11
E01003980,7. Sales and customer service occupations,65,90,-25
E01003980,"8. Process, plant and machine operatives",43,32,11
E01003980,9. Elementary occupations,177,158,19
E01003981,"1. Managers, directors and senior officials",98,97,1
E01003981,2. Professional occupations,254,271,-17
E01003981,3. Associate professional and technical occupations,112,50,62
E01003981,4. Administrative and secretarial occupations,52,86,-34
E01003981,5. Skilled trades occupations,29,45,-16
E01003981,"6. Caring, leisure and other service occupations",64,58,6
E01003981,7. Sales and customer service occupations,49,50,-1
E01003981,"8. Process, plant and machine operatives",25,27,-2
E01003981,9. Elementary occupations,46,81,-35
E01003983,"1. Managers, directors and senior officials",51,41,10
E01003983,2. Professional occupations,126,92,34
E01003983,3. Associate professional and technical occupations,111,29,82
E01003983,4. Administrative and secretarial occupations,65,75,-10
E01003983,5. Skilled trades occupations,45,57,-12
E01003983,"6. Caring, leisure and other service occupations",115,109,6
E01003983,7. Sales and customer service occupations,48,109,-61
E01003983,"8. Process, plant and machine operatives",74,44,30
E01003983,9. Elementary occupations,144,165,-21
E01003984,"1. Managers, directors and senior officials",145,94,51
E01003984,2. Professional occupations,378,156,222
E01003984,3. Associate professional and technical occupations,238,72,166
E01003984,4. Administrative and secretarial occupations,107,73,34
E01003984,5. Skilled trades occupations,71,81,-10
E01003984,"6. Caring, leisure and other service occupations",101,91,10
E01003984,7. Sales and customer service occupations,63,69,-6
E01003984,"8. Process, plant and machine operatives",42,40,2
E01003984,9. Elementary occupations,171,204,-33
E01003986,"1. Managers, directors and senior officials",69,30,39
E01003986,2. Professional occupations,157,63,94
E01003986,3. Associate professional and technical occupations,97,18,79
E01003986,4. Administrative and secretarial occupations,43,56,-13
E01003986,5. Skilled trades occupations,45,38,7
E01003986,"6. Caring, leisure and other service occupations",83,61,22
E01003986,7. Sales and customer service occupations,56,57,-1
E01003986,"8. Process, plant and machine operatives",44,25,19
E01003986,9. Elementary occupations,116,106,10
E01003987,"1. Managers, directors and senior officials",79,40,39
E01003987,2. Professional occupations,197,119,78
E01003987,3. Associate professional and technical occupations,137,40,97
E01003987,4. Administrative and secretarial occupations,81,92,-11
E01003987,5. Skilled trades occupations,57,61,-4
E01003987,"6. Caring, leisure and other service occupations",80,80,0
E01003987,7. Sales and customer service occupations,62,72,-10
E01003987,"8. Process, plant and machine operatives",78,56,22
E01003987,9. Elementary occupations,103,120,-17
E01003988,"1. Managers, directors and senior officials",85,75,10
E01003988,2. Professional occupations,186,136,50
E01003988,3. Associate professional and technical occupations,131,54,77
E01003988,4. Administrative and secretarial occupations,60,75,-15
E01003988,5. Skilled trades occupations,43,74,-31
E01003988,"6. Caring, leisure and other service occupations",126,120,6
E01003988,7. Sales and customer service occupations,78,64,14
E01003988,"8. Process, plant and machine operatives",50,36,14
E01003988,9. Elementary occupations,190,254,-64
E01003989,"1. Managers, directors and senior officials",95,43,52
E01003989,2. Professional occupations,280,94,186
E01003989,3. Associate professional and technical occupations,175,48,127
E01003989,4. Administrative and secretarial occupations,74,65,9
E01003989,5. Skilled trades occupations,82,72,10
E01003989,"6. Caring, leisure and other service occupations",132,117,15
E01003989,7. Sales and customer service occupations,71,68,3
E01003989,"8. Process, plant and machine operatives",53,36,17
E01003989,9. Elementary occupations,201,178,23
E01003990,"1. Managers, directors and senior officials",70,61,9
E01003990,2. Professional occupations,201,115,86
E01003990,3. Associate professional and technical occupations,164,54,110
E01003990,4. Administrative and secretarial occupations,80,86,-6
E01003990,5. Skilled trades occupations,80,82,-2
E01003990,"6. Caring, leisure and other service occupations",159,129,30
E01003990,7. Sales and customer service occupations,103,100,3
E01003990,"8. Process, plant and machine operatives",71,41,30
E01003990,9. Elementary occupations,186,146,40
E01003991,"1. Managers, directors and senior officials",41,46,-5
E01003991,2. Professional occupations,119,71,48
E01003991,3. Associate professional and technical occupations,79,27,52
E01003991,4. Administrative and secretarial occupations,40,56,-16
E01003991,5. Skilled trades occupations,29,44,-15
E01003991,"6. Caring, leisure and other service occupations",68,68,0
E01003991,7. Sales and customer service occupations,44,47,-3
E01003991,"8. Process, plant and machine operatives",34,24,10
E01003991,9. Elementary occupations,95,109,-14
E01003992,"1. Managers, directors and senior officials",59,45,14
E01003992,2. Professional occupations,152,91,61
E01003992,3. Associate professional and technical occupations,104,36,68
E01003992,4. Administrative and secretarial occupations,47,70,-23
E01003992,5. Skilled trades occupations,27,47,-20
E01003992,"6. Caring, leisure and other service occupations",83,67,16
E01003992,7. Sales and customer service occupations,56,61,-5
E01003992,"8. Process, plant and machine operatives",33,28,5
E01003992,9. Elementary occupations,119,120,-1
E01003993,"1. Managers, directors and senior officials",64,48,16
E01003993,2. Professional occupations,190,96,94
E01003993,3. Associate professional and technical occupations,124,35,89
E01003993,4. Administrative and secretarial occupations,86,84,2
E01003993,5. Skilled trades occupations,49,38,11
E01003993,"6. Caring, leisure and other service occupations",147,110,37
E01003993,7. Sales and customer service occupations,71,75,-4
E01003993,"8. Process, plant and machine operatives",64,34,30
E01003993,9. Elementary occupations,173,165,8
E01003994,"1. Managers, directors and senior officials",146,62,84
E01003994,2. Professional occupations,333,151,182
E01003994,3. Associate professional and technical occupations,185,37,148
E01003994,4. Administrative and secretarial occupations,68,77,-9
E01003994,5. Skilled trades occupations,52,66,-14
E01003994,"6. Caring, leisure and other service occupations",86,57,29
E01003994,7. Sales and customer service occupations,55,63,-8
E01003994,"8. Process, plant and machine operatives",30,33,-3
E01003994,9. Elementary occupations,113,129,-16
E01003995,"1. Managers, directors and senior officials",85,60,25
E01003995,2. Professional occupations,191,154,37
E01003995,3. Associate professional and technical occupations,124,53,71
E01003995,4. Administrative and secretarial occupations,48,71,-23
E01003995,5. Skilled trades occupations,36,51,-15
E01003995,"6. Caring, leisure and other service occupations",55,70,-15
E01003995,7. Sales and customer service occupations,41,44,-3
E01003995,"8. Process, plant and machine operatives",31,20,11
E01003995,9. Elementary occupations,82,101,-19
E01003997,"1. Managers, directors and senior officials",86,60,26
E01003997,2. Professional occupations,193,137,56
E01003997,3. Associate professional and technical occupations,136,45,91
E01003997,4. Administrative and secretarial occupations,48,63,-15
E01003997,5. Skilled trades occupations,34,43,-9
E01003997,"6. Caring, leisure and other service occupations",49,49,0
E01003997,7. Sales and customer service occupations,30,50,-20
E01003997,"8. Process, plant and machine operatives",34,17,17
E01003997,9. Elementary occupations,66,77,-11
E01003998,"1. Managers, directors and senior officials",117,71,46
E01003998,2. Professional occupations,293,249,44
E01003998,3. Associate professional and technical occupations,155,52,103
E01003998,4. Administrative and secretarial occupations,57,71,-14
E01003998,5. Skilled trades occupations,30,48,-18
E01003998,"6. Caring, leisure and other service occupations",34,50,-16
E01003998,7. Sales and customer service occupations,32,47,-15
E01003998,"8. Process, plant and machine operatives",32,17,15
E01003998,9. Elementary occupations,59,67,-8
E01003999,"1. Managers, directors and senior officials",80,72,8
E01003999,2. Professional occupations,222,170,52
E01003999,3. Associate professional and technical occupations,123,49,74
E01003999,4. Administrative and secretarial occupations,66,70,-4
E01003999,5. Skilled trades occupations,36,45,-9
E01003999,"6. Caring, leisure and other service occupations",76,84,-8
E01003999,7. Sales and customer service occupations,62,53,9
E01003999,"8. Process, plant and machine operatives",26,27,-1
E01003999,9. Elementary occupations,90,110,-20
E01004000,"1. Managers, directors and senior officials",128,58,70
E01004000,2. Professional occupations,307,180,127
E01004000,3. Associate professional and technical occupations,204,62,142
E01004000,4. Administrative and secretarial occupations,59,109,-50
E01004000,5. Skilled trades occupations,42,70,-28
E01004000,"6. Caring, leisure and other service occupations",97,120,-23
E01004000,7. Sales and customer service occupations,62,75,-13
E01004000,"8. Process, plant and machine operatives",47,40,7
E01004000,9. Elementary occupations,103,137,-34
E01004001,"1. Managers, directors and senior officials",89,63,26
E01004001,2. Professional occupations,172,106,66
E01004001,3. Associate professional and technical occupations,126,49,77
E01004001,4. Administrative and secretarial occupations,64,75,-11
E01004001,5. Skilled trades occupations,38,61,-23
E01004001,"6. Caring, leisure and other service occupations",81,76,5
E01004001,7. Sales and customer service occupations,58,57,1
E01004001,"8. Process, plant and machine operatives",45,42,3
E01004001,9. Elementary occupations,77,98,-21
E01004002,"1. Managers, directors and senior officials",159,88,71
E01004002,2. Professional occupations,292,233,59
E01004002,3. Associate professional and technical occupations,177,52,125
E01004002,4. Administrative and secretarial occupations,75,102,-27
E01004002,5. Skilled trades occupations,50,66,-16
E01004002,"6. Caring, leisure and other service occupations",50,61,-11
E01004002,7. Sales and customer service occupations,43,51,-8
E01004002,"8. Process, plant and machine operatives",19,28,-9
E01004002,9. Elementary occupations,41,55,-14
E01004003,"1. Managers, directors and senior officials",82,46,36
E01004003,2. Professional occupations,174,117,57
E01004003,3. Associate professional and technical occupations,152,50,102
E01004003,4. Administrative and secretarial occupations,79,82,-3
E01004003,5. Skilled trades occupations,58,73,-15
E01004003,"6. Caring, leisure and other service occupations",102,76,26
E01004003,7. Sales and customer service occupations,56,80,-24
E01004003,"8. Process, plant and machine operatives",52,35,17
E01004003,9. Elementary occupations,144,115,29
E01004004,"1. Managers, directors and senior officials",210,117,93
E01004004,2. Professional occupations,384,286,98
E01004004,3. Associate professional and technical occupations,318,64,254
E01004004,4. Administrative and secretarial occupations,85,125,-40
E01004004,5. Skilled trades occupations,65,117,-52
E01004004,"6. Caring, leisure and other service occupations",130,117,13
E01004004,7. Sales and customer service occupations,79,91,-12
E01004004,"8. Process, plant and machine operatives",55,40,15
E01004004,9. Elementary occupations,114,179,-65
E01004005,"1. Managers, directors and senior officials",114,60,54
E01004005,2. Professional occupations,313,132,181
E01004005,3. Associate professional and technical occupations,215,51,164
E01004005,4. Administrative and secretarial occupations,92,90,2
E01004005,5. Skilled trades occupations,41,71,-30
E01004005,"6. Caring, leisure and other service occupations",110,118,-8
E01004005,7. Sales and customer service occupations,70,82,-12
E01004005,"8. Process, plant and machine operatives",54,71,-17
E01004005,9. Elementary occupations,164,158,6
E01004006,"1. Managers, directors and senior officials",154,75,79
E01004006,2. Professional occupations,292,191,101
E01004006,3. Associate professional and technical occupations,188,51,137
E01004006,4. Administrative and secretarial occupations,64,107,-43
E01004006,5. Skilled trades occupations,45,94,-49
E01004006,"6. Caring, leisure and other service occupations",76,82,-6
E01004006,7. Sales and customer service occupations,71,71,0
E01004006,"8. Process, plant and machine operatives",38,49,-11
E01004006,9. Elementary occupations,65,142,-77
E01004007,"1. Managers, directors and senior officials",40,23,17
E01004007,2. Professional occupations,116,48,68
E01004007,3. Associate professional and technical occupations,82,25,57
E01004007,4. Administrative and secretarial occupations,58,71,-13
E01004007,5. Skilled trades occupations,37,37,0
E01004007,"6. Caring, leisure and other service occupations",106,73,33
E01004007,7. Sales and customer service occupations,55,61,-6
E01004007,"8. Process, plant and machine operatives",48,24,24
E01004007,9. Elementary occupations,128,91,37
E01004008,"1. Managers, directors and senior officials",72,58,14
E01004008,2. Professional occupations,207,138,69
E01004008,3. Associate professional and technical occupations,156,27,129
E01004008,4. Administrative and secretarial occupations,74,88,-14
E01004008,5. Skilled trades occupations,69,71,-2
E01004008,"6. Caring, leisure and other service occupations",139,130,9
E01004008,7. Sales and customer service occupations,79,85,-6
E01004008,"8. Process, plant and machine operatives",52,42,10
E01004008,9. Elementary occupations,169,175,-6
E01004010,"1. Managers, directors and senior officials",75,46,29
E01004010,2. Professional occupations,165,113,52
E01004010,3. Associate professional and technical occupations,120,38,82
E01004010,4. Administrative and secretarial occupations,41,56,-15
E01004010,5. Skilled trades occupations,66,56,10
E01004010,"6. Caring, leisure and other service occupations",86,73,13
E01004010,7. Sales and customer service occupations,59,69,-10
E01004010,"8. Process, plant and machine operatives",35,40,-5
E01004010,9. Elementary occupations,153,154,-1
E01004011,"1. Managers, directors and senior officials",80,34,46
E01004011,2. Professional occupations,229,122,107
E01004011,3. Associate professional and technical occupations,148,52,96
E01004011,4. Administrative and secretarial occupations,84,104,-20
E01004011,5. Skilled trades occupations,55,67,-12
E01004011,"6. Caring, leisure and other service occupations",156,141,15
E01004011,7. Sales and customer service occupations,74,92,-18
E01004011,"8. Process, plant and machine operatives",51,44,7
E01004011,9. Elementary occupations,142,152,-10
E01004012,"1. Managers, directors and senior officials",122,88,34
E01004012,2. Professional occupations,295,226,69
E01004012,3. Associate professional and technical occupations,197,67,130
E01004012,4. Administrative and secretarial occupations,107,126,-19
E01004012,5. Skilled trades occupations,65,99,-34
E01004012,"6. Caring, leisure and other service occupations",142,115,27
E01004012,7. Sales and customer service occupations,79,95,-16
E01004012,"8. Process, plant and machine operatives",65,48,17
E01004012,9. Elementary occupations,164,198,-34
E01004013,"1. Managers, directors and senior officials",71,36,35
E01004013,2. Professional occupations,260,129,131
E01004013,3. Associate professional and technical occupations,125,43,82
E01004013,4. Administrative and secretarial occupations,66,87,-21
E01004013,5. Skilled trades occupations,51,40,11
E01004013,"6. Caring, leisure and other service occupations",121,95,26
E01004013,7. Sales and customer service occupations,54,58,-4
E01004013,"8. Process, plant and machine operatives",39,28,11
E01004013,9. Elementary occupations,116,131,-15
E01004014,"1. Managers, directors and senior officials",98,50,48
E01004014,2. Professional occupations,161,97,64
E01004014,3. Associate professional and technical occupations,121,46,75
E01004014,4. Administrative and secretarial occupations,56,69,-13
E01004014,5. Skilled trades occupations,46,65,-19
E01004014,"6. Caring, leisure and other service occupations",142,89,53
E01004014,7. Sales and customer service occupations,86,73,13
E01004014,"8. Process, plant and machine operatives",74,40,34
E01004014,9. Elementary occupations,165,147,18
E01004015,"1. Managers, directors and senior officials",143,127,16
E01004015,2. Professional occupations,332,251,81
E01004015,3. Associate professional and technical occupations,176,64,112
E01004015,4. Administrative and secretarial occupations,44,107,-63
E01004015,5. Skilled trades occupations,40,54,-14
E01004015,"6. Caring, leisure and other service occupations",64,43,21
E01004015,7. Sales and customer service occupations,58,35,23
E01004015,"8. Process, plant and machine operatives",13,15,-2
E01004015,9. Elementary occupations,42,61,-19
E01004016,"1. Managers, directors and senior officials",239,122,117
E01004016,2. Professional occupations,468,267,201
E01004016,3. Associate professional and technical occupations,292,62,230
E01004016,4. Administrative and secretarial occupations,99,96,3
E01004016,5. Skilled trades occupations,88,83,5
E01004016,"6. Caring, leisure and other service occupations",84,97,-13
E01004016,7. Sales and customer service occupations,48,54,-6
E01004016,"8. Process, plant and machine operatives",35,42,-7
E01004016,9. Elementary occupations,69,81,-12
E01004017,"1. Managers, directors and senior officials",190,118,72
E01004017,2. Professional occupations,293,229,64
E01004017,3. Associate professional and technical occupations,196,61,135
E01004017,4. Administrative and secretarial occupations,63,96,-33
E01004017,5. Skilled trades occupations,43,51,-8
E01004017,"6. Caring, leisure and other service occupations",57,63,-6
E01004017,7. Sales and customer service occupations,29,35,-6
E01004017,"8. Process, plant and machine operatives",20,20,0
E01004017,9. Elementary occupations,32,54,-22
E01004018,"1. Managers, directors and senior officials",232,145,87
E01004018,2. Professional occupations,393,329,64
E01004018,3. Associate professional and technical occupations,252,89,163
E01004018,4. Administrative and secretarial occupations,67,115,-48
E01004018,5. Skilled trades occupations,43,66,-23
E01004018,"6. Caring, leisure and other service occupations",48,61,-13
E01004018,7. Sales and customer service occupations,25,46,-21
E01004018,"8. Process, plant and machine operatives",11,18,-7
E01004018,9. Elementary occupations,51,52,-1
E01004019,"1. Managers, directors and senior officials",186,100,86
E01004019,2. Professional occupations,338,284,54
E01004019,3. Associate professional and technical occupations,212,75,137
E01004019,4. Administrative and secretarial occupations,82,136,-54
E01004019,5. Skilled trades occupations,78,95,-17
E01004019,"6. Caring, leisure and other service occupations",106,116,-10
E01004019,7. Sales and customer service occupations,47,52,-5
E01004019,"8. Process, plant and machine operatives",38,50,-12
E01004019,9. Elementary occupations,72,126,-54
E01004020,"1. Managers, directors and senior officials",78,72,6
E01004020,2. Professional occupations,178,197,-19
E01004020,3. Associate professional and technical occupations,167,65,102
E01004020,4. Administrative and secretarial occupations,59,97,-38
E01004020,5. Skilled trades occupations,41,52,-11
E01004020,"6. Caring, leisure and other service occupations",102,104,-2
E01004020,7. Sales and customer service occupations,66,77,-11
E01004020,"8. Process, plant and machine operatives",51,36,15
E01004020,9. Elementary occupations,106,109,-3
E01004021,"1. Managers, directors and senior officials",243,166,77
E01004021,2. Professional occupations,543,444,99
E01004021,3. Associate professional and technical occupations,338,113,225
E01004021,4. Administrative and secretarial occupations,75,138,-63
E01004021,5. Skilled trades occupations,54,76,-22
E01004021,"6. Caring, leisure and other service occupations",47,64,-17
E01004021,7. Sales and customer service occupations,56,55,1
E01004021,"8. Process, plant and machine operatives",28,31,-3
E01004021,9. Elementary occupations,29,77,-48
E01004023,"1. Managers, directors and senior officials",111,63,48
E01004023,2. Professional occupations,205,174,31
E01004023,3. Associate professional and technical occupations,148,35,113
E01004023,4. Administrative and secretarial occupations,99,83,16
E01004023,5. Skilled trades occupations,56,52,4
E01004023,"6. Caring, leisure and other service occupations",64,63,1
E01004023,7. Sales and customer service occupations,61,55,6
E01004023,"8. Process, plant and machine operatives",29,30,-1
E01004023,9. Elementary occupations,134,85,49
E01004024,"1. Managers, directors and senior officials",89,65,24
E01004024,2. Professional occupations,188,116,72
E01004024,3. Associate professional and technical occupations,154,30,124
E01004024,4. Administrative and secretarial occupations,58,71,-13
E01004024,5. Skilled trades occupations,62,74,-12
E01004024,"6. Caring, leisure and other service occupations",96,94,2
E01004024,7. Sales and customer service occupations,90,92,-2
E01004024,"8. Process, plant and machine operatives",55,40,15
E01004024,9. Elementary occupations,156,180,-24
E01004028,"1. Managers, directors and senior officials",183,81,102
E01004028,2. Professional occupations,395,191,204
E01004028,3. Associate professional and technical occupations,238,52,186
E01004028,4. Administrative and secretarial occupations,93,92,1
E01004028,5. Skilled trades occupations,66,62,4
E01004028,"6. Caring, leisure and other service occupations",120,65,55
E01004028,7. Sales and customer service occupations,94,50,44
E01004028,"8. Process, plant and machine operatives",47,34,13
E01004028,9. Elementary occupations,106,97,9
E01004029,"1. Managers, directors and senior officials",184,163,21
E01004029,2. Professional occupations,561,391,170
E01004029,3. Associate professional and technical occupations,263,78,185
E01004029,4. Administrative and secretarial occupations,102,132,-30
E01004029,5. Skilled trades occupations,42,53,-11
E01004029,"6. Caring, leisure and other service occupations",46,44,2
E01004029,7. Sales and customer service occupations,54,50,4
E01004029,"8. Process, plant and machine operatives",30,27,3
E01004029,9. Elementary occupations,70,78,-8
E01004030,"1. Managers, directors and senior officials",118,93,25
E01004030,2. Professional occupations,264,205,59
E01004030,3. Associate professional and technical occupations,149,61,88
E01004030,4. Administrative and secretarial occupations,82,88,-6
E01004030,5. Skilled trades occupations,54,49,5
E01004030,"6. Caring, leisure and other service occupations",72,65,7
E01004030,7. Sales and customer service occupations,47,44,3
E01004030,"8. Process, plant and machine operatives",32,41,-9
E01004030,9. Elementary occupations,59,85,-26
E01004031,"1. Managers, directors and senior officials",198,98,100
E01004031,2. Professional occupations,649,251,398
E01004031,3. Associate professional and technical occupations,273,69,204
E01004031,4. Administrative and secretarial occupations,104,95,9
E01004031,5. Skilled trades occupations,68,52,16
E01004031,"6. Caring, leisure and other service occupations",85,62,23
E01004031,7. Sales and customer service occupations,68,56,12
E01004031,"8. Process, plant and machine operatives",52,31,21
E01004031,9. Elementary occupations,118,105,13
E01004032,"1. Managers, directors and senior officials",143,143,0
E01004032,2. Professional occupations,474,411,63
E01004032,3. Associate professional and technical occupations,185,60,125
E01004032,4. Administrative and secretarial occupations,75,136,-61
E01004032,5. Skilled trades occupations,38,44,-6
E01004032,"6. Caring, leisure and other service occupations",34,40,-6
E01004032,7. Sales and customer service occupations,31,37,-6
E01004032,"8. Process, plant and machine operatives",24,29,-5
E01004032,9. Elementary occupations,48,47,1
E01004033,"1. Managers, directors and senior officials",208,50,158
E01004033,2. Professional occupations,455,173,282
E01004033,3. Associate professional and technical occupations,222,49,173
E01004033,4. Administrative and secretarial occupations,99,89,10
E01004033,5. Skilled trades occupations,63,57,6
E01004033,"6. Caring, leisure and other service occupations",94,69,25
E01004033,7. Sales and customer service occupations,67,56,11
E01004033,"8. Process, plant and machine operatives",52,32,20
E01004033,9. Elementary occupations,113,82,31
E01004034,"1. Managers, directors and senior officials",92,52,40
E01004034,2. Professional occupations,187,119,68
E01004034,3. Associate professional and technical occupations,104,34,70
E01004034,4. Administrative and secretarial occupations,68,71,-3
E01004034,5. Skilled trades occupations,54,58,-4
E01004034,"6. Caring, leisure and other service occupations",97,88,9
E01004034,7. Sales and customer service occupations,72,50,22
E01004034,"8. Process, plant and machine operatives",43,45,-2
E01004034,9. Elementary occupations,98,110,-12
E01004035,"1. Managers, directors and senior officials",85,56,29
E01004035,2. Professional occupations,154,84,70
E01004035,3. Associate professional and technical occupations,90,34,56
E01004035,4. Administrative and secretarial occupations,63,102,-39
E01004035,5. Skilled trades occupations,49,54,-5
E01004035,"6. Caring, leisure and other service occupations",71,67,4
E01004035,7. Sales and customer service occupations,39,78,-39
E01004035,"8. Process, plant and machine operatives",30,45,-15
E01004035,9. Elementary occupations,105,128,-23
E01004036,"1. Managers, directors and senior officials",115,77,38
E01004036,2. Professional occupations,209,146,63
E01004036,3. Associate professional and technical occupations,126,36,90
E01004036,4. Administrative and secretarial occupations,91,99,-8
E01004036,5. Skilled trades occupations,81,92,-11
E01004036,"6. Caring, leisure and other service occupations",89,110,-21
E01004036,7. Sales and customer service occupations,85,92,-7
E01004036,"8. Process, plant and machine operatives",53,47,6
E01004036,9. Elementary occupations,161,168,-7
E01004037,"1. Managers, directors and senior officials",104,83,21
E01004037,2. Professional occupations,258,215,43
E01004037,3. Associate professional and technical occupations,144,62,82
E01004037,4. Administrative and secretarial occupations,97,124,-27
E01004037,5. Skilled trades occupations,74,84,-10
E01004037,"6. Caring, leisure and other service occupations",95,69,26
E01004037,7. Sales and customer service occupations,58,73,-15
E01004037,"8. Process, plant and machine operatives",72,54,18
E01004037,9. Elementary occupations,165,170,-5
E01004038,"1. Managers, directors and senior officials",161,106,55
E01004038,2. Professional occupations,337,204,133
E01004038,3. Associate professional and technical occupations,214,69,145
E01004038,4. Administrative and secretarial occupations,115,168,-53
E01004038,5. Skilled trades occupations,57,104,-47
E01004038,"6. Caring, leisure and other service occupations",113,115,-2
E01004038,7. Sales and customer service occupations,76,80,-4
E01004038,"8. Process, plant and machine operatives",64,60,4
E01004038,9. Elementary occupations,176,157,19
E01004039,"1. Managers, directors and senior officials",72,88,-16
E01004039,2. Professional occupations,238,204,34
E01004039,3. Associate professional and technical occupations,133,56,77
E01004039,4. Administrative and secretarial occupations,61,111,-50
E01004039,5. Skilled trades occupations,64,80,-16
E01004039,"6. Caring, leisure and other service occupations",72,84,-12
E01004039,7. Sales and customer service occupations,53,92,-39
E01004039,"8. Process, plant and machine operatives",43,47,-4
E01004039,9. Elementary occupations,124,150,-26
E01004040,"1. Managers, directors and senior officials",71,27,44
E01004040,2. Professional occupations,135,102,33
E01004040,3. Associate professional and technical occupations,98,38,60
E01004040,4. Administrative and secretarial occupations,67,62,5
E01004040,5. Skilled trades occupations,33,24,9
E01004040,"6. Caring, leisure and other service occupations",100,62,38
E01004040,7. Sales and customer service occupations,66,47,19
E01004040,"8. Process, plant and machine operatives",39,33,6
E01004040,9. Elementary occupations,149,100,49
E01004041,"1. Managers, directors and senior officials",67,57,10
E01004041,2. Professional occupations,144,84,60
E01004041,3. Associate professional and technical occupations,98,46,52
E01004041,4. Administrative and secretarial occupations,55,101,-46
E01004041,5. Skilled trades occupations,48,73,-25
E01004041,"6. Caring, leisure and other service occupations",85,79,6
E01004041,7. Sales and customer service occupations,58,71,-13
E01004041,"8. Process, plant and machine operatives",56,46,10
E01004041,9. Elementary occupations,184,138,46
E01004042,"1. Managers, directors and senior officials",96,52,44
E01004042,2. Professional occupations,184,96,88
E01004042,3. Associate professional and technical occupations,122,31,91
E01004042,4. Administrative and secretarial occupations,80,86,-6
E01004042,5. Skilled trades occupations,79,63,16
E01004042,"6. Caring, leisure and other service occupations",100,77,23
E01004042,7. Sales and customer service occupations,88,76,12
E01004042,"8. Process, plant and machine operatives",58,50,8
E01004042,9. Elementary occupations,126,126,0
E01004043,"1. Managers, directors and senior officials",109,65,44
E01004043,2. Professional occupations,219,143,76
E01004043,3. Associate professional and technical occupations,134,49,85
E01004043,4. Administrative and secretarial occupations,61,86,-25
E01004043,5. Skilled trades occupations,52,48,4
E01004043,"6. Caring, leisure and other service occupations",35,49,-14
E01004043,7. Sales and customer service occupations,19,47,-28
E01004043,"8. Process, plant and machine operatives",33,47,-14
E01004043,9. Elementary occupations,69,91,-22
E01004044,"1. Managers, directors and senior officials",65,44,21
E01004044,2. Professional occupations,153,91,62
E01004044,3. Associate professional and technical occupations,85,17,68
E01004044,4. Administrative and secretarial occupations,49,55,-6
E01004044,5. Skilled trades occupations,48,63,-15
E01004044,"6. Caring, leisure and other service occupations",88,72,16
E01004044,7. Sales and customer service occupations,49,57,-8
E01004044,"8. Process, plant and machine operatives",32,40,-8
E01004044,9. Elementary occupations,102,108,-6
E01004045,"1. Managers, directors and senior officials",56,42,14
E01004045,2. Professional occupations,159,114,45
E01004045,3. Associate professional and technical occupations,120,36,84
E01004045,4. Administrative and secretarial occupations,44,74,-30
E01004045,5. Skilled trades occupations,35,61,-26
E01004045,"6. Caring, leisure and other service occupations",82,90,-8
E01004045,7. Sales and customer service occupations,49,61,-12
E01004045,"8. Process, plant and machine operatives",44,36,8
E01004045,9. Elementary occupations,124,123,1
E01004046,"1. Managers, directors and senior officials",183,109,74
E01004046,2. Professional occupations,325,316,9
E01004046,3. Associate professional and technical occupations,193,44,149
E01004046,4. Administrative and secretarial occupations,54,88,-34
E01004046,5. Skilled trades occupations,31,36,-5
E01004046,"6. Caring, leisure and other service occupations",33,55,-22
E01004046,7. Sales and customer service occupations,23,44,-21
E01004046,"8. Process, plant and machine operatives",22,23,-1
E01004046,9. Elementary occupations,24,58,-34
E01004047,"1. Managers, directors and senior officials",56,36,20
E01004047,2. Professional occupations,221,127,94
E01004047,3. Associate professional and technical occupations,104,22,82
E01004047,4. Administrative and secretarial occupations,60,74,-14
E01004047,5. Skilled trades occupations,51,51,0
E01004047,"6. Caring, leisure and other service occupations",130,70,60
E01004047,7. Sales and customer service occupations,58,64,-6
E01004047,"8. Process, plant and machine operatives",35,30,5
E01004047,9. Elementary occupations,175,125,50
E01004048,"1. Managers, directors and senior officials",134,93,41
E01004048,2. Professional occupations,396,293,103
E01004048,3. Associate professional and technical occupations,132,54,78
E01004048,4. Administrative and secretarial occupations,47,96,-49
E01004048,5. Skilled trades occupations,39,38,1
E01004048,"6. Caring, leisure and other service occupations",57,86,-29
E01004048,7. Sales and customer service occupations,24,39,-15
E01004048,"8. Process, plant and machine operatives",19,23,-4
E01004048,9. Elementary occupations,67,52,15
E01004049,"1. Managers, directors and senior officials",65,55,10
E01004049,2. Professional occupations,232,156,76
E01004049,3. Associate professional and technical occupations,87,43,44
E01004049,4. Administrative and secretarial occupations,43,72,-29
E01004049,5. Skilled trades occupations,38,47,-9
E01004049,"6. Caring, leisure and other service occupations",52,63,-11
E01004049,7. Sales and customer service occupations,44,56,-12
E01004049,"8. Process, plant and machine operatives",33,24,9
E01004049,9. Elementary occupations,76,118,-42
E01004050,"1. Managers, directors and senior officials",172,140,32
E01004050,2. Professional occupations,353,312,41
E01004050,3. Associate professional and technical occupations,183,75,108
E01004050,4. Administrative and secretarial occupations,32,78,-46
E01004050,5. Skilled trades occupations,36,45,-9
E01004050,"6. Caring, leisure and other service occupations",48,30,18
E01004050,7. Sales and customer service occupations,32,40,-8
E01004050,"8. Process, plant and machine operatives",6,16,-10
E01004050,9. Elementary occupations,39,49,-10
E01004051,"1. Managers, directors and senior officials",114,81,33
E01004051,2. Professional occupations,329,284,45
E01004051,3. Associate professional and technical occupations,162,69,93
E01004051,4. Administrative and secretarial occupations,41,84,-43
E01004051,5. Skilled trades occupations,26,34,-8
E01004051,"6. Caring, leisure and other service occupations",37,29,8
E01004051,7. Sales and customer service occupations,23,32,-9
E01004051,"8. Process, plant and machine operatives",15,19,-4
E01004051,9. Elementary occupations,41,31,10
E01004052,"1. Managers, directors and senior officials",191,112,79
E01004052,2. Professional occupations,405,367,38
E01004052,3. Associate professional and technical occupations,230,75,155
E01004052,4. Administrative and secretarial occupations,84,89,-5
E01004052,5. Skilled trades occupations,45,54,-9
E01004052,"6. Caring, leisure and other service occupations",51,57,-6
E01004052,7. Sales and customer service occupations,45,43,2
E01004052,"8. Process, plant and machine operatives",18,17,1
E01004052,9. Elementary occupations,46,37,9
E01004053,"1. Managers, directors and senior officials",233,214,19
E01004053,2. Professional occupations,502,475,27
E01004053,3. Associate professional and technical occupations,237,85,152
E01004053,4. Administrative and secretarial occupations,108,128,-20
E01004053,5. Skilled trades occupations,43,41,2
E01004053,"6. Caring, leisure and other service occupations",41,37,4
E01004053,7. Sales and customer service occupations,48,42,6
E01004053,"8. Process, plant and machine operatives",30,30,0
E01004053,9. Elementary occupations,50,54,-4
E01004054,"1. Managers, directors and senior officials",170,201,-31
E01004054,2. Professional occupations,436,420,16
E01004054,3. Associate professional and technical occupations,192,61,131
E01004054,4. Administrative and secretarial occupations,89,115,-26
E01004054,5. Skilled trades occupations,51,49,2
E01004054,"6. Caring, leisure and other service occupations",49,44,5
E01004054,7. Sales and customer service occupations,26,37,-11
E01004054,"8. Process, plant and machine operatives",21,28,-7
E01004054,9. Elementary occupations,50,54,-4
E01004055,"1. Managers, directors and senior officials",63,39,24
E01004055,2. Professional occupations,145,87,58
E01004055,3. Associate professional and technical occupations,89,28,61
E01004055,4. Administrative and secretarial occupations,59,71,-12
E01004055,5. Skilled trades occupations,44,49,-5
E01004055,"6. Caring, leisure and other service occupations",51,52,-1
E01004055,7. Sales and customer service occupations,51,37,14
E01004055,"8. Process, plant and machine operatives",35,49,-14
E01004055,9. Elementary occupations,70,90,-20
E01004056,"1. Managers, directors and senior officials",226,171,55
E01004056,2. Professional occupations,483,375,108
E01004056,3. Associate professional and technical occupations,230,69,161
E01004056,4. Administrative and secretarial occupations,123,121,2
E01004056,5. Skilled trades occupations,83,72,11
E01004056,"6. Caring, leisure and other service occupations",71,53,18
E01004056,7. Sales and customer service occupations,61,64,-3
E01004056,"8. Process, plant and machine operatives",54,31,23
E01004056,9. Elementary occupations,76,93,-17
E01004057,"1. Managers, directors and senior officials",201,80,121
E01004057,2. Professional occupations,446,254,192
E01004057,3. Associate professional and technical occupations,224,61,163
E01004057,4. Administrative and secretarial occupations,107,109,-2
E01004057,5. Skilled trades occupations,50,56,-6
E01004057,"6. Caring, leisure and other service occupations",92,62,30
E01004057,7. Sales and customer service occupations,53,47,6
E01004057,"8. Process, plant and machine operatives",43,47,-4
E01004057,9. Elementary occupations,78,69,9
E01004058,"1. Managers, directors and senior officials",223,188,35
E01004058,2. Professional occupations,503,449,54
E01004058,3. Associate professional and technical occupations,237,111,126
E01004058,4. Administrative and secretarial occupations,82,124,-42
E01004058,5. Skilled trades occupations,53,45,8
E01004058,"6. Caring, leisure and other service occupations",34,43,-9
E01004058,7. Sales and customer service occupations,58,48,10
E01004058,"8. Process, plant and machine operatives",22,23,-1
E01004058,9. Elementary occupations,73,45,28
E01004059,"1. Managers, directors and senior officials",239,158,81
E01004059,2. Professional occupations,598,410,188
E01004059,3. Associate professional and technical occupations,295,67,228
E01004059,4. Administrative and secretarial occupations,90,131,-41
E01004059,5. Skilled trades occupations,58,34,24
E01004059,"6. Caring, leisure and other service occupations",43,23,20
E01004059,7. Sales and customer service occupations,44,41,3
E01004059,"8. Process, plant and machine operatives",11,7,4
E01004059,9. Elementary occupations,68,35,33
E01004060,"1. Managers, directors and senior officials",170,119,51
E01004060,2. Professional occupations,319,242,77
E01004060,3. Associate professional and technical occupations,183,61,122
E01004060,4. Administrative and secretarial occupations,75,108,-33
E01004060,5. Skilled trades occupations,70,59,11
E01004060,"6. Caring, leisure and other service occupations",79,68,11
E01004060,7. Sales and customer service occupations,49,64,-15
E01004060,"8. Process, plant and machine operatives",40,35,5
E01004060,9. Elementary occupations,111,102,9
E01004061,"1. Managers, directors and senior officials",161,130,31
E01004061,2. Professional occupations,382,266,116
E01004061,3. Associate professional and technical occupations,250,76,174
E01004061,4. Administrative and secretarial occupations,48,105,-57
E01004061,5. Skilled trades occupations,44,45,-1
E01004061,"6. Caring, leisure and other service occupations",50,77,-27
E01004061,7. Sales and customer service occupations,45,51,-6
E01004061,"8. Process, plant and machine operatives",16,30,-14
E01004061,9. Elementary occupations,61,81,-20
E01004062,"1. Managers, directors and senior officials",158,71,87
E01004062,2. Professional occupations,406,228,178
E01004062,3. Associate professional and technical occupations,270,63,207
E01004062,4. Administrative and secretarial occupations,78,89,-11
E01004062,5. Skilled trades occupations,61,85,-24
E01004062,"6. Caring, leisure and other service occupations",91,76,15
E01004062,7. Sales and customer service occupations,88,73,15
E01004062,"8. Process, plant and machine operatives",14,34,-20
E01004062,9. Elementary occupations,131,108,23
E01004063,"1. Managers, directors and senior officials",192,124,68
E01004063,2. Professional occupations,417,311,106
E01004063,3. Associate professional and technical occupations,278,74,204
E01004063,4. Administrative and secretarial occupations,67,110,-43
E01004063,5. Skilled trades occupations,35,45,-10
E01004063,"6. Caring, leisure and other service occupations",56,79,-23
E01004063,7. Sales and customer service occupations,34,52,-18
E01004063,"8. Process, plant and machine operatives",26,24,2
E01004063,9. Elementary occupations,58,90,-32
E01004064,"1. Managers, directors and senior officials",123,92,31
E01004064,2. Professional occupations,285,163,122
E01004064,3. Associate professional and technical occupations,208,55,153
E01004064,4. Administrative and secretarial occupations,53,91,-38
E01004064,5. Skilled trades occupations,49,66,-17
E01004064,"6. Caring, leisure and other service occupations",93,95,-2
E01004064,7. Sales and customer service occupations,89,68,21
E01004064,"8. Process, plant and machine operatives",50,41,9
E01004064,9. Elementary occupations,124,107,17
E01004065,"1. Managers, directors and senior officials",179,115,64
E01004065,2. Professional occupations,339,260,79
E01004065,3. Associate professional and technical occupations,173,69,104
E01004065,4. Administrative and secretarial occupations,55,70,-15
E01004065,5. Skilled trades occupations,37,54,-17
E01004065,"6. Caring, leisure and other service occupations",54,32,22
E01004065,7. Sales and customer service occupations,38,29,9
E01004065,"8. Process, plant and machine operatives",16,19,-3
E01004065,9. Elementary occupations,51,68,-17
E01004066,"1. Managers, directors and senior officials",115,92,23
E01004066,2. Professional occupations,262,247,15
E01004066,3. Associate professional and technical occupations,253,72,181
E01004066,4. Administrative and secretarial occupations,80,94,-14
E01004066,5. Skilled trades occupations,58,58,0
E01004066,"6. Caring, leisure and other service occupations",109,107,2
E01004066,7. Sales and customer service occupations,53,71,-18
E01004066,"8. Process, plant and machine operatives",46,39,7
E01004066,9. Elementary occupations,115,133,-18
E01004067,"1. Managers, directors and senior officials",73,48,25
E01004067,2. Professional occupations,271,220,51
E01004067,3. Associate professional and technical occupations,172,52,120
E01004067,4. Administrative and secretarial occupations,74,85,-11
E01004067,5. Skilled trades occupations,92,66,26
E01004067,"6. Caring, leisure and other service occupations",149,155,-6
E01004067,7. Sales and customer service occupations,58,91,-33
E01004067,"8. Process, plant and machine operatives",63,43,20
E01004067,9. Elementary occupations,207,185,22
E01004068,"1. Managers, directors and senior officials",119,66,53
E01004068,2. Professional occupations,233,155,78
E01004068,3. Associate professional and technical occupations,178,53,125
E01004068,4. Administrative and secretarial occupations,82,92,-10
E01004068,5. Skilled trades occupations,44,61,-17
E01004068,"6. Caring, leisure and other service occupations",83,86,-3
E01004068,7. Sales and customer service occupations,57,69,-12
E01004068,"8. Process, plant and machine operatives",30,41,-11
E01004068,9. Elementary occupations,112,113,-1
E01004069,"1. Managers, directors and senior officials",169,131,38
E01004069,2. Professional occupations,244,279,-35
E01004069,3. Associate professional and technical occupations,103,39,64
E01004069,4. Administrative and secretarial occupations,33,52,-19
E01004069,5. Skilled trades occupations,13,17,-4
E01004069,"6. Caring, leisure and other service occupations",19,52,-33
E01004069,7. Sales and customer service occupations,14,16,-2
E01004069,"8. Process, plant and machine operatives",6,8,-2
E01004069,9. Elementary occupations,3,11,-8
E01004070,"1. Managers, directors and senior officials",223,163,60
E01004070,2. Professional occupations,364,361,3
E01004070,3. Associate professional and technical occupations,168,69,99
E01004070,4. Administrative and secretarial occupations,70,84,-14
E01004070,5. Skilled trades occupations,30,31,-1
E01004070,"6. Caring, leisure and other service occupations",46,65,-19
E01004070,7. Sales and customer service occupations,29,51,-22
E01004070,"8. Process, plant and machine operatives",18,20,-2
E01004070,9. Elementary occupations,39,50,-11
E01004071,"1. Managers, directors and senior officials",163,87,76
E01004071,2. Professional occupations,267,269,-2
E01004071,3. Associate professional and technical occupations,180,61,119
E01004071,4. Administrative and secretarial occupations,54,72,-18
E01004071,5. Skilled trades occupations,35,38,-3
E01004071,"6. Caring, leisure and other service occupations",47,64,-17
E01004071,7. Sales and customer service occupations,31,43,-12
E01004071,"8. Process, plant and machine operatives",30,12,18
E01004071,9. Elementary occupations,50,58,-8
E01004072,"1. Managers, directors and senior officials",209,138,71
E01004072,2. Professional occupations,355,249,106
E01004072,3. Associate professional and technical occupations,158,41,117
E01004072,4. Administrative and secretarial occupations,51,62,-11
E01004072,5. Skilled trades occupations,34,32,2
E01004072,"6. Caring, leisure and other service occupations",37,53,-16
E01004072,7. Sales and customer service occupations,30,28,2
E01004072,"8. Process, plant and machine operatives",6,9,-3
E01004072,9. Elementary occupations,34,28,6
E01004073,"1. Managers, directors and senior officials",219,140,79
E01004073,2. Professional occupations,427,415,12
E01004073,3. Associate professional and technical occupations,175,59,116
E01004073,4. Administrative and secretarial occupations,60,86,-26
E01004073,5. Skilled trades occupations,37,34,3
E01004073,"6. Caring, leisure and other service occupations",32,55,-23
E01004073,7. Sales and customer service occupations,26,31,-5
E01004073,"8. Process, plant and machine operatives",14,17,-3
E01004073,9. Elementary occupations,26,42,-16
E01004074,"1. Managers, directors and senior officials",204,159,45
E01004074,2. Professional occupations,333,349,-16
E01004074,3. Associate professional and technical occupations,172,52,120
E01004074,4. Administrative and secretarial occupations,39,55,-16
E01004074,5. Skilled trades occupations,7,31,-24
E01004074,"6. Caring, leisure and other service occupations",42,55,-13
E01004074,7. Sales and customer service occupations,14,23,-9
E01004074,"8. Process, plant and machine operatives",4,7,-3
E01004074,9. Elementary occupations,21,42,-21
E01004075,"1. Managers, directors and senior officials",224,193,31
E01004075,2. Professional occupations,348,428,-80
E01004075,3. Associate professional and technical occupations,140,58,82
E01004075,4. Administrative and secretarial occupations,55,83,-28
E01004075,5. Skilled trades occupations,19,40,-21
E01004075,"6. Caring, leisure and other service occupations",26,51,-25
E01004075,7. Sales and customer service occupations,9,20,-11
E01004075,"8. Process, plant and machine operatives",13,8,5
E01004075,9. Elementary occupations,16,15,1
E01004076,"1. Managers, directors and senior officials",92,63,29
E01004076,2. Professional occupations,154,124,30
E01004076,3. Associate professional and technical occupations,96,45,51
E01004076,4. Administrative and secretarial occupations,105,118,-13
E01004076,5. Skilled trades occupations,80,88,-8
E01004076,"6. Caring, leisure and other service occupations",76,72,4
E01004076,7. Sales and customer service occupations,86,61,25
E01004076,"8. Process, plant and machine operatives",52,47,5
E01004076,9. Elementary occupations,62,71,-9
E01004077,"1. Managers, directors and senior officials",106,88,18
E01004077,2. Professional occupations,185,108,77
E01004077,3. Associate professional and technical occupations,105,53,52
E01004077,4. Administrative and secretarial occupations,85,121,-36
E01004077,5. Skilled trades occupations,82,100,-18
E01004077,"6. Caring, leisure and other service occupations",65,80,-15
E01004077,7. Sales and customer service occupations,63,67,-4
E01004077,"8. Process, plant and machine operatives",42,49,-7
E01004077,9. Elementary occupations,52,61,-9
E01004078,"1. Managers, directors and senior officials",115,86,29
E01004078,2. Professional occupations,161,102,59
E01004078,3. Associate professional and technical occupations,126,59,67
E01004078,4. Administrative and secretarial occupations,90,131,-41
E01004078,5. Skilled trades occupations,121,122,-1
E01004078,"6. Caring, leisure and other service occupations",91,77,14
E01004078,7. Sales and customer service occupations,58,66,-8
E01004078,"8. Process, plant and machine operatives",68,56,12
E01004078,9. Elementary occupations,66,93,-27
E01004079,"1. Managers, directors and senior officials",118,82,36
E01004079,2. Professional occupations,176,123,53
E01004079,3. Associate professional and technical occupations,128,52,76
E01004079,4. Administrative and secretarial occupations,94,141,-47
E01004079,5. Skilled trades occupations,60,88,-28
E01004079,"6. Caring, leisure and other service occupations",57,71,-14
E01004079,7. Sales and customer service occupations,62,48,14
E01004079,"8. Process, plant and machine operatives",23,31,-8
E01004079,9. Elementary occupations,32,42,-10
E01004080,"1. Managers, directors and senior officials",100,84,16
E01004080,2. Professional occupations,155,115,40
E01004080,3. Associate professional and technical occupations,93,43,50
E01004080,4. Administrative and secretarial occupations,79,134,-55
E01004080,5. Skilled trades occupations,70,69,1
E01004080,"6. Caring, leisure and other service occupations",51,61,-10
E01004080,7. Sales and customer service occupations,70,51,19
E01004080,"8. Process, plant and machine operatives",37,40,-3
E01004080,9. Elementary occupations,38,36,2
E01004081,"1. Managers, directors and senior officials",93,89,4
E01004081,2. Professional occupations,203,130,73
E01004081,3. Associate professional and technical occupations,130,56,74
E01004081,4. Administrative and secretarial occupations,110,142,-32
E01004081,5. Skilled trades occupations,68,85,-17
E01004081,"6. Caring, leisure and other service occupations",70,59,11
E01004081,7. Sales and customer service occupations,73,61,12
E01004081,"8. Process, plant and machine operatives",50,43,7
E01004081,9. Elementary occupations,53,58,-5
E01004082,"1. Managers, directors and senior officials",75,67,8
E01004082,2. Professional occupations,159,116,43
E01004082,3. Associate professional and technical occupations,102,53,49
E01004082,4. Administrative and secretarial occupations,98,129,-31
E01004082,5. Skilled trades occupations,68,98,-30
E01004082,"6. Caring, leisure and other service occupations",59,58,1
E01004082,7. Sales and customer service occupations,52,74,-22
E01004082,"8. Process, plant and machine operatives",41,36,5
E01004082,9. Elementary occupations,61,60,1
E01004083,"1. Managers, directors and senior officials",52,45,7
E01004083,2. Professional occupations,85,68,17
E01004083,3. Associate professional and technical occupations,64,25,39
E01004083,4. Administrative and secretarial occupations,71,90,-19
E01004083,5. Skilled trades occupations,81,69,12
E01004083,"6. Caring, leisure and other service occupations",68,66,2
E01004083,7. Sales and customer service occupations,65,55,10
E01004083,"8. Process, plant and machine operatives",48,54,-6
E01004083,9. Elementary occupations,84,87,-3
E01004084,"1. Managers, directors and senior officials",155,128,27
E01004084,2. Professional occupations,216,147,69
E01004084,3. Associate professional and technical occupations,64,49,15
E01004084,4. Administrative and secretarial occupations,95,119,-24
E01004084,5. Skilled trades occupations,41,56,-15
E01004084,"6. Caring, leisure and other service occupations",32,43,-11
E01004084,7. Sales and customer service occupations,36,51,-15
E01004084,"8. Process, plant and machine operatives",16,27,-11
E01004084,9. Elementary occupations,15,29,-14
E01004085,"1. Managers, directors and senior officials",145,112,33
E01004085,2. Professional occupations,219,176,43
E01004085,3. Associate professional and technical occupations,117,69,48
E01004085,4. Administrative and secretarial occupations,97,135,-38
E01004085,5. Skilled trades occupations,56,65,-9
E01004085,"6. Caring, leisure and other service occupations",45,55,-10
E01004085,7. Sales and customer service occupations,34,45,-11
E01004085,"8. Process, plant and machine operatives",26,36,-10
E01004085,9. Elementary occupations,38,36,2
E01004086,"1. Managers, directors and senior officials",145,81,64
E01004086,2. Professional occupations,234,126,108
E01004086,3. Associate professional and technical occupations,125,50,75
E01004086,4. Administrative and secretarial occupations,100,115,-15
E01004086,5. Skilled trades occupations,85,82,3
E01004086,"6. Caring, leisure and other service occupations",77,88,-11
E01004086,7. Sales and customer service occupations,91,80,11
E01004086,"8. Process, plant and machine operatives",54,48,6
E01004086,9. Elementary occupations,73,74,-1
E01004087,"1. Managers, directors and senior officials",149,100,49
E01004087,2. Professional occupations,214,139,75
E01004087,3. Associate professional and technical occupations,117,33,84
E01004087,4. Administrative and secretarial occupations,89,141,-52
E01004087,5. Skilled trades occupations,43,73,-30
E01004087,"6. Caring, leisure and other service occupations",45,49,-4
E01004087,7. Sales and customer service occupations,40,57,-17
E01004087,"8. Process, plant and machine operatives",17,25,-8
E01004087,9. Elementary occupations,26,41,-15
E01004088,"1. Managers, directors and senior officials",56,40,16
E01004088,2. Professional occupations,73,46,27
E01004088,3. Associate professional and technical occupations,65,37,28
E01004088,4. Administrative and secretarial occupations,62,76,-14
E01004088,5. Skilled trades occupations,88,79,9
E01004088,"6. Caring, leisure and other service occupations",127,103,24
E01004088,7. Sales and customer service occupations,91,78,13
E01004088,"8. Process, plant and machine operatives",76,71,5
E01004088,9. Elementary occupations,123,132,-9
E01004089,"1. Managers, directors and senior officials",55,32,23
E01004089,2. Professional occupations,89,56,33
E01004089,3. Associate professional and technical occupations,67,30,37
E01004089,4. Administrative and secretarial occupations,49,75,-26
E01004089,5. Skilled trades occupations,54,49,5
E01004089,"6. Caring, leisure and other service occupations",69,84,-15
E01004089,7. Sales and customer service occupations,36,50,-14
E01004089,"8. Process, plant and machine operatives",49,59,-10
E01004089,9. Elementary occupations,71,72,-1
E01004090,"1. Managers, directors and senior officials",47,48,-1
E01004090,2. Professional occupations,91,80,11
E01004090,3. Associate professional and technical occupations,48,31,17
E01004090,4. Administrative and secretarial occupations,47,56,-9
E01004090,5. Skilled trades occupations,76,50,26
E01004090,"6. Caring, leisure and other service occupations",72,50,22
E01004090,7. Sales and customer service occupations,46,30,16
E01004090,"8. Process, plant and machine operatives",55,36,19
E01004090,9. Elementary occupations,71,65,6
E01004091,"1. Managers, directors and senior officials",126,111,15
E01004091,2. Professional occupations,183,152,31
E01004091,3. Associate professional and technical occupations,74,38,36
E01004091,4. Administrative and secretarial occupations,70,93,-23
E01004091,5. Skilled trades occupations,38,73,-35
E01004091,"6. Caring, leisure and other service occupations",40,45,-5
E01004091,7. Sales and customer service occupations,28,45,-17
E01004091,"8. Process, plant and machine operatives",21,23,-2
E01004091,9. Elementary occupations,18,20,-2
E01004092,"1. Managers, directors and senior officials",156,138,18
E01004092,2. Professional occupations,214,183,31
E01004092,3. Associate professional and technical occupations,102,46,56
E01004092,4. Administrative and secretarial occupations,83,101,-18
E01004092,5. Skilled trades occupations,53,41,12
E01004092,"6. Caring, leisure and other service occupations",33,58,-25
E01004092,7. Sales and customer service occupations,23,36,-13
E01004092,"8. Process, plant and machine operatives",17,19,-2
E01004092,9. Elementary occupations,25,29,-4
E01004093,"1. Managers, directors and senior officials",156,120,36
E01004093,2. Professional occupations,272,233,39
E01004093,3. Associate professional and technical occupations,116,47,69
E01004093,4. Administrative and secretarial occupations,68,122,-54
E01004093,5. Skilled trades occupations,47,44,3
E01004093,"6. Caring, leisure and other service occupations",30,55,-25
E01004093,7. Sales and customer service occupations,26,31,-5
E01004093,"8. Process, plant and machine operatives",18,27,-9
E01004093,9. Elementary occupations,34,33,1
E01004094,"1. Managers, directors and senior officials",127,127,0
E01004094,2. Professional occupations,294,213,81
E01004094,3. Associate professional and technical occupations,157,72,85
E01004094,4. Administrative and secretarial occupations,94,120,-26
E01004094,5. Skilled trades occupations,77,76,1
E01004094,"6. Caring, leisure and other service occupations",75,82,-7
E01004094,7. Sales and customer service occupations,52,52,0
E01004094,"8. Process, plant and machine operatives",32,41,-9
E01004094,9. Elementary occupations,62,50,12
E01004095,"1. Managers, directors and senior officials",162,124,38
E01004095,2. Professional occupations,268,248,20
E01004095,3. Associate professional and technical occupations,107,55,52
E01004095,4. Administrative and secretarial occupations,73,109,-36
E01004095,5. Skilled trades occupations,53,58,-5
E01004095,"6. Caring, leisure and other service occupations",31,49,-18
E01004095,7. Sales and customer service occupations,26,41,-15
E01004095,"8. Process, plant and machine operatives",22,20,2
E01004095,9. Elementary occupations,21,31,-10
E01004096,"1. Managers, directors and senior officials",112,76,36
E01004096,2. Professional occupations,226,201,25
E01004096,3. Associate professional and technical occupations,131,68,63
E01004096,4. Administrative and secretarial occupations,83,111,-28
E01004096,5. Skilled trades occupations,87,71,16
E01004096,"6. Caring, leisure and other service occupations",74,50,24
E01004096,7. Sales and customer service occupations,53,53,0
E01004096,"8. Process, plant and machine operatives",42,46,-4
E01004096,9. Elementary occupations,66,57,9
E01004097,"1. Managers, directors and senior officials",134,106,28
E01004097,2. Professional occupations,246,180,66
E01004097,3. Associate professional and technical occupations,136,64,72
E01004097,4. Administrative and secretarial occupations,94,156,-62
E01004097,5. Skilled trades occupations,66,98,-32
E01004097,"6. Caring, leisure and other service occupations",54,88,-34
E01004097,7. Sales and customer service occupations,45,61,-16
E01004097,"8. Process, plant and machine operatives",31,37,-6
E01004097,9. Elementary occupations,56,48,8
E01004098,"1. Managers, directors and senior officials",130,88,42
E01004098,2. Professional occupations,198,166,32
E01004098,3. Associate professional and technical occupations,120,61,59
E01004098,4. Administrative and secretarial occupations,59,84,-25
E01004098,5. Skilled trades occupations,48,39,9
E01004098,"6. Caring, leisure and other service occupations",34,52,-18
E01004098,7. Sales and customer service occupations,32,32,0
E01004098,"8. Process, plant and machine operatives",18,20,-2
E01004098,9. Elementary occupations,28,27,1
E01004099,"1. Managers, directors and senior officials",126,110,16
E01004099,2. Professional occupations,230,166,64
E01004099,3. Associate professional and technical occupations,150,71,79
E01004099,4. Administrative and secretarial occupations,93,112,-19
E01004099,5. Skilled trades occupations,70,74,-4
E01004099,"6. Caring, leisure and other service occupations",63,58,5
E01004099,7. Sales and customer service occupations,46,52,-6
E01004099,"8. Process, plant and machine operatives",39,38,1
E01004099,9. Elementary occupations,51,48,3
E01004100,"1. Managers, directors and senior officials",98,64,34
E01004100,2. Professional occupations,220,140,80
E01004100,3. Associate professional and technical occupations,114,61,53
E01004100,4. Administrative and secretarial occupations,80,105,-25
E01004100,5. Skilled trades occupations,77,85,-8
E01004100,"6. Caring, leisure and other service occupations",55,49,6
E01004100,7. Sales and customer service occupations,43,55,-12
E01004100,"8. Process, plant and machine operatives",32,35,-3
E01004100,9. Elementary occupations,34,33,1
E01004101,"1. Managers, directors and senior officials",87,73,14
E01004101,2. Professional occupations,210,132,78
E01004101,3. Associate professional and technical occupations,94,45,49
E01004101,4. Administrative and secretarial occupations,89,100,-11
E01004101,5. Skilled trades occupations,57,79,-22
E01004101,"6. Caring, leisure and other service occupations",50,62,-12
E01004101,7. Sales and customer service occupations,39,51,-12
E01004101,"8. Process, plant and machine operatives",32,29,3
E01004101,9. Elementary occupations,41,37,4
E01004102,"1. Managers, directors and senior officials",140,88,52
E01004102,2. Professional occupations,259,170,89
E01004102,3. Associate professional and technical occupations,120,49,71
E01004102,4. Administrative and secretarial occupations,72,89,-17
E01004102,5. Skilled trades occupations,54,83,-29
E01004102,"6. Caring, leisure and other service occupations",43,49,-6
E01004102,7. Sales and customer service occupations,43,42,1
E01004102,"8. Process, plant and machine operatives",21,31,-10
E01004102,9. Elementary occupations,33,39,-6
E01004103,"1. Managers, directors and senior officials",119,81,38
E01004103,2. Professional occupations,251,213,38
E01004103,3. Associate professional and technical occupations,191,81,110
E01004103,4. Administrative and secretarial occupations,102,147,-45
E01004103,5. Skilled trades occupations,81,88,-7
E01004103,"6. Caring, leisure and other service occupations",96,73,23
E01004103,7. Sales and customer service occupations,43,51,-8
E01004103,"8. Process, plant and machine operatives",39,50,-11
E01004103,9. Elementary occupations,54,48,6
E01004104,"1. Managers, directors and senior officials",143,107,36
E01004104,2. Professional occupations,214,163,51
E01004104,3. Associate professional and technical occupations,100,65,35
E01004104,4. Administrative and secretarial occupations,75,106,-31
E01004104,5. Skilled trades occupations,57,66,-9
E01004104,"6. Caring, leisure and other service occupations",50,65,-15
E01004104,7. Sales and customer service occupations,31,39,-8
E01004104,"8. Process, plant and machine operatives",16,31,-15
E01004104,9. Elementary occupations,33,29,4
E01004105,"1. Managers, directors and senior officials",141,124,17
E01004105,2. Professional occupations,290,213,77
E01004105,3. Associate professional and technical occupations,154,65,89
E01004105,4. Administrative and secretarial occupations,103,143,-40
E01004105,5. Skilled trades occupations,79,91,-12
E01004105,"6. Caring, leisure and other service occupations",44,75,-31
E01004105,7. Sales and customer service occupations,27,77,-50
E01004105,"8. Process, plant and machine operatives",34,37,-3
E01004105,9. Elementary occupations,39,52,-13
E01004106,"1. Managers, directors and senior officials",192,152,40
E01004106,2. Professional occupations,252,209,43
E01004106,3. Associate professional and technical occupations,84,47,37
E01004106,4. Administrative and secretarial occupations,89,105,-16
E01004106,5. Skilled trades occupations,38,48,-10
E01004106,"6. Caring, leisure and other service occupations",47,54,-7
E01004106,7. Sales and customer service occupations,30,38,-8
E01004106,"8. Process, plant and machine operatives",17,18,-1
E01004106,9. Elementary occupations,20,21,-1
E01004107,"1. Managers, directors and senior officials",98,87,11
E01004107,2. Professional occupations,188,120,68
E01004107,3. Associate professional and technical occupations,100,64,36
E01004107,4. Administrative and secretarial occupations,87,109,-22
E01004107,5. Skilled trades occupations,85,83,2
E01004107,"6. Caring, leisure and other service occupations",76,98,-22
E01004107,7. Sales and customer service occupations,47,66,-19
E01004107,"8. Process, plant and machine operatives",48,53,-5
E01004107,9. Elementary occupations,58,51,7
E01004108,"1. Managers, directors and senior officials",202,114,88
E01004108,2. Professional occupations,274,162,112
E01004108,3. Associate professional and technical occupations,144,49,95
E01004108,4. Administrative and secretarial occupations,96,132,-36
E01004108,5. Skilled trades occupations,99,102,-3
E01004108,"6. Caring, leisure and other service occupations",65,67,-2
E01004108,7. Sales and customer service occupations,52,52,0
E01004108,"8. Process, plant and machine operatives",30,36,-6
E01004108,9. Elementary occupations,52,44,8
E01004109,"1. Managers, directors and senior officials",99,68,31
E01004109,2. Professional occupations,157,118,39
E01004109,3. Associate professional and technical occupations,102,51,51
E01004109,4. Administrative and secretarial occupations,98,131,-33
E01004109,5. Skilled trades occupations,92,99,-7
E01004109,"6. Caring, leisure and other service occupations",88,74,14
E01004109,7. Sales and customer service occupations,51,58,-7
E01004109,"8. Process, plant and machine operatives",72,68,4
E01004109,9. Elementary occupations,57,56,1
E01004110,"1. Managers, directors and senior officials",158,120,38
E01004110,2. Professional occupations,240,214,26
E01004110,3. Associate professional and technical occupations,154,60,94
E01004110,4. Administrative and secretarial occupations,90,142,-52
E01004110,5. Skilled trades occupations,83,86,-3
E01004110,"6. Caring, leisure and other service occupations",84,83,1
E01004110,7. Sales and customer service occupations,80,39,41
E01004110,"8. Process, plant and machine operatives",58,43,15
E01004110,9. Elementary occupations,61,69,-8
E01004111,"1. Managers, directors and senior officials",126,101,25
E01004111,2. Professional occupations,207,127,80
E01004111,3. Associate professional and technical occupations,119,46,73
E01004111,4. Administrative and secretarial occupations,103,109,-6
E01004111,5. Skilled trades occupations,72,69,3
E01004111,"6. Caring, leisure and other service occupations",58,60,-2
E01004111,7. Sales and customer service occupations,54,64,-10
E01004111,"8. Process, plant and machine operatives",31,36,-5
E01004111,9. Elementary occupations,52,57,-5
E01004112,"1. Managers, directors and senior officials",169,132,37
E01004112,2. Professional occupations,244,211,33
E01004112,3. Associate professional and technical occupations,102,61,41
E01004112,4. Administrative and secretarial occupations,94,102,-8
E01004112,5. Skilled trades occupations,47,62,-15
E01004112,"6. Caring, leisure and other service occupations",48,48,0
E01004112,7. Sales and customer service occupations,28,47,-19
E01004112,"8. Process, plant and machine operatives",19,21,-2
E01004112,9. Elementary occupations,28,26,2
E01004114,"1. Managers, directors and senior officials",233,177,56
E01004114,2. Professional occupations,258,233,25
E01004114,3. Associate professional and technical occupations,76,29,47
E01004114,4. Administrative and secretarial occupations,83,101,-18
E01004114,5. Skilled trades occupations,34,41,-7
E01004114,"6. Caring, leisure and other service occupations",36,38,-2
E01004114,7. Sales and customer service occupations,33,30,3
E01004114,"8. Process, plant and machine operatives",5,16,-11
E01004114,9. Elementary occupations,20,18,2
E01004115,"1. Managers, directors and senior officials",115,104,11
E01004115,2. Professional occupations,212,145,67
E01004115,3. Associate professional and technical occupations,139,49,90
E01004115,4. Administrative and secretarial occupations,109,150,-41
E01004115,5. Skilled trades occupations,106,108,-2
E01004115,"6. Caring, leisure and other service occupations",87,99,-12
E01004115,7. Sales and customer service occupations,71,77,-6
E01004115,"8. Process, plant and machine operatives",41,56,-15
E01004115,9. Elementary occupations,53,52,1
E01004116,"1. Managers, directors and senior officials",135,83,52
E01004116,2. Professional occupations,194,139,55
E01004116,3. Associate professional and technical occupations,99,33,66
E01004116,4. Administrative and secretarial occupations,76,110,-34
E01004116,5. Skilled trades occupations,80,99,-19
E01004116,"6. Caring, leisure and other service occupations",42,77,-35
E01004116,7. Sales and customer service occupations,38,52,-14
E01004116,"8. Process, plant and machine operatives",29,33,-4
E01004116,9. Elementary occupations,42,31,11
E01004117,"1. Managers, directors and senior officials",109,67,42
E01004117,2. Professional occupations,206,124,82
E01004117,3. Associate professional and technical occupations,111,52,59
E01004117,4. Administrative and secretarial occupations,100,139,-39
E01004117,5. Skilled trades occupations,94,103,-9
E01004117,"6. Caring, leisure and other service occupations",66,92,-26
E01004117,7. Sales and customer service occupations,35,53,-18
E01004117,"8. Process, plant and machine operatives",35,51,-16
E01004117,9. Elementary occupations,42,57,-15
E01004118,"1. Managers, directors and senior officials",120,95,25
E01004118,2. Professional occupations,173,134,39
E01004118,3. Associate professional and technical occupations,120,73,47
E01004118,4. Administrative and secretarial occupations,123,120,3
E01004118,5. Skilled trades occupations,83,98,-15
E01004118,"6. Caring, leisure and other service occupations",74,76,-2
E01004118,7. Sales and customer service occupations,63,75,-12
E01004118,"8. Process, plant and machine operatives",49,40,9
E01004118,9. Elementary occupations,78,80,-2
E01004119,"1. Managers, directors and senior officials",101,77,24
E01004119,2. Professional occupations,143,84,59
E01004119,3. Associate professional and technical occupations,101,53,48
E01004119,4. Administrative and secretarial occupations,104,156,-52
E01004119,5. Skilled trades occupations,98,114,-16
E01004119,"6. Caring, leisure and other service occupations",65,75,-10
E01004119,7. Sales and customer service occupations,42,75,-33
E01004119,"8. Process, plant and machine operatives",39,54,-15
E01004119,9. Elementary occupations,37,50,-13
E01004120,"1. Managers, directors and senior officials",139,94,45
E01004120,2. Professional occupations,161,132,29
E01004120,3. Associate professional and technical occupations,115,47,68
E01004120,4. Administrative and secretarial occupations,96,146,-50
E01004120,5. Skilled trades occupations,81,90,-9
E01004120,"6. Caring, leisure and other service occupations",46,65,-19
E01004120,7. Sales and customer service occupations,52,74,-22
E01004120,"8. Process, plant and machine operatives",36,40,-4
E01004120,9. Elementary occupations,37,48,-11
E01004121,"1. Managers, directors and senior officials",140,100,40
E01004121,2. Professional occupations,214,159,55
E01004121,3. Associate professional and technical occupations,122,63,59
E01004121,4. Administrative and secretarial occupations,84,116,-32
E01004121,5. Skilled trades occupations,71,83,-12
E01004121,"6. Caring, leisure and other service occupations",43,67,-24
E01004121,7. Sales and customer service occupations,49,78,-29
E01004121,"8. Process, plant and machine operatives",20,35,-15
E01004121,9. Elementary occupations,45,62,-17
E01004122,"1. Managers, directors and senior officials",128,87,41
E01004122,2. Professional occupations,186,149,37
E01004122,3. Associate professional and technical occupations,92,52,40
E01004122,4. Administrative and secretarial occupations,74,111,-37
E01004122,5. Skilled trades occupations,64,76,-12
E01004122,"6. Caring, leisure and other service occupations",47,61,-14
E01004122,7. Sales and customer service occupations,35,45,-10
E01004122,"8. Process, plant and machine operatives",26,31,-5
E01004122,9. Elementary occupations,31,36,-5
E01004123,"1. Managers, directors and senior officials",92,61,31
E01004123,2. Professional occupations,189,137,52
E01004123,3. Associate professional and technical occupations,111,72,39
E01004123,4. Administrative and secretarial occupations,104,107,-3
E01004123,5. Skilled trades occupations,130,127,3
E01004123,"6. Caring, leisure and other service occupations",134,138,-4
E01004123,7. Sales and customer service occupations,108,111,-3
E01004123,"8. Process, plant and machine operatives",84,84,0
E01004123,9. Elementary occupations,153,132,21
E01004124,"1. Managers, directors and senior officials",94,77,17
E01004124,2. Professional occupations,139,70,69
E01004124,3. Associate professional and technical occupations,97,41,56
E01004124,4. Administrative and secretarial occupations,105,124,-19
E01004124,5. Skilled trades occupations,129,119,10
E01004124,"6. Caring, leisure and other service occupations",115,109,6
E01004124,7. Sales and customer service occupations,83,89,-6
E01004124,"8. Process, plant and machine operatives",82,66,16
E01004124,9. Elementary occupations,132,118,14
E01004125,"1. Managers, directors and senior officials",78,42,36
E01004125,2. Professional occupations,128,97,31
E01004125,3. Associate professional and technical occupations,71,42,29
E01004125,4. Administrative and secretarial occupations,81,67,14
E01004125,5. Skilled trades occupations,84,73,11
E01004125,"6. Caring, leisure and other service occupations",96,102,-6
E01004125,7. Sales and customer service occupations,49,73,-24
E01004125,"8. Process, plant and machine operatives",54,71,-17
E01004125,9. Elementary occupations,86,101,-15
E01004126,"1. Managers, directors and senior officials",68,42,26
E01004126,2. Professional occupations,130,81,49
E01004126,3. Associate professional and technical occupations,66,26,40
E01004126,4. Administrative and secretarial occupations,74,71,3
E01004126,5. Skilled trades occupations,92,81,11
E01004126,"6. Caring, leisure and other service occupations",85,92,-7
E01004126,7. Sales and customer service occupations,73,62,11
E01004126,"8. Process, plant and machine operatives",60,54,6
E01004126,9. Elementary occupations,92,120,-28
E01004127,"1. Managers, directors and senior officials",90,75,15
E01004127,2. Professional occupations,160,88,72
E01004127,3. Associate professional and technical occupations,110,43,67
E01004127,4. Administrative and secretarial occupations,93,92,1
E01004127,5. Skilled trades occupations,126,114,12
E01004127,"6. Caring, leisure and other service occupations",95,97,-2
E01004127,7. Sales and customer service occupations,62,74,-12
E01004127,"8. Process, plant and machine operatives",75,57,18
E01004127,9. Elementary occupations,92,94,-2
E01004128,"1. Managers, directors and senior officials",62,33,29
E01004128,2. Professional occupations,156,135,21
E01004128,3. Associate professional and technical occupations,66,26,40
E01004128,4. Administrative and secretarial occupations,79,100,-21
E01004128,5. Skilled trades occupations,93,89,4
E01004128,"6. Caring, leisure and other service occupations",82,105,-23
E01004128,7. Sales and customer service occupations,74,59,15
E01004128,"8. Process, plant and machine operatives",43,66,-23
E01004128,9. Elementary occupations,79,94,-15
E01004129,"1. Managers, directors and senior officials",67,58,9
E01004129,2. Professional occupations,125,66,59
E01004129,3. Associate professional and technical occupations,86,42,44
E01004129,4. Administrative and secretarial occupations,77,93,-16
E01004129,5. Skilled trades occupations,125,83,42
E01004129,"6. Caring, leisure and other service occupations",120,113,7
E01004129,7. Sales and customer service occupations,76,81,-5
E01004129,"8. Process, plant and machine operatives",64,87,-23
E01004129,9. Elementary occupations,102,96,6
E01004130,"1. Managers, directors and senior officials",92,80,12
E01004130,2. Professional occupations,186,123,63
E01004130,3. Associate professional and technical occupations,124,51,73
E01004130,4. Administrative and secretarial occupations,118,124,-6
E01004130,5. Skilled trades occupations,123,97,26
E01004130,"6. Caring, leisure and other service occupations",78,90,-12
E01004130,7. Sales and customer service occupations,67,62,5
E01004130,"8. Process, plant and machine operatives",63,52,11
E01004130,9. Elementary occupations,49,81,-32
E01004131,"1. Managers, directors and senior officials",101,87,14
E01004131,2. Professional occupations,204,121,83
E01004131,3. Associate professional and technical occupations,117,56,61
E01004131,4. Administrative and secretarial occupations,110,133,-23
E01004131,5. Skilled trades occupations,119,110,9
E01004131,"6. Caring, leisure and other service occupations",110,90,20
E01004131,7. Sales and customer service occupations,75,64,11
E01004131,"8. Process, plant and machine operatives",56,56,0
E01004131,9. Elementary occupations,80,61,19
E01004132,"1. Managers, directors and senior officials",92,80,12
E01004132,2. Professional occupations,167,89,78
E01004132,3. Associate professional and technical occupations,117,41,76
E01004132,4. Administrative and secretarial occupations,112,143,-31
E01004132,5. Skilled trades occupations,112,101,11
E01004132,"6. Caring, leisure and other service occupations",82,85,-3
E01004132,7. Sales and customer service occupations,57,80,-23
E01004132,"8. Process, plant and machine operatives",45,50,-5
E01004132,9. Elementary occupations,50,74,-24
E01004133,"1. Managers, directors and senior officials",98,65,33
E01004133,2. Professional occupations,184,110,74
E01004133,3. Associate professional and technical occupations,104,49,55
E01004133,4. Administrative and secretarial occupations,98,143,-45
E01004133,5. Skilled trades occupations,94,109,-15
E01004133,"6. Caring, leisure and other service occupations",61,60,1
E01004133,7. Sales and customer service occupations,80,79,1
E01004133,"8. Process, plant and machine operatives",42,52,-10
E01004133,9. Elementary occupations,56,53,3
E01004134,"1. Managers, directors and senior officials",110,76,34
E01004134,2. Professional occupations,166,114,52
E01004134,3. Associate professional and technical occupations,80,51,29
E01004134,4. Administrative and secretarial occupations,89,117,-28
E01004134,5. Skilled trades occupations,81,90,-9
E01004134,"6. Caring, leisure and other service occupations",70,77,-7
E01004134,7. Sales and customer service occupations,68,73,-5
E01004134,"8. Process, plant and machine operatives",57,61,-4
E01004134,9. Elementary occupations,57,56,1
E01004135,"1. Managers, directors and senior officials",69,69,0
E01004135,2. Professional occupations,147,107,40
E01004135,3. Associate professional and technical occupations,77,55,22
E01004135,4. Administrative and secretarial occupations,82,113,-31
E01004135,5. Skilled trades occupations,71,97,-26
E01004135,"6. Caring, leisure and other service occupations",82,90,-8
E01004135,7. Sales and customer service occupations,46,72,-26
E01004135,"8. Process, plant and machine operatives",54,45,9
E01004135,9. Elementary occupations,63,56,7
E01004136,"1. Managers, directors and senior officials",109,78,31
E01004136,2. Professional occupations,137,101,36
E01004136,3. Associate professional and technical occupations,115,42,73
E01004136,4. Administrative and secretarial occupations,117,137,-20
E01004136,5. Skilled trades occupations,112,121,-9
E01004136,"6. Caring, leisure and other service occupations",55,89,-34
E01004136,7. Sales and customer service occupations,69,58,11
E01004136,"8. Process, plant and machine operatives",47,65,-18
E01004136,9. Elementary occupations,58,81,-23
E01004137,"1. Managers, directors and senior officials",229,98,131
E01004137,2. Professional occupations,428,216,212
E01004137,3. Associate professional and technical occupations,245,80,165
E01004137,4. Administrative and secretarial occupations,141,126,15
E01004137,5. Skilled trades occupations,137,74,63
E01004137,"6. Caring, leisure and other service occupations",96,62,34
E01004137,7. Sales and customer service occupations,85,53,32
E01004137,"8. Process, plant and machine operatives",68,38,30
E01004137,9. Elementary occupations,82,52,30
E01004138,"1. Managers, directors and senior officials",110,84,26
E01004138,2. Professional occupations,231,189,42
E01004138,3. Associate professional and technical occupations,125,56,69
E01004138,4. Administrative and secretarial occupations,110,128,-18
E01004138,5. Skilled trades occupations,98,96,2
E01004138,"6. Caring, leisure and other service occupations",83,79,4
E01004138,7. Sales and customer service occupations,59,63,-4
E01004138,"8. Process, plant and machine operatives",43,37,6
E01004138,9. Elementary occupations,89,73,16
E01004139,"1. Managers, directors and senior officials",118,69,49
E01004139,2. Professional occupations,200,157,43
E01004139,3. Associate professional and technical occupations,123,59,64
E01004139,4. Administrative and secretarial occupations,90,103,-13
E01004139,5. Skilled trades occupations,79,83,-4
E01004139,"6. Caring, leisure and other service occupations",63,67,-4
E01004139,7. Sales and customer service occupations,59,48,11
E01004139,"8. Process, plant and machine operatives",28,36,-8
E01004139,9. Elementary occupations,63,60,3
E01004140,"1. Managers, directors and senior officials",84,64,20
E01004140,2. Professional occupations,128,115,13
E01004140,3. Associate professional and technical occupations,91,41,50
E01004140,4. Administrative and secretarial occupations,72,58,14
E01004140,5. Skilled trades occupations,118,94,24
E01004140,"6. Caring, leisure and other service occupations",101,85,16
E01004140,7. Sales and customer service occupations,91,77,14
E01004140,"8. Process, plant and machine operatives",68,60,8
E01004140,9. Elementary occupations,126,85,41
E01004141,"1. Managers, directors and senior officials",85,74,11
E01004141,2. Professional occupations,160,125,35
E01004141,3. Associate professional and technical occupations,103,61,42
E01004141,4. Administrative and secretarial occupations,84,105,-21
E01004141,5. Skilled trades occupations,84,78,6
E01004141,"6. Caring, leisure and other service occupations",95,83,12
E01004141,7. Sales and customer service occupations,80,56,24
E01004141,"8. Process, plant and machine operatives",44,44,0
E01004141,9. Elementary occupations,95,83,12
E01004143,"1. Managers, directors and senior officials",97,80,17
E01004143,2. Professional occupations,207,170,37
E01004143,3. Associate professional and technical occupations,132,52,80
E01004143,4. Administrative and secretarial occupations,84,103,-19
E01004143,5. Skilled trades occupations,84,84,0
E01004143,"6. Caring, leisure and other service occupations",53,73,-20
E01004143,7. Sales and customer service occupations,49,62,-13
E01004143,"8. Process, plant and machine operatives",41,41,0
E01004143,9. Elementary occupations,85,55,30
E01004144,"1. Managers, directors and senior officials",133,91,42
E01004144,2. Professional occupations,223,155,68
E01004144,3. Associate professional and technical occupations,124,66,58
E01004144,4. Administrative and secretarial occupations,97,130,-33
E01004144,5. Skilled trades occupations,73,93,-20
E01004144,"6. Caring, leisure and other service occupations",75,71,4
E01004144,7. Sales and customer service occupations,58,63,-5
E01004144,"8. Process, plant and machine operatives",56,37,19
E01004144,9. Elementary occupations,54,58,-4
E01004145,"1. Managers, directors and senior officials",154,91,63
E01004145,2. Professional occupations,262,176,86
E01004145,3. Associate professional and technical occupations,146,86,60
E01004145,4. Administrative and secretarial occupations,124,177,-53
E01004145,5. Skilled trades occupations,140,153,-13
E01004145,"6. Caring, leisure and other service occupations",78,107,-29
E01004145,7. Sales and customer service occupations,91,80,11
E01004145,"8. Process, plant and machine operatives",57,64,-7
E01004145,9. Elementary occupations,78,81,-3
E01004146,"1. Managers, directors and senior officials",137,73,64
E01004146,2. Professional occupations,257,140,117
E01004146,3. Associate professional and technical occupations,135,79,56
E01004146,4. Administrative and secretarial occupations,100,110,-10
E01004146,5. Skilled trades occupations,90,96,-6
E01004146,"6. Caring, leisure and other service occupations",97,88,9
E01004146,7. Sales and customer service occupations,72,59,13
E01004146,"8. Process, plant and machine operatives",55,49,6
E01004146,9. Elementary occupations,97,71,26
E01004147,"1. Managers, directors and senior officials",118,82,36
E01004147,2. Professional occupations,156,117,39
E01004147,3. Associate professional and technical occupations,111,53,58
E01004147,4. Administrative and secretarial occupations,88,119,-31
E01004147,5. Skilled trades occupations,72,76,-4
E01004147,"6. Caring, leisure and other service occupations",64,79,-15
E01004147,7. Sales and customer service occupations,55,65,-10
E01004147,"8. Process, plant and machine operatives",34,37,-3
E01004147,9. Elementary occupations,52,58,-6
E01004148,"1. Managers, directors and senior officials",103,63,40
E01004148,2. Professional occupations,132,109,23
E01004148,3. Associate professional and technical occupations,86,44,42
E01004148,4. Administrative and secretarial occupations,58,93,-35
E01004148,5. Skilled trades occupations,97,83,14
E01004148,"6. Caring, leisure and other service occupations",85,82,3
E01004148,7. Sales and customer service occupations,47,63,-16
E01004148,"8. Process, plant and machine operatives",57,54,3
E01004148,9. Elementary occupations,73,77,-4
E01004149,"1. Managers, directors and senior officials",107,101,6
E01004149,2. Professional occupations,201,176,25
E01004149,3. Associate professional and technical occupations,118,48,70
E01004149,4. Administrative and secretarial occupations,100,116,-16
E01004149,5. Skilled trades occupations,113,86,27
E01004149,"6. Caring, leisure and other service occupations",97,60,37
E01004149,7. Sales and customer service occupations,62,46,16
E01004149,"8. Process, plant and machine operatives",40,39,1
E01004149,9. Elementary occupations,81,79,2
E01004150,"1. Managers, directors and senior officials",94,65,29
E01004150,2. Professional occupations,278,208,70
E01004150,3. Associate professional and technical occupations,140,64,76
E01004150,4. Administrative and secretarial occupations,96,94,2
E01004150,5. Skilled trades occupations,84,58,26
E01004150,"6. Caring, leisure and other service occupations",105,63,42
E01004150,7. Sales and customer service occupations,69,71,-2
E01004150,"8. Process, plant and machine operatives",74,40,34
E01004150,9. Elementary occupations,93,72,21
E01004151,"1. Managers, directors and senior officials",123,107,16
E01004151,2. Professional occupations,309,274,35
E01004151,3. Associate professional and technical occupations,147,84,63
E01004151,4. Administrative and secretarial occupations,93,113,-20
E01004151,5. Skilled trades occupations,82,76,6
E01004151,"6. Caring, leisure and other service occupations",104,63,41
E01004151,7. Sales and customer service occupations,49,60,-11
E01004151,"8. Process, plant and machine operatives",34,32,2
E01004151,9. Elementary occupations,68,76,-8
E01004152,"1. Managers, directors and senior officials",96,78,18
E01004152,2. Professional occupations,238,202,36
E01004152,3. Associate professional and technical occupations,111,46,65
E01004152,4. Administrative and secretarial occupations,97,118,-21
E01004152,5. Skilled trades occupations,86,66,20
E01004152,"6. Caring, leisure and other service occupations",76,75,1
E01004152,7. Sales and customer service occupations,45,62,-17
E01004152,"8. Process, plant and machine operatives",42,38,4
E01004152,9. Elementary occupations,61,55,6
E01004153,"1. Managers, directors and senior officials",140,96,44
E01004153,2. Professional occupations,274,247,27
E01004153,3. Associate professional and technical occupations,129,67,62
E01004153,4. Administrative and secretarial occupations,112,128,-16
E01004153,5. Skilled trades occupations,81,54,27
E01004153,"6. Caring, leisure and other service occupations",77,64,13
E01004153,7. Sales and customer service occupations,50,53,-3
E01004153,"8. Process, plant and machine operatives",51,45,6
E01004153,9. Elementary occupations,75,61,14
E01004154,"1. Managers, directors and senior officials",153,108,45
E01004154,2. Professional occupations,196,208,-12
E01004154,3. Associate professional and technical occupations,88,46,42
E01004154,4. Administrative and secretarial occupations,77,92,-15
E01004154,5. Skilled trades occupations,41,56,-15
E01004154,"6. Caring, leisure and other service occupations",30,43,-13
E01004154,7. Sales and customer service occupations,31,31,0
E01004154,"8. Process, plant and machine operatives",16,17,-1
E01004154,9. Elementary occupations,30,30,0
E01004155,"1. Managers, directors and senior officials",134,112,22
E01004155,2. Professional occupations,293,247,46
E01004155,3. Associate professional and technical occupations,141,66,75
E01004155,4. Administrative and secretarial occupations,89,119,-30
E01004155,5. Skilled trades occupations,88,69,19
E01004155,"6. Caring, leisure and other service occupations",76,59,17
E01004155,7. Sales and customer service occupations,53,51,2
E01004155,"8. Process, plant and machine operatives",55,44,11
E01004155,9. Elementary occupations,67,64,3
E01004156,"1. Managers, directors and senior officials",142,90,52
E01004156,2. Professional occupations,360,262,98
E01004156,3. Associate professional and technical occupations,137,73,64
E01004156,4. Administrative and secretarial occupations,98,130,-32
E01004156,5. Skilled trades occupations,78,76,2
E01004156,"6. Caring, leisure and other service occupations",87,60,27
E01004156,7. Sales and customer service occupations,64,57,7
E01004156,"8. Process, plant and machine operatives",44,35,9
E01004156,9. Elementary occupations,77,63,14
E01004157,"1. Managers, directors and senior officials",145,84,61
E01004157,2. Professional occupations,190,162,28
E01004157,3. Associate professional and technical occupations,88,47,41
E01004157,4. Administrative and secretarial occupations,69,109,-40
E01004157,5. Skilled trades occupations,44,56,-12
E01004157,"6. Caring, leisure and other service occupations",33,35,-2
E01004157,7. Sales and customer service occupations,26,43,-17
E01004157,"8. Process, plant and machine operatives",10,22,-12
E01004157,9. Elementary occupations,11,33,-22
E01004158,"1. Managers, directors and senior officials",145,95,50
E01004158,2. Professional occupations,238,226,12
E01004158,3. Associate professional and technical occupations,110,74,36
E01004158,4. Administrative and secretarial occupations,89,114,-25
E01004158,5. Skilled trades occupations,67,58,9
E01004158,"6. Caring, leisure and other service occupations",49,57,-8
E01004158,7. Sales and customer service occupations,52,36,16
E01004158,"8. Process, plant and machine operatives",32,23,9
E01004158,9. Elementary occupations,48,53,-5
E01004159,"1. Managers, directors and senior officials",123,71,52
E01004159,2. Professional occupations,162,108,54
E01004159,3. Associate professional and technical occupations,107,46,61
E01004159,4. Administrative and secretarial occupations,100,131,-31
E01004159,5. Skilled trades occupations,106,96,10
E01004159,"6. Caring, leisure and other service occupations",75,81,-6
E01004159,7. Sales and customer service occupations,58,76,-18
E01004159,"8. Process, plant and machine operatives",45,64,-19
E01004159,9. Elementary occupations,66,70,-4
E01004160,"1. Managers, directors and senior officials",133,97,36
E01004160,2. Professional occupations,230,177,53
E01004160,3. Associate professional and technical occupations,125,70,55
E01004160,4. Administrative and secretarial occupations,104,141,-37
E01004160,5. Skilled trades occupations,96,94,2
E01004160,"6. Caring, leisure and other service occupations",69,75,-6
E01004160,7. Sales and customer service occupations,59,57,2
E01004160,"8. Process, plant and machine operatives",42,48,-6
E01004160,9. Elementary occupations,60,60,0
E01004161,"1. Managers, directors and senior officials",109,86,23
E01004161,2. Professional occupations,209,164,45
E01004161,3. Associate professional and technical occupations,108,59,49
E01004161,4. Administrative and secretarial occupations,95,123,-28
E01004161,5. Skilled trades occupations,74,90,-16
E01004161,"6. Caring, leisure and other service occupations",79,82,-3
E01004161,7. Sales and customer service occupations,46,56,-10
E01004161,"8. Process, plant and machine operatives",45,44,1
E01004161,9. Elementary occupations,38,44,-6
E01004162,"1. Managers, directors and senior officials",100,91,9
E01004162,2. Professional occupations,269,189,80
E01004162,3. Associate professional and technical occupations,138,75,63
E01004162,4. Administrative and secretarial occupations,78,109,-31
E01004162,5. Skilled trades occupations,77,63,14
E01004162,"6. Caring, leisure and other service occupations",76,58,18
E01004162,7. Sales and customer service occupations,57,56,1
E01004162,"8. Process, plant and machine operatives",50,27,23
E01004162,9. Elementary occupations,81,64,17
E01004163,"1. Managers, directors and senior officials",113,73,40
E01004163,2. Professional occupations,163,90,73
E01004163,3. Associate professional and technical occupations,136,53,83
E01004163,4. Administrative and secretarial occupations,95,148,-53
E01004163,5. Skilled trades occupations,128,116,12
E01004163,"6. Caring, leisure and other service occupations",80,68,12
E01004163,7. Sales and customer service occupations,77,73,4
E01004163,"8. Process, plant and machine operatives",42,59,-17
E01004163,9. Elementary occupations,78,75,3
E01004164,"1. Managers, directors and senior officials",116,67,49
E01004164,2. Professional occupations,189,127,62
E01004164,3. Associate professional and technical occupations,114,64,50
E01004164,4. Administrative and secretarial occupations,88,154,-66
E01004164,5. Skilled trades occupations,93,86,7
E01004164,"6. Caring, leisure and other service occupations",61,78,-17
E01004164,7. Sales and customer service occupations,42,83,-41
E01004164,"8. Process, plant and machine operatives",37,51,-14
E01004164,9. Elementary occupations,53,70,-17
E01004165,"1. Managers, directors and senior officials",120,97,23
E01004165,2. Professional occupations,207,148,59
E01004165,3. Associate professional and technical occupations,127,47,80
E01004165,4. Administrative and secretarial occupations,93,143,-50
E01004165,5. Skilled trades occupations,109,103,6
E01004165,"6. Caring, leisure and other service occupations",85,102,-17
E01004165,7. Sales and customer service occupations,62,66,-4
E01004165,"8. Process, plant and machine operatives",55,61,-6
E01004165,9. Elementary occupations,89,87,2
E01004166,"1. Managers, directors and senior officials",103,83,20
E01004166,2. Professional occupations,202,147,55
E01004166,3. Associate professional and technical occupations,128,75,53
E01004166,4. Administrative and secretarial occupations,120,140,-20
E01004166,5. Skilled trades occupations,71,81,-10
E01004166,"6. Caring, leisure and other service occupations",63,55,8
E01004166,7. Sales and customer service occupations,44,67,-23
E01004166,"8. Process, plant and machine operatives",31,38,-7
E01004166,9. Elementary occupations,49,48,1
E01004167,"1. Managers, directors and senior officials",75,56,19
E01004167,2. Professional occupations,108,75,33
E01004167,3. Associate professional and technical occupations,74,19,55
E01004167,4. Administrative and secretarial occupations,51,89,-38
E01004167,5. Skilled trades occupations,97,79,18
E01004167,"6. Caring, leisure and other service occupations",91,72,19
E01004167,7. Sales and customer service occupations,72,49,23
E01004167,"8. Process, plant and machine operatives",45,62,-17
E01004167,9. Elementary occupations,91,58,33
E01004168,"1. Managers, directors and senior officials",97,88,9
E01004168,2. Professional occupations,177,96,81
E01004168,3. Associate professional and technical occupations,130,65,65
E01004168,4. Administrative and secretarial occupations,91,135,-44
E01004168,5. Skilled trades occupations,107,104,3
E01004168,"6. Caring, leisure and other service occupations",79,99,-20
E01004168,7. Sales and customer service occupations,54,76,-22
E01004168,"8. Process, plant and machine operatives",52,54,-2
E01004168,9. Elementary occupations,45,72,-27
E01004169,"1. Managers, directors and senior officials",119,49,70
E01004169,2. Professional occupations,191,85,106
E01004169,3. Associate professional and technical occupations,125,36,89
E01004169,4. Administrative and secretarial occupations,104,82,22
E01004169,5. Skilled trades occupations,88,74,14
E01004169,"6. Caring, leisure and other service occupations",101,54,47
E01004169,7. Sales and customer service occupations,63,41,22
E01004169,"8. Process, plant and machine operatives",58,40,18
E01004169,9. Elementary occupations,65,60,5
E01004170,"1. Managers, directors and senior officials",160,113,47
E01004170,2. Professional occupations,307,200,107
E01004170,3. Associate professional and technical occupations,158,89,69
E01004170,4. Administrative and secretarial occupations,119,152,-33
E01004170,5. Skilled trades occupations,123,76,47
E01004170,"6. Caring, leisure and other service occupations",83,80,3
E01004170,7. Sales and customer service occupations,68,75,-7
E01004170,"8. Process, plant and machine operatives",57,41,16
E01004170,9. Elementary occupations,82,67,15
E01004171,"1. Managers, directors and senior officials",127,96,31
E01004171,2. Professional occupations,206,123,83
E01004171,3. Associate professional and technical occupations,101,56,45
E01004171,4. Administrative and secretarial occupations,89,129,-40
E01004171,5. Skilled trades occupations,77,77,0
E01004171,"6. Caring, leisure and other service occupations",59,69,-10
E01004171,7. Sales and customer service occupations,49,51,-2
E01004171,"8. Process, plant and machine operatives",25,44,-19
E01004171,9. Elementary occupations,37,53,-16
E01004172,"1. Managers, directors and senior officials",110,76,34
E01004172,2. Professional occupations,173,135,38
E01004172,3. Associate professional and technical occupations,134,67,67
E01004172,4. Administrative and secretarial occupations,89,125,-36
E01004172,5. Skilled trades occupations,100,76,24
E01004172,"6. Caring, leisure and other service occupations",97,61,36
E01004172,7. Sales and customer service occupations,75,63,12
E01004172,"8. Process, plant and machine operatives",55,53,2
E01004172,9. Elementary occupations,94,57,37
E01004173,"1. Managers, directors and senior officials",84,64,20
E01004173,2. Professional occupations,170,118,52
E01004173,3. Associate professional and technical occupations,82,56,26
E01004173,4. Administrative and secretarial occupations,79,108,-29
E01004173,5. Skilled trades occupations,58,70,-12
E01004173,"6. Caring, leisure and other service occupations",73,74,-1
E01004173,7. Sales and customer service occupations,44,54,-10
E01004173,"8. Process, plant and machine operatives",34,43,-9
E01004173,9. Elementary occupations,42,60,-18
E01004174,"1. Managers, directors and senior officials",105,70,35
E01004174,2. Professional occupations,220,142,78
E01004174,3. Associate professional and technical occupations,129,81,48
E01004174,4. Administrative and secretarial occupations,92,131,-39
E01004174,5. Skilled trades occupations,93,87,6
E01004174,"6. Caring, leisure and other service occupations",61,70,-9
E01004174,7. Sales and customer service occupations,38,48,-10
E01004174,"8. Process, plant and machine operatives",32,33,-1
E01004174,9. Elementary occupations,45,42,3
E01004175,"1. Managers, directors and senior officials",154,107,47
E01004175,2. Professional occupations,174,116,58
E01004175,3. Associate professional and technical occupations,143,70,73
E01004175,4. Administrative and secretarial occupations,127,139,-12
E01004175,5. Skilled trades occupations,108,96,12
E01004175,"6. Caring, leisure and other service occupations",78,83,-5
E01004175,7. Sales and customer service occupations,65,64,1
E01004175,"8. Process, plant and machine operatives",43,46,-3
E01004175,9. Elementary occupations,63,66,-3
E01004176,"1. Managers, directors and senior officials",121,62,59
E01004176,2. Professional occupations,199,149,50
E01004176,3. Associate professional and technical occupations,124,81,43
E01004176,4. Administrative and secretarial occupations,89,123,-34
E01004176,5. Skilled trades occupations,77,78,-1
E01004176,"6. Caring, leisure and other service occupations",75,83,-8
E01004176,7. Sales and customer service occupations,51,53,-2
E01004176,"8. Process, plant and machine operatives",35,41,-6
E01004176,9. Elementary occupations,58,53,5
E01004177,"1. Managers, directors and senior officials",78,78,0
E01004177,2. Professional occupations,158,131,27
E01004177,3. Associate professional and technical occupations,106,56,50
E01004177,4. Administrative and secretarial occupations,83,97,-14
E01004177,5. Skilled trades occupations,61,79,-18
E01004177,"6. Caring, leisure and other service occupations",78,68,10
E01004177,7. Sales and customer service occupations,51,57,-6
E01004177,"8. Process, plant and machine operatives",45,55,-10
E01004177,9. Elementary occupations,60,49,11
E01004178,"1. Managers, directors and senior officials",110,115,-5
E01004178,2. Professional occupations,261,188,73
E01004178,3. Associate professional and technical occupations,167,81,86
E01004178,4. Administrative and secretarial occupations,131,139,-8
E01004178,5. Skilled trades occupations,120,122,-2
E01004178,"6. Caring, leisure and other service occupations",118,95,23
E01004178,7. Sales and customer service occupations,81,100,-19
E01004178,"8. Process, plant and machine operatives",59,57,2
E01004178,9. Elementary occupations,94,81,13
E01004179,"1. Managers, directors and senior officials",136,98,38
E01004179,2. Professional occupations,241,172,69
E01004179,3. Associate professional and technical occupations,135,54,81
E01004179,4. Administrative and secretarial occupations,90,117,-27
E01004179,5. Skilled trades occupations,76,93,-17
E01004179,"6. Caring, leisure and other service occupations",64,63,1
E01004179,7. Sales and customer service occupations,23,56,-33
E01004179,"8. Process, plant and machine operatives",40,47,-7
E01004179,9. Elementary occupations,35,47,-12
E01004180,"1. Managers, directors and senior officials",171,113,58
E01004180,2. Professional occupations,227,198,29
E01004180,3. Associate professional and technical occupations,134,70,64
E01004180,4. Administrative and secretarial occupations,95,133,-38
E01004180,5. Skilled trades occupations,68,70,-2
E01004180,"6. Caring, leisure and other service occupations",46,59,-13
E01004180,7. Sales and customer service occupations,41,59,-18
E01004180,"8. Process, plant and machine operatives",31,26,5
E01004180,9. Elementary occupations,24,35,-11
E01004181,"1. Managers, directors and senior officials",106,83,23
E01004181,2. Professional occupations,183,176,7
E01004181,3. Associate professional and technical occupations,97,63,34
E01004181,4. Administrative and secretarial occupations,83,112,-29
E01004181,5. Skilled trades occupations,61,93,-32
E01004181,"6. Caring, leisure and other service occupations",80,66,14
E01004181,7. Sales and customer service occupations,69,66,3
E01004181,"8. Process, plant and machine operatives",51,43,8
E01004181,9. Elementary occupations,55,51,4
E01004182,"1. Managers, directors and senior officials",79,69,10
E01004182,2. Professional occupations,162,119,43
E01004182,3. Associate professional and technical occupations,107,41,66
E01004182,4. Administrative and secretarial occupations,86,109,-23
E01004182,5. Skilled trades occupations,53,60,-7
E01004182,"6. Caring, leisure and other service occupations",77,61,16
E01004182,7. Sales and customer service occupations,63,74,-11
E01004182,"8. Process, plant and machine operatives",66,48,18
E01004182,9. Elementary occupations,71,63,8
E01004183,"1. Managers, directors and senior officials",89,53,36
E01004183,2. Professional occupations,121,96,25
E01004183,3. Associate professional and technical occupations,84,38,46
E01004183,4. Administrative and secretarial occupations,89,84,5
E01004183,5. Skilled trades occupations,134,108,26
E01004183,"6. Caring, leisure and other service occupations",103,132,-29
E01004183,7. Sales and customer service occupations,83,88,-5
E01004183,"8. Process, plant and machine operatives",88,66,22
E01004183,9. Elementary occupations,99,110,-11
E01004184,"1. Managers, directors and senior officials",74,45,29
E01004184,2. Professional occupations,100,79,21
E01004184,3. Associate professional and technical occupations,85,30,55
E01004184,4. Administrative and secretarial occupations,73,91,-18
E01004184,5. Skilled trades occupations,117,90,27
E01004184,"6. Caring, leisure and other service occupations",114,80,34
E01004184,7. Sales and customer service occupations,50,71,-21
E01004184,"8. Process, plant and machine operatives",55,49,6
E01004184,9. Elementary occupations,87,96,-9
E01004185,"1. Managers, directors and senior officials",111,46,65
E01004185,2. Professional occupations,222,72,150
E01004185,3. Associate professional and technical occupations,130,28,102
E01004185,4. Administrative and secretarial occupations,89,97,-8
E01004185,5. Skilled trades occupations,82,76,6
E01004185,"6. Caring, leisure and other service occupations",115,82,33
E01004185,7. Sales and customer service occupations,76,68,8
E01004185,"8. Process, plant and machine operatives",78,49,29
E01004185,9. Elementary occupations,98,84,14
E01004186,"1. Managers, directors and senior officials",116,90,26
E01004186,2. Professional occupations,212,170,42
E01004186,3. Associate professional and technical occupations,127,84,43
E01004186,4. Administrative and secretarial occupations,113,168,-55
E01004186,5. Skilled trades occupations,104,118,-14
E01004186,"6. Caring, leisure and other service occupations",102,97,5
E01004186,7. Sales and customer service occupations,59,87,-28
E01004186,"8. Process, plant and machine operatives",64,57,7
E01004186,9. Elementary occupations,78,91,-13
E01004187,"1. Managers, directors and senior officials",87,61,26
E01004187,2. Professional occupations,130,79,51
E01004187,3. Associate professional and technical occupations,89,57,32
E01004187,4. Administrative and secretarial occupations,88,114,-26
E01004187,5. Skilled trades occupations,115,104,11
E01004187,"6. Caring, leisure and other service occupations",98,96,2
E01004187,7. Sales and customer service occupations,65,77,-12
E01004187,"8. Process, plant and machine operatives",64,51,13
E01004187,9. Elementary occupations,71,86,-15
E01004189,"1. Managers, directors and senior officials",117,66,51
E01004189,2. Professional occupations,133,102,31
E01004189,3. Associate professional and technical occupations,96,48,48
E01004189,4. Administrative and secretarial occupations,95,132,-37
E01004189,5. Skilled trades occupations,137,103,34
E01004189,"6. Caring, leisure and other service occupations",118,121,-3
E01004189,7. Sales and customer service occupations,73,75,-2
E01004189,"8. Process, plant and machine operatives",87,77,10
E01004189,9. Elementary occupations,109,106,3
E01004190,"1. Managers, directors and senior officials",110,77,33
E01004190,2. Professional occupations,171,118,53
E01004190,3. Associate professional and technical occupations,123,60,63
E01004190,4. Administrative and secretarial occupations,85,107,-22
E01004190,5. Skilled trades occupations,58,84,-26
E01004190,"6. Caring, leisure and other service occupations",56,64,-8
E01004190,7. Sales and customer service occupations,32,63,-31
E01004190,"8. Process, plant and machine operatives",30,30,0
E01004190,9. Elementary occupations,28,42,-14
E01004191,"1. Managers, directors and senior officials",136,91,45
E01004191,2. Professional occupations,206,118,88
E01004191,3. Associate professional and technical occupations,101,54,47
E01004191,4. Administrative and secretarial occupations,110,140,-30
E01004191,5. Skilled trades occupations,141,107,34
E01004191,"6. Caring, leisure and other service occupations",63,62,1
E01004191,7. Sales and customer service occupations,75,75,0
E01004191,"8. Process, plant and machine operatives",48,54,-6
E01004191,9. Elementary occupations,50,59,-9
E01004192,"1. Managers, directors and senior officials",157,136,21
E01004192,2. Professional occupations,272,212,60
E01004192,3. Associate professional and technical occupations,150,74,76
E01004192,4. Administrative and secretarial occupations,99,162,-63
E01004192,5. Skilled trades occupations,84,106,-22
E01004192,"6. Caring, leisure and other service occupations",84,85,-1
E01004192,7. Sales and customer service occupations,43,68,-25
E01004192,"8. Process, plant and machine operatives",44,58,-14
E01004192,9. Elementary occupations,50,77,-27
E01004193,"1. Managers, directors and senior officials",262,144,118
E01004193,2. Professional occupations,368,256,112
E01004193,3. Associate professional and technical occupations,226,87,139
E01004193,4. Administrative and secretarial occupations,123,174,-51
E01004193,5. Skilled trades occupations,112,108,4
E01004193,"6. Caring, leisure and other service occupations",102,103,-1
E01004193,7. Sales and customer service occupations,85,94,-9
E01004193,"8. Process, plant and machine operatives",58,61,-3
E01004193,9. Elementary occupations,100,73,27
E01004194,"1. Managers, directors and senior officials",120,81,39
E01004194,2. Professional occupations,173,114,59
E01004194,3. Associate professional and technical occupations,105,48,57
E01004194,4. Administrative and secretarial occupations,87,119,-32
E01004194,5. Skilled trades occupations,78,83,-5
E01004194,"6. Caring, leisure and other service occupations",94,81,13
E01004194,7. Sales and customer service occupations,46,61,-15
E01004194,"8. Process, plant and machine operatives",47,40,7
E01004194,9. Elementary occupations,65,56,9
E01004195,"1. Managers, directors and senior officials",131,98,33
E01004195,2. Professional occupations,201,159,42
E01004195,3. Associate professional and technical occupations,140,54,86
E01004195,4. Administrative and secretarial occupations,75,110,-35
E01004195,5. Skilled trades occupations,106,85,21
E01004195,"6. Caring, leisure and other service occupations",55,81,-26
E01004195,7. Sales and customer service occupations,46,61,-15
E01004195,"8. Process, plant and machine operatives",60,52,8
E01004195,9. Elementary occupations,61,71,-10
E01004196,"1. Managers, directors and senior officials",119,91,28
E01004196,2. Professional occupations,207,142,65
E01004196,3. Associate professional and technical occupations,118,51,67
E01004196,4. Administrative and secretarial occupations,85,114,-29
E01004196,5. Skilled trades occupations,63,84,-21
E01004196,"6. Caring, leisure and other service occupations",68,64,4
E01004196,7. Sales and customer service occupations,57,52,5
E01004196,"8. Process, plant and machine operatives",31,35,-4
E01004196,9. Elementary occupations,39,44,-5
E01004198,"1. Managers, directors and senior officials",62,53,9
E01004198,2. Professional occupations,147,123,24
E01004198,3. Associate professional and technical occupations,91,40,51
E01004198,4. Administrative and secretarial occupations,69,66,3
E01004198,5. Skilled trades occupations,39,36,3
E01004198,"6. Caring, leisure and other service occupations",55,41,14
E01004198,7. Sales and customer service occupations,57,68,-11
E01004198,"8. Process, plant and machine operatives",41,40,1
E01004198,9. Elementary occupations,72,81,-9
E01004199,"1. Managers, directors and senior officials",83,30,53
E01004199,2. Professional occupations,161,87,74
E01004199,3. Associate professional and technical occupations,118,47,71
E01004199,4. Administrative and secretarial occupations,50,68,-18
E01004199,5. Skilled trades occupations,41,41,0
E01004199,"6. Caring, leisure and other service occupations",59,42,17
E01004199,7. Sales and customer service occupations,67,55,12
E01004199,"8. Process, plant and machine operatives",50,32,18
E01004199,9. Elementary occupations,68,86,-18
E01004200,"1. Managers, directors and senior officials",119,79,40
E01004200,2. Professional occupations,338,241,97
E01004200,3. Associate professional and technical occupations,241,85,156
E01004200,4. Administrative and secretarial occupations,36,74,-38
E01004200,5. Skilled trades occupations,21,49,-28
E01004200,"6. Caring, leisure and other service occupations",37,47,-10
E01004200,7. Sales and customer service occupations,35,78,-43
E01004200,"8. Process, plant and machine operatives",20,17,3
E01004200,9. Elementary occupations,36,66,-30
E01004201,"1. Managers, directors and senior officials",109,69,40
E01004201,2. Professional occupations,270,196,74
E01004201,3. Associate professional and technical occupations,167,61,106
E01004201,4. Administrative and secretarial occupations,77,83,-6
E01004201,5. Skilled trades occupations,49,34,15
E01004201,"6. Caring, leisure and other service occupations",68,50,18
E01004201,7. Sales and customer service occupations,53,50,3
E01004201,"8. Process, plant and machine operatives",29,33,-4
E01004201,9. Elementary occupations,79,59,20
E01004202,"1. Managers, directors and senior officials",190,78,112
E01004202,2. Professional occupations,348,284,64
E01004202,3. Associate professional and technical occupations,288,84,204
E01004202,4. Administrative and secretarial occupations,64,79,-15
E01004202,5. Skilled trades occupations,32,69,-37
E01004202,"6. Caring, leisure and other service occupations",52,42,10
E01004202,7. Sales and customer service occupations,50,54,-4
E01004202,"8. Process, plant and machine operatives",56,20,36
E01004202,9. Elementary occupations,65,70,-5
E01004203,"1. Managers, directors and senior officials",105,71,34
E01004203,2. Professional occupations,284,246,38
E01004203,3. Associate professional and technical occupations,187,75,112
E01004203,4. Administrative and secretarial occupations,66,92,-26
E01004203,5. Skilled trades occupations,54,70,-16
E01004203,"6. Caring, leisure and other service occupations",69,46,23
E01004203,7. Sales and customer service occupations,68,71,-3
E01004203,"8. Process, plant and machine operatives",50,25,25
E01004203,9. Elementary occupations,97,91,6
E01004204,"1. Managers, directors and senior officials",101,40,61
E01004204,2. Professional occupations,209,112,97
E01004204,3. Associate professional and technical occupations,159,48,111
E01004204,4. Administrative and secretarial occupations,76,56,20
E01004204,5. Skilled trades occupations,41,43,-2
E01004204,"6. Caring, leisure and other service occupations",71,56,15
E01004204,7. Sales and customer service occupations,74,42,32
E01004204,"8. Process, plant and machine operatives",66,40,26
E01004204,9. Elementary occupations,93,75,18
E01004205,"1. Managers, directors and senior officials",95,54,41
E01004205,2. Professional occupations,205,111,94
E01004205,3. Associate professional and technical occupations,145,31,114
E01004205,4. Administrative and secretarial occupations,62,76,-14
E01004205,5. Skilled trades occupations,40,56,-16
E01004205,"6. Caring, leisure and other service occupations",57,62,-5
E01004205,7. Sales and customer service occupations,100,110,-10
E01004205,"8. Process, plant and machine operatives",72,48,24
E01004205,9. Elementary occupations,109,119,-10
E01004206,"1. Managers, directors and senior officials",29,26,3
E01004206,2. Professional occupations,118,81,37
E01004206,3. Associate professional and technical occupations,74,31,43
E01004206,4. Administrative and secretarial occupations,45,59,-14
E01004206,5. Skilled trades occupations,51,44,7
E01004206,"6. Caring, leisure and other service occupations",50,42,8
E01004206,7. Sales and customer service occupations,64,69,-5
E01004206,"8. Process, plant and machine operatives",49,34,15
E01004206,9. Elementary occupations,94,101,-7
E01004207,"1. Managers, directors and senior officials",74,45,29
E01004207,2. Professional occupations,180,93,87
E01004207,3. Associate professional and technical occupations,117,41,76
E01004207,4. Administrative and secretarial occupations,69,58,11
E01004207,5. Skilled trades occupations,35,39,-4
E01004207,"6. Caring, leisure and other service occupations",35,55,-20
E01004207,7. Sales and customer service occupations,46,71,-25
E01004207,"8. Process, plant and machine operatives",37,29,8
E01004207,9. Elementary occupations,61,68,-7
E01004208,"1. Managers, directors and senior officials",126,123,3
E01004208,2. Professional occupations,362,303,59
E01004208,3. Associate professional and technical occupations,227,84,143
E01004208,4. Administrative and secretarial occupations,81,118,-37
E01004208,5. Skilled trades occupations,72,52,20
E01004208,"6. Caring, leisure and other service occupations",50,32,18
E01004208,7. Sales and customer service occupations,63,80,-17
E01004208,"8. Process, plant and machine operatives",45,13,32
E01004208,9. Elementary occupations,99,84,15
E01004209,"1. Managers, directors and senior officials",41,23,18
E01004209,2. Professional occupations,107,61,46
E01004209,3. Associate professional and technical occupations,67,34,33
E01004209,4. Administrative and secretarial occupations,41,53,-12
E01004209,5. Skilled trades occupations,44,40,4
E01004209,"6. Caring, leisure and other service occupations",47,41,6
E01004209,7. Sales and customer service occupations,58,64,-6
E01004209,"8. Process, plant and machine operatives",37,31,6
E01004209,9. Elementary occupations,75,83,-8
E01004211,"1. Managers, directors and senior officials",132,102,30
E01004211,2. Professional occupations,358,255,103
E01004211,3. Associate professional and technical occupations,207,75,132
E01004211,4. Administrative and secretarial occupations,60,75,-15
E01004211,5. Skilled trades occupations,26,28,-2
E01004211,"6. Caring, leisure and other service occupations",36,43,-7
E01004211,7. Sales and customer service occupations,58,69,-11
E01004211,"8. Process, plant and machine operatives",26,21,5
E01004211,9. Elementary occupations,53,53,0
E01004212,"1. Managers, directors and senior officials",126,58,68
E01004212,2. Professional occupations,330,171,159
E01004212,3. Associate professional and technical occupations,196,62,134
E01004212,4. Administrative and secretarial occupations,63,54,9
E01004212,5. Skilled trades occupations,52,42,10
E01004212,"6. Caring, leisure and other service occupations",50,40,10
E01004212,7. Sales and customer service occupations,79,78,1
E01004212,"8. Process, plant and machine operatives",56,37,19
E01004212,9. Elementary occupations,80,78,2
E01004214,"1. Managers, directors and senior officials",51,34,17
E01004214,2. Professional occupations,115,87,28
E01004214,3. Associate professional and technical occupations,94,36,58
E01004214,4. Administrative and secretarial occupations,61,65,-4
E01004214,5. Skilled trades occupations,56,61,-5
E01004214,"6. Caring, leisure and other service occupations",69,65,4
E01004214,7. Sales and customer service occupations,70,46,24
E01004214,"8. Process, plant and machine operatives",55,43,12
E01004214,9. Elementary occupations,81,105,-24
E01004216,"1. Managers, directors and senior officials",162,134,28
E01004216,2. Professional occupations,299,282,17
E01004216,3. Associate professional and technical occupations,169,62,107
E01004216,4. Administrative and secretarial occupations,63,92,-29
E01004216,5. Skilled trades occupations,56,49,7
E01004216,"6. Caring, leisure and other service occupations",55,45,10
E01004216,7. Sales and customer service occupations,59,48,11
E01004216,"8. Process, plant and machine operatives",34,27,7
E01004216,9. Elementary occupations,71,77,-6
E01004217,"1. Managers, directors and senior officials",134,96,38
E01004217,2. Professional occupations,320,206,114
E01004217,3. Associate professional and technical occupations,176,50,126
E01004217,4. Administrative and secretarial occupations,81,121,-40
E01004217,5. Skilled trades occupations,50,79,-29
E01004217,"6. Caring, leisure and other service occupations",66,60,6
E01004217,7. Sales and customer service occupations,59,58,1
E01004217,"8. Process, plant and machine operatives",50,44,6
E01004217,9. Elementary occupations,91,71,20
E01004218,"1. Managers, directors and senior officials",191,122,69
E01004218,2. Professional occupations,328,290,38
E01004218,3. Associate professional and technical occupations,171,57,114
E01004218,4. Administrative and secretarial occupations,103,122,-19
E01004218,5. Skilled trades occupations,46,53,-7
E01004218,"6. Caring, leisure and other service occupations",58,57,1
E01004218,7. Sales and customer service occupations,49,41,8
E01004218,"8. Process, plant and machine operatives",45,26,19
E01004218,9. Elementary occupations,71,77,-6
E01004219,"1. Managers, directors and senior officials",181,97,84
E01004219,2. Professional occupations,439,277,162
E01004219,3. Associate professional and technical occupations,217,59,158
E01004219,4. Administrative and secretarial occupations,86,105,-19
E01004219,5. Skilled trades occupations,62,62,0
E01004219,"6. Caring, leisure and other service occupations",83,57,26
E01004219,7. Sales and customer service occupations,114,88,26
E01004219,"8. Process, plant and machine operatives",48,39,9
E01004219,9. Elementary occupations,123,99,24
E01004221,"1. Managers, directors and senior officials",156,146,10
E01004221,2. Professional occupations,329,324,5
E01004221,3. Associate professional and technical occupations,181,74,107
E01004221,4. Administrative and secretarial occupations,99,104,-5
E01004221,5. Skilled trades occupations,59,43,16
E01004221,"6. Caring, leisure and other service occupations",57,55,2
E01004221,7. Sales and customer service occupations,72,54,18
E01004221,"8. Process, plant and machine operatives",44,38,6
E01004221,9. Elementary occupations,95,78,17
E01004222,"1. Managers, directors and senior officials",109,64,45
E01004222,2. Professional occupations,296,182,114
E01004222,3. Associate professional and technical occupations,220,69,151
E01004222,4. Administrative and secretarial occupations,77,92,-15
E01004222,5. Skilled trades occupations,61,83,-22
E01004222,"6. Caring, leisure and other service occupations",110,88,22
E01004222,7. Sales and customer service occupations,97,81,16
E01004222,"8. Process, plant and machine operatives",77,48,29
E01004222,9. Elementary occupations,113,117,-4
E01004223,"1. Managers, directors and senior officials",110,83,27
E01004223,2. Professional occupations,234,189,45
E01004223,3. Associate professional and technical occupations,160,60,100
E01004223,4. Administrative and secretarial occupations,66,98,-32
E01004223,5. Skilled trades occupations,67,60,7
E01004223,"6. Caring, leisure and other service occupations",108,90,18
E01004223,7. Sales and customer service occupations,63,85,-22
E01004223,"8. Process, plant and machine operatives",61,48,13
E01004223,9. Elementary occupations,89,108,-19
E01004226,"1. Managers, directors and senior officials",143,62,81
E01004226,2. Professional occupations,309,139,170
E01004226,3. Associate professional and technical occupations,222,50,172
E01004226,4. Administrative and secretarial occupations,96,87,9
E01004226,5. Skilled trades occupations,74,73,1
E01004226,"6. Caring, leisure and other service occupations",81,70,11
E01004226,7. Sales and customer service occupations,76,82,-6
E01004226,"8. Process, plant and machine operatives",54,33,21
E01004226,9. Elementary occupations,120,105,15
E01004228,"1. Managers, directors and senior officials",166,108,58
E01004228,2. Professional occupations,362,293,69
E01004228,3. Associate professional and technical occupations,273,72,201
E01004228,4. Administrative and secretarial occupations,85,99,-14
E01004228,5. Skilled trades occupations,59,55,4
E01004228,"6. Caring, leisure and other service occupations",45,50,-5
E01004228,7. Sales and customer service occupations,53,47,6
E01004228,"8. Process, plant and machine operatives",26,29,-3
E01004228,9. Elementary occupations,71,88,-17
E01004229,"1. Managers, directors and senior officials",89,76,13
E01004229,2. Professional occupations,175,151,24
E01004229,3. Associate professional and technical occupations,132,29,103
E01004229,4. Administrative and secretarial occupations,54,85,-31
E01004229,5. Skilled trades occupations,43,32,11
E01004229,"6. Caring, leisure and other service occupations",46,52,-6
E01004229,7. Sales and customer service occupations,60,76,-16
E01004229,"8. Process, plant and machine operatives",29,32,-3
E01004229,9. Elementary occupations,90,88,2
E01004230,"1. Managers, directors and senior officials",118,82,36
E01004230,2. Professional occupations,356,210,146
E01004230,3. Associate professional and technical occupations,229,81,148
E01004230,4. Administrative and secretarial occupations,67,120,-53
E01004230,5. Skilled trades occupations,53,54,-1
E01004230,"6. Caring, leisure and other service occupations",79,67,12
E01004230,7. Sales and customer service occupations,60,94,-34
E01004230,"8. Process, plant and machine operatives",53,48,5
E01004230,9. Elementary occupations,84,91,-7
E01004231,"1. Managers, directors and senior officials",68,42,26
E01004231,2. Professional occupations,163,116,47
E01004231,3. Associate professional and technical occupations,95,35,60
E01004231,4. Administrative and secretarial occupations,47,73,-26
E01004231,5. Skilled trades occupations,49,64,-15
E01004231,"6. Caring, leisure and other service occupations",70,60,10
E01004231,7. Sales and customer service occupations,84,87,-3
E01004231,"8. Process, plant and machine operatives",50,39,11
E01004231,9. Elementary occupations,114,113,1
E01004232,"1. Managers, directors and senior officials",152,120,32
E01004232,2. Professional occupations,403,292,111
E01004232,3. Associate professional and technical occupations,202,55,147
E01004232,4. Administrative and secretarial occupations,78,87,-9
E01004232,5. Skilled trades occupations,24,34,-10
E01004232,"6. Caring, leisure and other service occupations",29,42,-13
E01004232,7. Sales and customer service occupations,55,71,-16
E01004232,"8. Process, plant and machine operatives",26,20,6
E01004232,9. Elementary occupations,52,73,-21
E01004233,"1. Managers, directors and senior officials",112,57,55
E01004233,2. Professional occupations,282,131,151
E01004233,3. Associate professional and technical occupations,202,52,150
E01004233,4. Administrative and secretarial occupations,74,61,13
E01004233,5. Skilled trades occupations,57,56,1
E01004233,"6. Caring, leisure and other service occupations",70,59,11
E01004233,7. Sales and customer service occupations,60,56,4
E01004233,"8. Process, plant and machine operatives",59,49,10
E01004233,9. Elementary occupations,84,100,-16
E01004234,"1. Managers, directors and senior officials",213,159,54
E01004234,2. Professional occupations,516,399,117
E01004234,3. Associate professional and technical occupations,345,84,261
E01004234,4. Administrative and secretarial occupations,131,118,13
E01004234,5. Skilled trades occupations,71,50,21
E01004234,"6. Caring, leisure and other service occupations",53,67,-14
E01004234,7. Sales and customer service occupations,52,70,-18
E01004234,"8. Process, plant and machine operatives",45,37,8
E01004234,9. Elementary occupations,107,86,21
E01004235,"1. Managers, directors and senior officials",36,25,11
E01004235,2. Professional occupations,84,65,19
E01004235,3. Associate professional and technical occupations,61,30,31
E01004235,4. Administrative and secretarial occupations,37,54,-17
E01004235,5. Skilled trades occupations,50,52,-2
E01004235,"6. Caring, leisure and other service occupations",53,43,10
E01004235,7. Sales and customer service occupations,62,74,-12
E01004235,"8. Process, plant and machine operatives",35,25,10
E01004235,9. Elementary occupations,92,93,-1
E01004236,"1. Managers, directors and senior officials",48,30,18
E01004236,2. Professional occupations,99,60,39
E01004236,3. Associate professional and technical occupations,77,30,47
E01004236,4. Administrative and secretarial occupations,50,70,-20
E01004236,5. Skilled trades occupations,38,43,-5
E01004236,"6. Caring, leisure and other service occupations",57,51,6
E01004236,7. Sales and customer service occupations,74,81,-7
E01004236,"8. Process, plant and machine operatives",60,33,27
E01004236,9. Elementary occupations,77,87,-10
E01004237,"1. Managers, directors and senior officials",80,30,50
E01004237,2. Professional occupations,175,115,60
E01004237,3. Associate professional and technical occupations,100,28,72
E01004237,4. Administrative and secretarial occupations,68,57,11
E01004237,5. Skilled trades occupations,53,41,12
E01004237,"6. Caring, leisure and other service occupations",61,32,29
E01004237,7. Sales and customer service occupations,67,54,13
E01004237,"8. Process, plant and machine operatives",41,30,11
E01004237,9. Elementary occupations,64,70,-6
E01004239,"1. Managers, directors and senior officials",48,43,5
E01004239,2. Professional occupations,114,69,45
E01004239,3. Associate professional and technical occupations,82,31,51
E01004239,4. Administrative and secretarial occupations,64,80,-16
E01004239,5. Skilled trades occupations,49,67,-18
E01004239,"6. Caring, leisure and other service occupations",77,63,14
E01004239,7. Sales and customer service occupations,83,74,9
E01004239,"8. Process, plant and machine operatives",55,37,18
E01004239,9. Elementary occupations,103,89,14
E01004240,"1. Managers, directors and senior officials",52,45,7
E01004240,2. Professional occupations,112,93,19
E01004240,3. Associate professional and technical occupations,87,35,52
E01004240,4. Administrative and secretarial occupations,64,75,-11
E01004240,5. Skilled trades occupations,50,57,-7
E01004240,"6. Caring, leisure and other service occupations",69,53,16
E01004240,7. Sales and customer service occupations,66,74,-8
E01004240,"8. Process, plant and machine operatives",58,48,10
E01004240,9. Elementary occupations,104,99,5
E01004241,"1. Managers, directors and senior officials",49,39,10
E01004241,2. Professional occupations,102,81,21
E01004241,3. Associate professional and technical occupations,77,18,59
E01004241,4. Administrative and secretarial occupations,52,54,-2
E01004241,5. Skilled trades occupations,48,38,10
E01004241,"6. Caring, leisure and other service occupations",79,47,32
E01004241,7. Sales and customer service occupations,75,77,-2
E01004241,"8. Process, plant and machine operatives",60,39,21
E01004241,9. Elementary occupations,71,102,-31
E01004243,"1. Managers, directors and senior officials",63,43,20
E01004243,2. Professional occupations,126,85,41
E01004243,3. Associate professional and technical occupations,68,33,35
E01004243,4. Administrative and secretarial occupations,44,63,-19
E01004243,5. Skilled trades occupations,58,59,-1
E01004243,"6. Caring, leisure and other service occupations",37,58,-21
E01004243,7. Sales and customer service occupations,49,68,-19
E01004243,"8. Process, plant and machine operatives",58,44,14
E01004243,9. Elementary occupations,76,93,-17
E01004244,"1. Managers, directors and senior officials",63,50,13
E01004244,2. Professional occupations,159,98,61
E01004244,3. Associate professional and technical occupations,153,38,115
E01004244,4. Administrative and secretarial occupations,80,71,9
E01004244,5. Skilled trades occupations,63,56,7
E01004244,"6. Caring, leisure and other service occupations",90,55,35
E01004244,7. Sales and customer service occupations,83,61,22
E01004244,"8. Process, plant and machine operatives",44,30,14
E01004244,9. Elementary occupations,95,96,-1
E01004245,"1. Managers, directors and senior officials",179,18,161
E01004245,2. Professional occupations,442,38,404
E01004245,3. Associate professional and technical occupations,224,25,199
E01004245,4. Administrative and secretarial occupations,115,52,63
E01004245,5. Skilled trades occupations,83,42,41
E01004245,"6. Caring, leisure and other service occupations",106,53,53
E01004245,7. Sales and customer service occupations,108,45,63
E01004245,"8. Process, plant and machine operatives",62,45,17
E01004245,9. Elementary occupations,129,75,54
E01004247,"1. Managers, directors and senior officials",107,55,52
E01004247,2. Professional occupations,238,99,139
E01004247,3. Associate professional and technical occupations,133,24,109
E01004247,4. Administrative and secretarial occupations,76,74,2
E01004247,5. Skilled trades occupations,74,61,13
E01004247,"6. Caring, leisure and other service occupations",112,62,50
E01004247,7. Sales and customer service occupations,89,80,9
E01004247,"8. Process, plant and machine operatives",73,46,27
E01004247,9. Elementary occupations,193,136,57
E01004248,"1. Managers, directors and senior officials",61,19,42
E01004248,2. Professional occupations,151,42,109
E01004248,3. Associate professional and technical occupations,119,17,102
E01004248,4. Administrative and secretarial occupations,56,49,7
E01004248,5. Skilled trades occupations,39,30,9
E01004248,"6. Caring, leisure and other service occupations",63,35,28
E01004248,7. Sales and customer service occupations,73,61,12
E01004248,"8. Process, plant and machine operatives",60,37,23
E01004248,9. Elementary occupations,81,67,14
E01004249,"1. Managers, directors and senior officials",57,51,6
E01004249,2. Professional occupations,158,90,68
E01004249,3. Associate professional and technical occupations,117,41,76
E01004249,4. Administrative and secretarial occupations,92,76,16
E01004249,5. Skilled trades occupations,63,73,-10
E01004249,"6. Caring, leisure and other service occupations",98,82,16
E01004249,7. Sales and customer service occupations,92,70,22
E01004249,"8. Process, plant and machine operatives",92,63,29
E01004249,9. Elementary occupations,131,124,7
E01004251,"1. Managers, directors and senior officials",134,73,61
E01004251,2. Professional occupations,275,118,157
E01004251,3. Associate professional and technical occupations,177,40,137
E01004251,4. Administrative and secretarial occupations,96,82,14
E01004251,5. Skilled trades occupations,62,76,-14
E01004251,"6. Caring, leisure and other service occupations",94,67,27
E01004251,7. Sales and customer service occupations,102,119,-17
E01004251,"8. Process, plant and machine operatives",70,58,12
E01004251,9. Elementary occupations,134,96,38
E01004255,"1. Managers, directors and senior officials",73,60,13
E01004255,2. Professional occupations,187,129,58
E01004255,3. Associate professional and technical occupations,111,43,68
E01004255,4. Administrative and secretarial occupations,69,71,-2
E01004255,5. Skilled trades occupations,41,49,-8
E01004255,"6. Caring, leisure and other service occupations",59,68,-9
E01004255,7. Sales and customer service occupations,63,68,-5
E01004255,"8. Process, plant and machine operatives",44,37,7
E01004255,9. Elementary occupations,97,85,12
E01004256,"1. Managers, directors and senior officials",50,42,8
E01004256,2. Professional occupations,129,82,47
E01004256,3. Associate professional and technical occupations,101,37,64
E01004256,4. Administrative and secretarial occupations,51,68,-17
E01004256,5. Skilled trades occupations,60,77,-17
E01004256,"6. Caring, leisure and other service occupations",61,66,-5
E01004256,7. Sales and customer service occupations,70,94,-24
E01004256,"8. Process, plant and machine operatives",49,37,12
E01004256,9. Elementary occupations,75,109,-34
E01004257,"1. Managers, directors and senior officials",70,47,23
E01004257,2. Professional occupations,165,78,87
E01004257,3. Associate professional and technical occupations,108,37,71
E01004257,4. Administrative and secretarial occupations,58,77,-19
E01004257,5. Skilled trades occupations,69,79,-10
E01004257,"6. Caring, leisure and other service occupations",79,67,12
E01004257,7. Sales and customer service occupations,101,81,20
E01004257,"8. Process, plant and machine operatives",74,33,41
E01004257,9. Elementary occupations,129,123,6
E01004258,"1. Managers, directors and senior officials",169,163,6
E01004258,2. Professional occupations,340,263,77
E01004258,3. Associate professional and technical occupations,141,52,89
E01004258,4. Administrative and secretarial occupations,43,81,-38
E01004258,5. Skilled trades occupations,19,28,-9
E01004258,"6. Caring, leisure and other service occupations",28,36,-8
E01004258,7. Sales and customer service occupations,27,31,-4
E01004258,"8. Process, plant and machine operatives",19,23,-4
E01004258,9. Elementary occupations,57,45,12
E01004259,"1. Managers, directors and senior officials",145,92,53
E01004259,2. Professional occupations,324,267,57
E01004259,3. Associate professional and technical occupations,229,83,146
E01004259,4. Administrative and secretarial occupations,70,108,-38
E01004259,5. Skilled trades occupations,50,62,-12
E01004259,"6. Caring, leisure and other service occupations",53,47,6
E01004259,7. Sales and customer service occupations,65,54,11
E01004259,"8. Process, plant and machine operatives",28,22,6
E01004259,9. Elementary occupations,68,100,-32
E01004260,"1. Managers, directors and senior officials",80,41,39
E01004260,2. Professional occupations,197,155,42
E01004260,3. Associate professional and technical occupations,132,45,87
E01004260,4. Administrative and secretarial occupations,60,70,-10
E01004260,5. Skilled trades occupations,44,51,-7
E01004260,"6. Caring, leisure and other service occupations",54,65,-11
E01004260,7. Sales and customer service occupations,67,68,-1
E01004260,"8. Process, plant and machine operatives",37,33,4
E01004260,9. Elementary occupations,69,101,-32
E01004263,"1. Managers, directors and senior officials",51,34,17
E01004263,2. Professional occupations,101,75,26
E01004263,3. Associate professional and technical occupations,88,33,55
E01004263,4. Administrative and secretarial occupations,63,67,-4
E01004263,5. Skilled trades occupations,39,45,-6
E01004263,"6. Caring, leisure and other service occupations",57,59,-2
E01004263,7. Sales and customer service occupations,59,39,20
E01004263,"8. Process, plant and machine operatives",50,42,8
E01004263,9. Elementary occupations,71,88,-17
E01004264,"1. Managers, directors and senior officials",44,32,12
E01004264,2. Professional occupations,82,84,-2
E01004264,3. Associate professional and technical occupations,62,20,42
E01004264,4. Administrative and secretarial occupations,36,40,-4
E01004264,5. Skilled trades occupations,40,50,-10
E01004264,"6. Caring, leisure and other service occupations",52,50,2
E01004264,7. Sales and customer service occupations,55,60,-5
E01004264,"8. Process, plant and machine operatives",55,34,21
E01004264,9. Elementary occupations,97,83,14
E01004266,"1. Managers, directors and senior officials",85,68,17
E01004266,2. Professional occupations,217,183,34
E01004266,3. Associate professional and technical occupations,158,55,103
E01004266,4. Administrative and secretarial occupations,65,92,-27
E01004266,5. Skilled trades occupations,34,36,-2
E01004266,"6. Caring, leisure and other service occupations",49,48,1
E01004266,7. Sales and customer service occupations,46,68,-22
E01004266,"8. Process, plant and machine operatives",33,32,1
E01004266,9. Elementary occupations,48,74,-26
E01004267,"1. Managers, directors and senior officials",130,100,30
E01004267,2. Professional occupations,325,246,79
E01004267,3. Associate professional and technical occupations,215,70,145
E01004267,4. Administrative and secretarial occupations,92,85,7
E01004267,5. Skilled trades occupations,50,60,-10
E01004267,"6. Caring, leisure and other service occupations",70,46,24
E01004267,7. Sales and customer service occupations,103,84,19
E01004267,"8. Process, plant and machine operatives",34,23,11
E01004267,9. Elementary occupations,115,81,34
E01004268,"1. Managers, directors and senior officials",45,33,12
E01004268,2. Professional occupations,192,124,68
E01004268,3. Associate professional and technical occupations,118,39,79
E01004268,4. Administrative and secretarial occupations,53,57,-4
E01004268,5. Skilled trades occupations,58,68,-10
E01004268,"6. Caring, leisure and other service occupations",62,54,8
E01004268,7. Sales and customer service occupations,76,73,3
E01004268,"8. Process, plant and machine operatives",57,43,14
E01004268,9. Elementary occupations,100,98,2
E01004270,"1. Managers, directors and senior officials",141,87,54
E01004270,2. Professional occupations,436,303,133
E01004270,3. Associate professional and technical occupations,234,75,159
E01004270,4. Administrative and secretarial occupations,102,108,-6
E01004270,5. Skilled trades occupations,56,71,-15
E01004270,"6. Caring, leisure and other service occupations",76,58,18
E01004270,7. Sales and customer service occupations,83,103,-20
E01004270,"8. Process, plant and machine operatives",51,35,16
E01004270,9. Elementary occupations,133,135,-2
E01004271,"1. Managers, directors and senior officials",133,37,96
E01004271,2. Professional occupations,354,76,278
E01004271,3. Associate professional and technical occupations,211,27,184
E01004271,4. Administrative and secretarial occupations,70,62,8
E01004271,5. Skilled trades occupations,71,55,16
E01004271,"6. Caring, leisure and other service occupations",84,56,28
E01004271,7. Sales and customer service occupations,92,66,26
E01004271,"8. Process, plant and machine operatives",69,37,32
E01004271,9. Elementary occupations,91,82,9
E01004272,"1. Managers, directors and senior officials",93,34,59
E01004272,2. Professional occupations,238,79,159
E01004272,3. Associate professional and technical occupations,178,41,137
E01004272,4. Administrative and secretarial occupations,101,61,40
E01004272,5. Skilled trades occupations,86,68,18
E01004272,"6. Caring, leisure and other service occupations",126,73,53
E01004272,7. Sales and customer service occupations,108,84,24
E01004272,"8. Process, plant and machine operatives",94,45,49
E01004272,9. Elementary occupations,154,134,20
E01004274,"1. Managers, directors and senior officials",114,111,3
E01004274,2. Professional occupations,215,186,29
E01004274,3. Associate professional and technical occupations,121,60,61
E01004274,4. Administrative and secretarial occupations,84,89,-5
E01004274,5. Skilled trades occupations,51,45,6
E01004274,"6. Caring, leisure and other service occupations",54,46,8
E01004274,7. Sales and customer service occupations,87,66,21
E01004274,"8. Process, plant and machine operatives",40,32,8
E01004274,9. Elementary occupations,121,95,26
E01004275,"1. Managers, directors and senior officials",156,124,32
E01004275,2. Professional occupations,331,293,38
E01004275,3. Associate professional and technical occupations,189,62,127
E01004275,4. Administrative and secretarial occupations,96,113,-17
E01004275,5. Skilled trades occupations,81,69,12
E01004275,"6. Caring, leisure and other service occupations",77,57,20
E01004275,7. Sales and customer service occupations,66,49,17
E01004275,"8. Process, plant and machine operatives",62,34,28
E01004275,9. Elementary occupations,86,92,-6
E01004276,"1. Managers, directors and senior officials",289,282,7
E01004276,2. Professional occupations,559,573,-14
E01004276,3. Associate professional and technical occupations,268,110,158
E01004276,4. Administrative and secretarial occupations,80,134,-54
E01004276,5. Skilled trades occupations,41,35,6
E01004276,"6. Caring, leisure and other service occupations",19,31,-12
E01004276,7. Sales and customer service occupations,50,47,3
E01004276,"8. Process, plant and machine operatives",21,13,8
E01004276,9. Elementary occupations,66,35,31
E01004277,"1. Managers, directors and senior officials",265,339,-74
E01004277,2. Professional occupations,465,391,74
E01004277,3. Associate professional and technical occupations,209,44,165
E01004277,4. Administrative and secretarial occupations,58,107,-49
E01004277,5. Skilled trades occupations,25,8,17
E01004277,"6. Caring, leisure and other service occupations",15,9,6
E01004277,7. Sales and customer service occupations,29,20,9
E01004277,"8. Process, plant and machine operatives",13,4,9
E01004277,9. Elementary occupations,28,19,9
E01004280,"1. Managers, directors and senior officials",143,118,25
E01004280,2. Professional occupations,278,192,86
E01004280,3. Associate professional and technical occupations,137,47,90
E01004280,4. Administrative and secretarial occupations,93,90,3
E01004280,5. Skilled trades occupations,44,39,5
E01004280,"6. Caring, leisure and other service occupations",63,52,11
E01004280,7. Sales and customer service occupations,68,60,8
E01004280,"8. Process, plant and machine operatives",39,40,-1
E01004280,9. Elementary occupations,76,68,8
E01004281,"1. Managers, directors and senior officials",162,144,18
E01004281,2. Professional occupations,478,426,52
E01004281,3. Associate professional and technical occupations,195,76,119
E01004281,4. Administrative and secretarial occupations,107,136,-29
E01004281,5. Skilled trades occupations,42,34,8
E01004281,"6. Caring, leisure and other service occupations",54,35,19
E01004281,7. Sales and customer service occupations,88,49,39
E01004281,"8. Process, plant and machine operatives",28,18,10
E01004281,9. Elementary occupations,65,55,10
E01004283,"1. Managers, directors and senior officials",71,65,6
E01004283,2. Professional occupations,199,138,61
E01004283,3. Associate professional and technical occupations,175,54,121
E01004283,4. Administrative and secretarial occupations,80,102,-22
E01004283,5. Skilled trades occupations,75,72,3
E01004283,"6. Caring, leisure and other service occupations",105,78,27
E01004283,7. Sales and customer service occupations,94,103,-9
E01004283,"8. Process, plant and machine operatives",65,35,30
E01004283,9. Elementary occupations,97,130,-33
E01004286,"1. Managers, directors and senior officials",95,72,23
E01004286,2. Professional occupations,265,161,104
E01004286,3. Associate professional and technical occupations,184,56,128
E01004286,4. Administrative and secretarial occupations,102,96,6
E01004286,5. Skilled trades occupations,58,65,-7
E01004286,"6. Caring, leisure and other service occupations",92,61,31
E01004286,7. Sales and customer service occupations,91,92,-1
E01004286,"8. Process, plant and machine operatives",72,53,19
E01004286,9. Elementary occupations,95,99,-4
E01004287,"1. Managers, directors and senior officials",97,54,43
E01004287,2. Professional occupations,184,149,35
E01004287,3. Associate professional and technical occupations,110,34,76
E01004287,4. Administrative and secretarial occupations,72,97,-25
E01004287,5. Skilled trades occupations,60,58,2
E01004287,"6. Caring, leisure and other service occupations",68,64,4
E01004287,7. Sales and customer service occupations,92,95,-3
E01004287,"8. Process, plant and machine operatives",65,58,7
E01004287,9. Elementary occupations,116,125,-9
E01004288,"1. Managers, directors and senior officials",64,37,27
E01004288,2. Professional occupations,131,101,30
E01004288,3. Associate professional and technical occupations,99,22,77
E01004288,4. Administrative and secretarial occupations,65,64,1
E01004288,5. Skilled trades occupations,49,41,8
E01004288,"6. Caring, leisure and other service occupations",75,62,13
E01004288,7. Sales and customer service occupations,50,52,-2
E01004288,"8. Process, plant and machine operatives",60,45,15
E01004288,9. Elementary occupations,95,69,26
E01004289,"1. Managers, directors and senior officials",74,64,10
E01004289,2. Professional occupations,179,127,52
E01004289,3. Associate professional and technical occupations,135,50,85
E01004289,4. Administrative and secretarial occupations,84,82,2
E01004289,5. Skilled trades occupations,57,47,10
E01004289,"6. Caring, leisure and other service occupations",97,79,18
E01004289,7. Sales and customer service occupations,77,70,7
E01004289,"8. Process, plant and machine operatives",38,33,5
E01004289,9. Elementary occupations,98,89,9
E01004290,"1. Managers, directors and senior officials",115,62,53
E01004290,2. Professional occupations,296,171,125
E01004290,3. Associate professional and technical occupations,151,52,99
E01004290,4. Administrative and secretarial occupations,61,72,-11
E01004290,5. Skilled trades occupations,67,46,21
E01004290,"6. Caring, leisure and other service occupations",56,40,16
E01004290,7. Sales and customer service occupations,56,56,0
E01004290,"8. Process, plant and machine operatives",60,19,41
E01004290,9. Elementary occupations,109,60,49
E01004291,"1. Managers, directors and senior officials",259,260,-1
E01004291,2. Professional occupations,497,409,88
E01004291,3. Associate professional and technical occupations,247,68,179
E01004291,4. Administrative and secretarial occupations,71,118,-47
E01004291,5. Skilled trades occupations,22,31,-9
E01004291,"6. Caring, leisure and other service occupations",36,29,7
E01004291,7. Sales and customer service occupations,33,33,0
E01004291,"8. Process, plant and machine operatives",21,17,4
E01004291,9. Elementary occupations,42,38,4
E01004292,"1. Managers, directors and senior officials",229,180,49
E01004292,2. Professional occupations,469,497,-28
E01004292,3. Associate professional and technical occupations,245,70,175
E01004292,4. Administrative and secretarial occupations,77,123,-46
E01004292,5. Skilled trades occupations,23,32,-9
E01004292,"6. Caring, leisure and other service occupations",33,23,10
E01004292,7. Sales and customer service occupations,30,37,-7
E01004292,"8. Process, plant and machine operatives",18,18,0
E01004292,9. Elementary occupations,32,26,6
E01004293,"1. Managers, directors and senior officials",277,263,14
E01004293,2. Professional occupations,558,520,38
E01004293,3. Associate professional and technical occupations,269,76,193
E01004293,4. Administrative and secretarial occupations,71,128,-57
E01004293,5. Skilled trades occupations,39,28,11
E01004293,"6. Caring, leisure and other service occupations",31,29,2
E01004293,7. Sales and customer service occupations,24,38,-14
E01004293,"8. Process, plant and machine operatives",18,18,0
E01004293,9. Elementary occupations,57,62,-5
E01004295,"1. Managers, directors and senior officials",76,35,41
E01004295,2. Professional occupations,231,87,144
E01004295,3. Associate professional and technical occupations,98,33,65
E01004295,4. Administrative and secretarial occupations,81,60,21
E01004295,5. Skilled trades occupations,52,39,13
E01004295,"6. Caring, leisure and other service occupations",67,42,25
E01004295,7. Sales and customer service occupations,81,63,18
E01004295,"8. Process, plant and machine operatives",65,30,35
E01004295,9. Elementary occupations,82,82,0
E01004296,"1. Managers, directors and senior officials",208,86,122
E01004296,2. Professional occupations,484,220,264
E01004296,3. Associate professional and technical occupations,225,48,177
E01004296,4. Administrative and secretarial occupations,97,79,18
E01004296,5. Skilled trades occupations,41,52,-11
E01004296,"6. Caring, leisure and other service occupations",58,46,12
E01004296,7. Sales and customer service occupations,77,63,14
E01004296,"8. Process, plant and machine operatives",65,37,28
E01004296,9. Elementary occupations,93,58,35
E01004297,"1. Managers, directors and senior officials",269,223,46
E01004297,2. Professional occupations,489,430,59
E01004297,3. Associate professional and technical occupations,263,60,203
E01004297,4. Administrative and secretarial occupations,65,100,-35
E01004297,5. Skilled trades occupations,27,38,-11
E01004297,"6. Caring, leisure and other service occupations",54,41,13
E01004297,7. Sales and customer service occupations,31,48,-17
E01004297,"8. Process, plant and machine operatives",28,18,10
E01004297,9. Elementary occupations,44,40,4
E01004298,"1. Managers, directors and senior officials",47,57,-10
E01004298,2. Professional occupations,159,137,22
E01004298,3. Associate professional and technical occupations,104,53,51
E01004298,4. Administrative and secretarial occupations,64,66,-2
E01004298,5. Skilled trades occupations,34,49,-15
E01004298,"6. Caring, leisure and other service occupations",60,36,24
E01004298,7. Sales and customer service occupations,65,77,-12
E01004298,"8. Process, plant and machine operatives",40,34,6
E01004298,9. Elementary occupations,79,76,3
E01004300,"1. Managers, directors and senior officials",50,43,7
E01004300,2. Professional occupations,121,88,33
E01004300,3. Associate professional and technical occupations,93,34,59
E01004300,4. Administrative and secretarial occupations,56,50,6
E01004300,5. Skilled trades occupations,27,49,-22
E01004300,"6. Caring, leisure and other service occupations",59,55,4
E01004300,7. Sales and customer service occupations,56,52,4
E01004300,"8. Process, plant and machine operatives",53,30,23
E01004300,9. Elementary occupations,65,60,5
E01004301,"1. Managers, directors and senior officials",50,38,12
E01004301,2. Professional occupations,163,94,69
E01004301,3. Associate professional and technical occupations,110,25,85
E01004301,4. Administrative and secretarial occupations,62,43,19
E01004301,5. Skilled trades occupations,30,32,-2
E01004301,"6. Caring, leisure and other service occupations",44,34,10
E01004301,7. Sales and customer service occupations,51,56,-5
E01004301,"8. Process, plant and machine operatives",48,36,12
E01004301,9. Elementary occupations,68,67,1
E01004302,"1. Managers, directors and senior officials",59,49,10
E01004302,2. Professional occupations,156,144,12
E01004302,3. Associate professional and technical occupations,110,43,67
E01004302,4. Administrative and secretarial occupations,58,77,-19
E01004302,5. Skilled trades occupations,67,59,8
E01004302,"6. Caring, leisure and other service occupations",57,46,11
E01004302,7. Sales and customer service occupations,60,93,-33
E01004302,"8. Process, plant and machine operatives",44,41,3
E01004302,9. Elementary occupations,90,97,-7
E01004303,"1. Managers, directors and senior officials",172,152,20
E01004303,2. Professional occupations,349,267,82
E01004303,3. Associate professional and technical occupations,209,63,146
E01004303,4. Administrative and secretarial occupations,85,92,-7
E01004303,5. Skilled trades occupations,70,64,6
E01004303,"6. Caring, leisure and other service occupations",61,67,-6
E01004303,7. Sales and customer service occupations,129,96,33
E01004303,"8. Process, plant and machine operatives",61,38,23
E01004303,9. Elementary occupations,100,83,17
E01004304,"1. Managers, directors and senior officials",63,61,2
E01004304,2. Professional occupations,179,131,48
E01004304,3. Associate professional and technical occupations,105,42,63
E01004304,4. Administrative and secretarial occupations,67,65,2
E01004304,5. Skilled trades occupations,67,61,6
E01004304,"6. Caring, leisure and other service occupations",70,42,28
E01004304,7. Sales and customer service occupations,97,70,27
E01004304,"8. Process, plant and machine operatives",54,40,14
E01004304,9. Elementary occupations,125,91,34
E01004305,"1. Managers, directors and senior officials",64,60,4
E01004305,2. Professional occupations,183,113,70
E01004305,3. Associate professional and technical occupations,100,31,69
E01004305,4. Administrative and secretarial occupations,59,82,-23
E01004305,5. Skilled trades occupations,60,65,-5
E01004305,"6. Caring, leisure and other service occupations",79,50,29
E01004305,7. Sales and customer service occupations,67,88,-21
E01004305,"8. Process, plant and machine operatives",55,38,17
E01004305,9. Elementary occupations,107,109,-2
E01004306,"1. Managers, directors and senior officials",123,124,-1
E01004306,2. Professional occupations,274,233,41
E01004306,3. Associate professional and technical occupations,192,64,128
E01004306,4. Administrative and secretarial occupations,57,91,-34
E01004306,5. Skilled trades occupations,53,47,6
E01004306,"6. Caring, leisure and other service occupations",45,35,10
E01004306,7. Sales and customer service occupations,51,64,-13
E01004306,"8. Process, plant and machine operatives",55,24,31
E01004306,9. Elementary occupations,76,78,-2
E01004307,"1. Managers, directors and senior officials",219,229,-10
E01004307,2. Professional occupations,563,403,160
E01004307,3. Associate professional and technical occupations,285,70,215
E01004307,4. Administrative and secretarial occupations,58,129,-71
E01004307,5. Skilled trades occupations,39,27,12
E01004307,"6. Caring, leisure and other service occupations",30,37,-7
E01004307,7. Sales and customer service occupations,48,51,-3
E01004307,"8. Process, plant and machine operatives",23,17,6
E01004307,9. Elementary occupations,43,66,-23
E01004308,"1. Managers, directors and senior officials",84,54,30
E01004308,2. Professional occupations,210,138,72
E01004308,3. Associate professional and technical occupations,114,48,66
E01004308,4. Administrative and secretarial occupations,50,72,-22
E01004308,5. Skilled trades occupations,41,36,5
E01004308,"6. Caring, leisure and other service occupations",47,41,6
E01004308,7. Sales and customer service occupations,61,74,-13
E01004308,"8. Process, plant and machine operatives",33,19,14
E01004308,9. Elementary occupations,56,61,-5
E01004309,"1. Managers, directors and senior officials",120,85,35
E01004309,2. Professional occupations,358,216,142
E01004309,3. Associate professional and technical occupations,214,87,127
E01004309,4. Administrative and secretarial occupations,90,103,-13
E01004309,5. Skilled trades occupations,57,77,-20
E01004309,"6. Caring, leisure and other service occupations",76,75,1
E01004309,7. Sales and customer service occupations,112,130,-18
E01004309,"8. Process, plant and machine operatives",53,36,17
E01004309,9. Elementary occupations,141,150,-9
E01004310,"1. Managers, directors and senior officials",95,93,2
E01004310,2. Professional occupations,346,228,118
E01004310,3. Associate professional and technical occupations,195,54,141
E01004310,4. Administrative and secretarial occupations,71,111,-40
E01004310,5. Skilled trades occupations,43,56,-13
E01004310,"6. Caring, leisure and other service occupations",61,49,12
E01004310,7. Sales and customer service occupations,77,84,-7
E01004310,"8. Process, plant and machine operatives",42,31,11
E01004310,9. Elementary occupations,71,92,-21
E01004311,"1. Managers, directors and senior officials",110,57,53
E01004311,2. Professional occupations,285,130,155
E01004311,3. Associate professional and technical occupations,169,51,118
E01004311,4. Administrative and secretarial occupations,50,57,-7
E01004311,5. Skilled trades occupations,32,43,-11
E01004311,"6. Caring, leisure and other service occupations",57,55,2
E01004311,7. Sales and customer service occupations,52,58,-6
E01004311,"8. Process, plant and machine operatives",57,33,24
E01004311,9. Elementary occupations,63,68,-5
E01004312,"1. Managers, directors and senior officials",60,37,23
E01004312,2. Professional occupations,159,129,30
E01004312,3. Associate professional and technical occupations,97,46,51
E01004312,4. Administrative and secretarial occupations,44,78,-34
E01004312,5. Skilled trades occupations,46,43,3
E01004312,"6. Caring, leisure and other service occupations",58,46,12
E01004312,7. Sales and customer service occupations,49,95,-46
E01004312,"8. Process, plant and machine operatives",36,30,6
E01004312,9. Elementary occupations,63,92,-29
E01004313,"1. Managers, directors and senior officials",115,83,32
E01004313,2. Professional occupations,284,211,73
E01004313,3. Associate professional and technical occupations,179,66,113
E01004313,4. Administrative and secretarial occupations,54,91,-37
E01004313,5. Skilled trades occupations,60,59,1
E01004313,"6. Caring, leisure and other service occupations",71,56,15
E01004313,7. Sales and customer service occupations,87,55,32
E01004313,"8. Process, plant and machine operatives",71,33,38
E01004313,9. Elementary occupations,99,104,-5
E01004315,"1. Managers, directors and senior officials",94,83,11
E01004315,2. Professional occupations,236,205,31
E01004315,3. Associate professional and technical occupations,171,50,121
E01004315,4. Administrative and secretarial occupations,65,69,-4
E01004315,5. Skilled trades occupations,28,43,-15
E01004315,"6. Caring, leisure and other service occupations",49,69,-20
E01004315,7. Sales and customer service occupations,48,67,-19
E01004315,"8. Process, plant and machine operatives",45,29,16
E01004315,9. Elementary occupations,57,91,-34
E01004316,"1. Managers, directors and senior officials",73,48,25
E01004316,2. Professional occupations,190,141,49
E01004316,3. Associate professional and technical occupations,113,46,67
E01004316,4. Administrative and secretarial occupations,46,38,8
E01004316,5. Skilled trades occupations,29,28,1
E01004316,"6. Caring, leisure and other service occupations",30,30,0
E01004316,7. Sales and customer service occupations,39,45,-6
E01004316,"8. Process, plant and machine operatives",13,24,-11
E01004316,9. Elementary occupations,36,50,-14
E01004319,"1. Managers, directors and senior officials",124,63,61
E01004319,2. Professional occupations,294,133,161
E01004319,3. Associate professional and technical occupations,173,50,123
E01004319,4. Administrative and secretarial occupations,104,65,39
E01004319,5. Skilled trades occupations,63,45,18
E01004319,"6. Caring, leisure and other service occupations",68,49,19
E01004319,7. Sales and customer service occupations,90,108,-18
E01004319,"8. Process, plant and machine operatives",58,31,27
E01004319,9. Elementary occupations,124,98,26
E01004321,"1. Managers, directors and senior officials",116,64,52
E01004321,2. Professional occupations,330,219,111
E01004321,3. Associate professional and technical occupations,157,51,106
E01004321,4. Administrative and secretarial occupations,72,72,0
E01004321,5. Skilled trades occupations,37,43,-6
E01004321,"6. Caring, leisure and other service occupations",59,46,13
E01004321,7. Sales and customer service occupations,103,85,18
E01004321,"8. Process, plant and machine operatives",54,31,23
E01004321,9. Elementary occupations,101,85,16
E01004322,"1. Managers, directors and senior officials",51,37,14
E01004322,2. Professional occupations,183,103,80
E01004322,3. Associate professional and technical occupations,105,34,71
E01004322,4. Administrative and secretarial occupations,65,49,16
E01004322,5. Skilled trades occupations,25,42,-17
E01004322,"6. Caring, leisure and other service occupations",53,39,14
E01004322,7. Sales and customer service occupations,53,52,1
E01004322,"8. Process, plant and machine operatives",48,19,29
E01004322,9. Elementary occupations,70,60,10
E01004323,"1. Managers, directors and senior officials",77,48,29
E01004323,2. Professional occupations,213,150,63
E01004323,3. Associate professional and technical occupations,115,59,56
E01004323,4. Administrative and secretarial occupations,65,72,-7
E01004323,5. Skilled trades occupations,34,36,-2
E01004323,"6. Caring, leisure and other service occupations",72,52,20
E01004323,7. Sales and customer service occupations,54,65,-11
E01004323,"8. Process, plant and machine operatives",34,30,4
E01004323,9. Elementary occupations,60,75,-15
E01004324,"1. Managers, directors and senior officials",68,56,12
E01004324,2. Professional occupations,127,88,39
E01004324,3. Associate professional and technical occupations,83,27,56
E01004324,4. Administrative and secretarial occupations,65,67,-2
E01004324,5. Skilled trades occupations,43,42,1
E01004324,"6. Caring, leisure and other service occupations",45,47,-2
E01004324,7. Sales and customer service occupations,73,99,-26
E01004324,"8. Process, plant and machine operatives",57,37,20
E01004324,9. Elementary occupations,91,78,13
E01004326,"1. Managers, directors and senior officials",90,53,37
E01004326,2. Professional occupations,261,174,87
E01004326,3. Associate professional and technical occupations,189,50,139
E01004326,4. Administrative and secretarial occupations,68,66,2
E01004326,5. Skilled trades occupations,46,37,9
E01004326,"6. Caring, leisure and other service occupations",63,36,27
E01004326,7. Sales and customer service occupations,71,76,-5
E01004326,"8. Process, plant and machine operatives",40,22,18
E01004326,9. Elementary occupations,115,92,23
E01004327,"1. Managers, directors and senior officials",100,30,70
E01004327,2. Professional occupations,124,81,43
E01004327,3. Associate professional and technical occupations,92,34,58
E01004327,4. Administrative and secretarial occupations,54,67,-13
E01004327,5. Skilled trades occupations,64,67,-3
E01004327,"6. Caring, leisure and other service occupations",53,46,7
E01004327,7. Sales and customer service occupations,71,59,12
E01004327,"8. Process, plant and machine operatives",39,45,-6
E01004327,9. Elementary occupations,94,75,19
E01004328,"1. Managers, directors and senior officials",98,76,22
E01004328,2. Professional occupations,214,157,57
E01004328,3. Associate professional and technical occupations,130,47,83
E01004328,4. Administrative and secretarial occupations,72,94,-22
E01004328,5. Skilled trades occupations,132,139,-7
E01004328,"6. Caring, leisure and other service occupations",70,73,-3
E01004328,7. Sales and customer service occupations,59,79,-20
E01004328,"8. Process, plant and machine operatives",58,47,11
E01004328,9. Elementary occupations,151,172,-21
E01004329,"1. Managers, directors and senior officials",86,69,17
E01004329,2. Professional occupations,241,162,79
E01004329,3. Associate professional and technical occupations,122,37,85
E01004329,4. Administrative and secretarial occupations,68,93,-25
E01004329,5. Skilled trades occupations,108,101,7
E01004329,"6. Caring, leisure and other service occupations",72,84,-12
E01004329,7. Sales and customer service occupations,74,92,-18
E01004329,"8. Process, plant and machine operatives",59,73,-14
E01004329,9. Elementary occupations,155,144,11
E01004330,"1. Managers, directors and senior officials",126,65,61
E01004330,2. Professional occupations,219,142,77
E01004330,3. Associate professional and technical occupations,119,53,66
E01004330,4. Administrative and secretarial occupations,61,82,-21
E01004330,5. Skilled trades occupations,99,105,-6
E01004330,"6. Caring, leisure and other service occupations",62,86,-24
E01004330,7. Sales and customer service occupations,64,101,-37
E01004330,"8. Process, plant and machine operatives",54,73,-19
E01004330,9. Elementary occupations,117,154,-37
E01004331,"1. Managers, directors and senior officials",100,62,38
E01004331,2. Professional occupations,187,124,63
E01004331,3. Associate professional and technical occupations,132,35,97
E01004331,4. Administrative and secretarial occupations,53,84,-31
E01004331,5. Skilled trades occupations,95,78,17
E01004331,"6. Caring, leisure and other service occupations",83,88,-5
E01004331,7. Sales and customer service occupations,54,91,-37
E01004331,"8. Process, plant and machine operatives",41,68,-27
E01004331,9. Elementary occupations,109,149,-40
E01004332,"1. Managers, directors and senior officials",106,73,33
E01004332,2. Professional occupations,170,110,60
E01004332,3. Associate professional and technical occupations,127,33,94
E01004332,4. Administrative and secretarial occupations,73,91,-18
E01004332,5. Skilled trades occupations,136,109,27
E01004332,"6. Caring, leisure and other service occupations",66,92,-26
E01004332,7. Sales and customer service occupations,81,88,-7
E01004332,"8. Process, plant and machine operatives",60,66,-6
E01004332,9. Elementary occupations,180,173,7
E01004333,"1. Managers, directors and senior officials",86,47,39
E01004333,2. Professional occupations,169,143,26
E01004333,3. Associate professional and technical occupations,104,59,45
E01004333,4. Administrative and secretarial occupations,69,72,-3
E01004333,5. Skilled trades occupations,63,99,-36
E01004333,"6. Caring, leisure and other service occupations",60,61,-1
E01004333,7. Sales and customer service occupations,71,60,11
E01004333,"8. Process, plant and machine operatives",60,44,16
E01004333,9. Elementary occupations,115,101,14
E01004334,"1. Managers, directors and senior officials",83,24,59
E01004334,2. Professional occupations,97,67,30
E01004334,3. Associate professional and technical occupations,69,27,42
E01004334,4. Administrative and secretarial occupations,76,49,27
E01004334,5. Skilled trades occupations,157,62,95
E01004334,"6. Caring, leisure and other service occupations",71,50,21
E01004334,7. Sales and customer service occupations,50,52,-2
E01004334,"8. Process, plant and machine operatives",108,44,64
E01004334,9. Elementary occupations,164,105,59
E01004335,"1. Managers, directors and senior officials",60,30,30
E01004335,2. Professional occupations,116,68,48
E01004335,3. Associate professional and technical occupations,94,38,56
E01004335,4. Administrative and secretarial occupations,74,55,19
E01004335,5. Skilled trades occupations,81,63,18
E01004335,"6. Caring, leisure and other service occupations",102,76,26
E01004335,7. Sales and customer service occupations,75,73,2
E01004335,"8. Process, plant and machine operatives",67,52,15
E01004335,9. Elementary occupations,113,121,-8
E01004336,"1. Managers, directors and senior officials",103,57,46
E01004336,2. Professional occupations,127,131,-4
E01004336,3. Associate professional and technical occupations,94,40,54
E01004336,4. Administrative and secretarial occupations,70,80,-10
E01004336,5. Skilled trades occupations,112,95,17
E01004336,"6. Caring, leisure and other service occupations",65,77,-12
E01004336,7. Sales and customer service occupations,61,108,-47
E01004336,"8. Process, plant and machine operatives",48,71,-23
E01004336,9. Elementary occupations,163,246,-83
E01004337,"1. Managers, directors and senior officials",64,50,14
E01004337,2. Professional occupations,177,85,92
E01004337,3. Associate professional and technical occupations,114,33,81
E01004337,4. Administrative and secretarial occupations,60,70,-10
E01004337,5. Skilled trades occupations,93,109,-16
E01004337,"6. Caring, leisure and other service occupations",98,108,-10
E01004337,7. Sales and customer service occupations,70,84,-14
E01004337,"8. Process, plant and machine operatives",63,82,-19
E01004337,9. Elementary occupations,121,187,-66
E01004338,"1. Managers, directors and senior officials",117,56,61
E01004338,2. Professional occupations,162,148,14
E01004338,3. Associate professional and technical occupations,155,55,100
E01004338,4. Administrative and secretarial occupations,68,94,-26
E01004338,5. Skilled trades occupations,280,96,184
E01004338,"6. Caring, leisure and other service occupations",98,97,1
E01004338,7. Sales and customer service occupations,71,93,-22
E01004338,"8. Process, plant and machine operatives",70,54,16
E01004338,9. Elementary occupations,195,197,-2
E01004339,"1. Managers, directors and senior officials",134,61,73
E01004339,2. Professional occupations,267,153,114
E01004339,3. Associate professional and technical occupations,154,42,112
E01004339,4. Administrative and secretarial occupations,90,109,-19
E01004339,5. Skilled trades occupations,106,106,0
E01004339,"6. Caring, leisure and other service occupations",70,117,-47
E01004339,7. Sales and customer service occupations,65,68,-3
E01004339,"8. Process, plant and machine operatives",69,65,4
E01004339,9. Elementary occupations,129,112,17
E01004340,"1. Managers, directors and senior officials",73,55,18
E01004340,2. Professional occupations,163,100,63
E01004340,3. Associate professional and technical occupations,102,36,66
E01004340,4. Administrative and secretarial occupations,61,75,-14
E01004340,5. Skilled trades occupations,88,82,6
E01004340,"6. Caring, leisure and other service occupations",100,80,20
E01004340,7. Sales and customer service occupations,79,88,-9
E01004340,"8. Process, plant and machine operatives",59,60,-1
E01004340,9. Elementary occupations,171,158,13
E01004341,"1. Managers, directors and senior officials",81,55,26
E01004341,2. Professional occupations,152,90,62
E01004341,3. Associate professional and technical occupations,133,25,108
E01004341,4. Administrative and secretarial occupations,61,75,-14
E01004341,5. Skilled trades occupations,98,72,26
E01004341,"6. Caring, leisure and other service occupations",95,80,15
E01004341,7. Sales and customer service occupations,71,57,14
E01004341,"8. Process, plant and machine operatives",69,61,8
E01004341,9. Elementary occupations,171,146,25
E01004342,"1. Managers, directors and senior officials",135,60,75
E01004342,2. Professional occupations,240,153,87
E01004342,3. Associate professional and technical occupations,152,51,101
E01004342,4. Administrative and secretarial occupations,79,89,-10
E01004342,5. Skilled trades occupations,100,112,-12
E01004342,"6. Caring, leisure and other service occupations",96,106,-10
E01004342,7. Sales and customer service occupations,69,80,-11
E01004342,"8. Process, plant and machine operatives",50,57,-7
E01004342,9. Elementary occupations,132,120,12
E01004343,"1. Managers, directors and senior officials",128,83,45
E01004343,2. Professional occupations,262,157,105
E01004343,3. Associate professional and technical occupations,142,52,90
E01004343,4. Administrative and secretarial occupations,90,147,-57
E01004343,5. Skilled trades occupations,102,100,2
E01004343,"6. Caring, leisure and other service occupations",78,89,-11
E01004343,7. Sales and customer service occupations,47,65,-18
E01004343,"8. Process, plant and machine operatives",52,59,-7
E01004343,9. Elementary occupations,66,92,-26
E01004344,"1. Managers, directors and senior officials",76,63,13
E01004344,2. Professional occupations,160,105,55
E01004344,3. Associate professional and technical occupations,124,54,70
E01004344,4. Administrative and secretarial occupations,92,102,-10
E01004344,5. Skilled trades occupations,82,104,-22
E01004344,"6. Caring, leisure and other service occupations",79,77,2
E01004344,7. Sales and customer service occupations,80,79,1
E01004344,"8. Process, plant and machine operatives",75,59,16
E01004344,9. Elementary occupations,105,107,-2
E01004345,"1. Managers, directors and senior officials",104,76,28
E01004345,2. Professional occupations,191,132,59
E01004345,3. Associate professional and technical occupations,136,52,84
E01004345,4. Administrative and secretarial occupations,65,108,-43
E01004345,5. Skilled trades occupations,121,98,23
E01004345,"6. Caring, leisure and other service occupations",71,81,-10
E01004345,7. Sales and customer service occupations,63,96,-33
E01004345,"8. Process, plant and machine operatives",75,61,14
E01004345,9. Elementary occupations,130,135,-5
E01004346,"1. Managers, directors and senior officials",130,69,61
E01004346,2. Professional occupations,207,133,74
E01004346,3. Associate professional and technical occupations,148,50,98
E01004346,4. Administrative and secretarial occupations,66,101,-35
E01004346,5. Skilled trades occupations,84,87,-3
E01004346,"6. Caring, leisure and other service occupations",70,76,-6
E01004346,7. Sales and customer service occupations,70,64,6
E01004346,"8. Process, plant and machine operatives",56,49,7
E01004346,9. Elementary occupations,78,77,1
E01004347,"1. Managers, directors and senior officials",159,96,63
E01004347,2. Professional occupations,349,231,118
E01004347,3. Associate professional and technical occupations,220,69,151
E01004347,4. Administrative and secretarial occupations,82,152,-70
E01004347,5. Skilled trades occupations,96,103,-7
E01004347,"6. Caring, leisure and other service occupations",93,73,20
E01004347,7. Sales and customer service occupations,43,69,-26
E01004347,"8. Process, plant and machine operatives",47,40,7
E01004347,9. Elementary occupations,89,126,-37
E01004348,"1. Managers, directors and senior officials",218,105,113
E01004348,2. Professional occupations,448,258,190
E01004348,3. Associate professional and technical occupations,272,73,199
E01004348,4. Administrative and secretarial occupations,105,148,-43
E01004348,5. Skilled trades occupations,139,144,-5
E01004348,"6. Caring, leisure and other service occupations",129,105,24
E01004348,7. Sales and customer service occupations,93,109,-16
E01004348,"8. Process, plant and machine operatives",77,91,-14
E01004348,9. Elementary occupations,138,191,-53
E01004349,"1. Managers, directors and senior officials",90,61,29
E01004349,2. Professional occupations,131,69,62
E01004349,3. Associate professional and technical occupations,94,45,49
E01004349,4. Administrative and secretarial occupations,78,93,-15
E01004349,5. Skilled trades occupations,64,63,1
E01004349,"6. Caring, leisure and other service occupations",72,79,-7
E01004349,7. Sales and customer service occupations,56,55,1
E01004349,"8. Process, plant and machine operatives",54,43,11
E01004349,9. Elementary occupations,61,57,4
E01004350,"1. Managers, directors and senior officials",80,67,13
E01004350,2. Professional occupations,139,86,53
E01004350,3. Associate professional and technical occupations,97,44,53
E01004350,4. Administrative and secretarial occupations,83,95,-12
E01004350,5. Skilled trades occupations,81,92,-11
E01004350,"6. Caring, leisure and other service occupations",74,65,9
E01004350,7. Sales and customer service occupations,42,43,-1
E01004350,"8. Process, plant and machine operatives",64,48,16
E01004350,9. Elementary occupations,61,56,5
E01004351,"1. Managers, directors and senior officials",105,65,40
E01004351,2. Professional occupations,164,123,41
E01004351,3. Associate professional and technical occupations,114,57,57
E01004351,4. Administrative and secretarial occupations,112,135,-23
E01004351,5. Skilled trades occupations,91,87,4
E01004351,"6. Caring, leisure and other service occupations",47,65,-18
E01004351,7. Sales and customer service occupations,55,46,9
E01004351,"8. Process, plant and machine operatives",56,54,2
E01004351,9. Elementary occupations,57,59,-2
E01004352,"1. Managers, directors and senior officials",210,163,47
E01004352,2. Professional occupations,237,223,14
E01004352,3. Associate professional and technical occupations,139,73,66
E01004352,4. Administrative and secretarial occupations,116,159,-43
E01004352,5. Skilled trades occupations,73,65,8
E01004352,"6. Caring, leisure and other service occupations",39,50,-11
E01004352,7. Sales and customer service occupations,39,45,-6
E01004352,"8. Process, plant and machine operatives",31,44,-13
E01004352,9. Elementary occupations,53,36,17
E01004353,"1. Managers, directors and senior officials",177,144,33
E01004353,2. Professional occupations,218,172,46
E01004353,3. Associate professional and technical occupations,142,55,87
E01004353,4. Administrative and secretarial occupations,105,149,-44
E01004353,5. Skilled trades occupations,64,77,-13
E01004353,"6. Caring, leisure and other service occupations",63,54,9
E01004353,7. Sales and customer service occupations,38,47,-9
E01004353,"8. Process, plant and machine operatives",35,55,-20
E01004353,9. Elementary occupations,51,38,13
E01004354,"1. Managers, directors and senior officials",160,101,59
E01004354,2. Professional occupations,236,207,29
E01004354,3. Associate professional and technical occupations,157,64,93
E01004354,4. Administrative and secretarial occupations,113,149,-36
E01004354,5. Skilled trades occupations,101,80,21
E01004354,"6. Caring, leisure and other service occupations",64,66,-2
E01004354,7. Sales and customer service occupations,59,49,10
E01004354,"8. Process, plant and machine operatives",47,47,0
E01004354,9. Elementary occupations,76,45,31
E01004355,"1. Managers, directors and senior officials",94,78,16
E01004355,2. Professional occupations,178,108,70
E01004355,3. Associate professional and technical occupations,108,42,66
E01004355,4. Administrative and secretarial occupations,90,130,-40
E01004355,5. Skilled trades occupations,95,70,25
E01004355,"6. Caring, leisure and other service occupations",61,66,-5
E01004355,7. Sales and customer service occupations,41,72,-31
E01004355,"8. Process, plant and machine operatives",33,51,-18
E01004355,9. Elementary occupations,61,51,10
E01004356,"1. Managers, directors and senior officials",96,72,24
E01004356,2. Professional occupations,150,119,31
E01004356,3. Associate professional and technical occupations,110,53,57
E01004356,4. Administrative and secretarial occupations,85,101,-16
E01004356,5. Skilled trades occupations,89,100,-11
E01004356,"6. Caring, leisure and other service occupations",71,61,10
E01004356,7. Sales and customer service occupations,59,54,5
E01004356,"8. Process, plant and machine operatives",61,51,10
E01004356,9. Elementary occupations,76,49,27
E01004357,"1. Managers, directors and senior officials",116,90,26
E01004357,2. Professional occupations,164,107,57
E01004357,3. Associate professional and technical occupations,97,40,57
E01004357,4. Administrative and secretarial occupations,97,114,-17
E01004357,5. Skilled trades occupations,68,79,-11
E01004357,"6. Caring, leisure and other service occupations",43,61,-18
E01004357,7. Sales and customer service occupations,64,38,26
E01004357,"8. Process, plant and machine operatives",38,49,-11
E01004357,9. Elementary occupations,51,57,-6
E01004358,"1. Managers, directors and senior officials",164,105,59
E01004358,2. Professional occupations,209,137,72
E01004358,3. Associate professional and technical occupations,164,66,98
E01004358,4. Administrative and secretarial occupations,124,125,-1
E01004358,5. Skilled trades occupations,96,63,33
E01004358,"6. Caring, leisure and other service occupations",63,66,-3
E01004358,7. Sales and customer service occupations,48,48,0
E01004358,"8. Process, plant and machine operatives",43,39,4
E01004358,9. Elementary occupations,59,51,8
E01004359,"1. Managers, directors and senior officials",115,93,22
E01004359,2. Professional occupations,206,139,67
E01004359,3. Associate professional and technical occupations,135,50,85
E01004359,4. Administrative and secretarial occupations,110,157,-47
E01004359,5. Skilled trades occupations,76,79,-3
E01004359,"6. Caring, leisure and other service occupations",65,57,8
E01004359,7. Sales and customer service occupations,47,53,-6
E01004359,"8. Process, plant and machine operatives",43,46,-3
E01004359,9. Elementary occupations,47,61,-14
E01004360,"1. Managers, directors and senior officials",99,58,41
E01004360,2. Professional occupations,129,96,33
E01004360,3. Associate professional and technical occupations,95,49,46
E01004360,4. Administrative and secretarial occupations,91,99,-8
E01004360,5. Skilled trades occupations,67,63,4
E01004360,"6. Caring, leisure and other service occupations",48,81,-33
E01004360,7. Sales and customer service occupations,35,35,0
E01004360,"8. Process, plant and machine operatives",32,42,-10
E01004360,9. Elementary occupations,33,45,-12
E01004361,"1. Managers, directors and senior officials",114,92,22
E01004361,2. Professional occupations,128,96,32
E01004361,3. Associate professional and technical occupations,97,30,67
E01004361,4. Administrative and secretarial occupations,92,122,-30
E01004361,5. Skilled trades occupations,84,75,9
E01004361,"6. Caring, leisure and other service occupations",43,64,-21
E01004361,7. Sales and customer service occupations,42,42,0
E01004361,"8. Process, plant and machine operatives",46,47,-1
E01004361,9. Elementary occupations,52,62,-10
E01004362,"1. Managers, directors and senior officials",140,95,45
E01004362,2. Professional occupations,276,236,40
E01004362,3. Associate professional and technical occupations,158,59,99
E01004362,4. Administrative and secretarial occupations,68,99,-31
E01004362,5. Skilled trades occupations,51,72,-21
E01004362,"6. Caring, leisure and other service occupations",42,59,-17
E01004362,7. Sales and customer service occupations,45,36,9
E01004362,"8. Process, plant and machine operatives",54,28,26
E01004362,9. Elementary occupations,58,82,-24
E01004363,"1. Managers, directors and senior officials",113,75,38
E01004363,2. Professional occupations,210,149,61
E01004363,3. Associate professional and technical occupations,116,44,72
E01004363,4. Administrative and secretarial occupations,64,93,-29
E01004363,5. Skilled trades occupations,82,81,1
E01004363,"6. Caring, leisure and other service occupations",52,70,-18
E01004363,7. Sales and customer service occupations,49,67,-18
E01004363,"8. Process, plant and machine operatives",48,48,0
E01004363,9. Elementary occupations,92,116,-24
E01004364,"1. Managers, directors and senior officials",89,45,44
E01004364,2. Professional occupations,187,129,58
E01004364,3. Associate professional and technical occupations,133,48,85
E01004364,4. Administrative and secretarial occupations,69,67,2
E01004364,5. Skilled trades occupations,100,65,35
E01004364,"6. Caring, leisure and other service occupations",81,73,8
E01004364,7. Sales and customer service occupations,66,75,-9
E01004364,"8. Process, plant and machine operatives",53,61,-8
E01004364,9. Elementary occupations,98,91,7
E01004365,"1. Managers, directors and senior officials",124,72,52
E01004365,2. Professional occupations,148,93,55
E01004365,3. Associate professional and technical occupations,112,28,84
E01004365,4. Administrative and secretarial occupations,95,123,-28
E01004365,5. Skilled trades occupations,133,181,-48
E01004365,"6. Caring, leisure and other service occupations",77,67,10
E01004365,7. Sales and customer service occupations,134,87,47
E01004365,"8. Process, plant and machine operatives",125,113,12
E01004365,9. Elementary occupations,199,286,-87
E01004366,"1. Managers, directors and senior officials",135,70,65
E01004366,2. Professional occupations,241,181,60
E01004366,3. Associate professional and technical occupations,156,59,97
E01004366,4. Administrative and secretarial occupations,94,116,-22
E01004366,5. Skilled trades occupations,89,77,12
E01004366,"6. Caring, leisure and other service occupations",67,67,0
E01004366,7. Sales and customer service occupations,69,64,5
E01004366,"8. Process, plant and machine operatives",48,44,4
E01004366,9. Elementary occupations,101,85,16
E01004367,"1. Managers, directors and senior officials",79,72,7
E01004367,2. Professional occupations,171,117,54
E01004367,3. Associate professional and technical occupations,107,37,70
E01004367,4. Administrative and secretarial occupations,70,71,-1
E01004367,5. Skilled trades occupations,84,91,-7
E01004367,"6. Caring, leisure and other service occupations",55,57,-2
E01004367,7. Sales and customer service occupations,55,77,-22
E01004367,"8. Process, plant and machine operatives",59,49,10
E01004367,9. Elementary occupations,91,103,-12
E01004368,"1. Managers, directors and senior officials",176,102,74
E01004368,2. Professional occupations,223,220,3
E01004368,3. Associate professional and technical occupations,161,54,107
E01004368,4. Administrative and secretarial occupations,112,110,2
E01004368,5. Skilled trades occupations,117,98,19
E01004368,"6. Caring, leisure and other service occupations",81,71,10
E01004368,7. Sales and customer service occupations,50,73,-23
E01004368,"8. Process, plant and machine operatives",71,60,11
E01004368,9. Elementary occupations,112,110,2
E01004369,"1. Managers, directors and senior officials",131,61,70
E01004369,2. Professional occupations,244,166,78
E01004369,3. Associate professional and technical occupations,139,49,90
E01004369,4. Administrative and secretarial occupations,64,91,-27
E01004369,5. Skilled trades occupations,105,111,-6
E01004369,"6. Caring, leisure and other service occupations",85,69,16
E01004369,7. Sales and customer service occupations,53,73,-20
E01004369,"8. Process, plant and machine operatives",56,51,5
E01004369,9. Elementary occupations,134,161,-27
E01004370,"1. Managers, directors and senior officials",189,71,118
E01004370,2. Professional occupations,304,159,145
E01004370,3. Associate professional and technical occupations,208,49,159
E01004370,4. Administrative and secretarial occupations,105,101,4
E01004370,5. Skilled trades occupations,115,101,14
E01004370,"6. Caring, leisure and other service occupations",74,81,-7
E01004370,7. Sales and customer service occupations,64,85,-21
E01004370,"8. Process, plant and machine operatives",56,67,-11
E01004370,9. Elementary occupations,124,143,-19
E01004371,"1. Managers, directors and senior officials",135,82,53
E01004371,2. Professional occupations,221,199,22
E01004371,3. Associate professional and technical occupations,152,37,115
E01004371,4. Administrative and secretarial occupations,49,118,-69
E01004371,5. Skilled trades occupations,99,86,13
E01004371,"6. Caring, leisure and other service occupations",59,69,-10
E01004371,7. Sales and customer service occupations,38,48,-10
E01004371,"8. Process, plant and machine operatives",30,45,-15
E01004371,9. Elementary occupations,93,121,-28
E01004372,"1. Managers, directors and senior officials",171,89,82
E01004372,2. Professional occupations,293,214,79
E01004372,3. Associate professional and technical occupations,183,65,118
E01004372,4. Administrative and secretarial occupations,70,106,-36
E01004372,5. Skilled trades occupations,104,105,-1
E01004372,"6. Caring, leisure and other service occupations",50,71,-21
E01004372,7. Sales and customer service occupations,45,61,-16
E01004372,"8. Process, plant and machine operatives",35,58,-23
E01004372,9. Elementary occupations,98,170,-72
E01004373,"1. Managers, directors and senior officials",105,71,34
E01004373,2. Professional occupations,202,89,113
E01004373,3. Associate professional and technical occupations,138,31,107
E01004373,4. Administrative and secretarial occupations,62,74,-12
E01004373,5. Skilled trades occupations,115,118,-3
E01004373,"6. Caring, leisure and other service occupations",54,73,-19
E01004373,7. Sales and customer service occupations,72,98,-26
E01004373,"8. Process, plant and machine operatives",50,77,-27
E01004373,9. Elementary occupations,140,174,-34
E01004374,"1. Managers, directors and senior officials",109,88,21
E01004374,2. Professional occupations,275,187,88
E01004374,3. Associate professional and technical occupations,173,54,119
E01004374,4. Administrative and secretarial occupations,88,110,-22
E01004374,5. Skilled trades occupations,124,102,22
E01004374,"6. Caring, leisure and other service occupations",74,82,-8
E01004374,7. Sales and customer service occupations,68,86,-18
E01004374,"8. Process, plant and machine operatives",63,53,10
E01004374,9. Elementary occupations,147,156,-9
E01004375,"1. Managers, directors and senior officials",122,63,59
E01004375,2. Professional occupations,243,151,92
E01004375,3. Associate professional and technical occupations,146,33,113
E01004375,4. Administrative and secretarial occupations,87,97,-10
E01004375,5. Skilled trades occupations,123,102,21
E01004375,"6. Caring, leisure and other service occupations",67,83,-16
E01004375,7. Sales and customer service occupations,67,92,-25
E01004375,"8. Process, plant and machine operatives",67,69,-2
E01004375,9. Elementary occupations,161,163,-2
E01004376,"1. Managers, directors and senior officials",122,81,41
E01004376,2. Professional occupations,206,143,63
E01004376,3. Associate professional and technical occupations,138,49,89
E01004376,4. Administrative and secretarial occupations,84,119,-35
E01004376,5. Skilled trades occupations,114,118,-4
E01004376,"6. Caring, leisure and other service occupations",74,81,-7
E01004376,7. Sales and customer service occupations,68,126,-58
E01004376,"8. Process, plant and machine operatives",58,72,-14
E01004376,9. Elementary occupations,192,216,-24
E01004377,"1. Managers, directors and senior officials",126,96,30
E01004377,2. Professional occupations,207,185,22
E01004377,3. Associate professional and technical occupations,129,54,75
E01004377,4. Administrative and secretarial occupations,97,105,-8
E01004377,5. Skilled trades occupations,70,79,-9
E01004377,"6. Caring, leisure and other service occupations",63,76,-13
E01004377,7. Sales and customer service occupations,53,59,-6
E01004377,"8. Process, plant and machine operatives",61,57,4
E01004377,9. Elementary occupations,85,63,22
E01004378,"1. Managers, directors and senior officials",122,70,52
E01004378,2. Professional occupations,235,163,72
E01004378,3. Associate professional and technical occupations,130,68,62
E01004378,4. Administrative and secretarial occupations,74,112,-38
E01004378,5. Skilled trades occupations,94,88,6
E01004378,"6. Caring, leisure and other service occupations",71,63,8
E01004378,7. Sales and customer service occupations,52,59,-7
E01004378,"8. Process, plant and machine operatives",43,54,-11
E01004378,9. Elementary occupations,90,95,-5
E01004379,"1. Managers, directors and senior officials",140,71,69
E01004379,2. Professional occupations,308,150,158
E01004379,3. Associate professional and technical occupations,220,60,160
E01004379,4. Administrative and secretarial occupations,94,118,-24
E01004379,5. Skilled trades occupations,96,72,24
E01004379,"6. Caring, leisure and other service occupations",66,68,-2
E01004379,7. Sales and customer service occupations,47,56,-9
E01004379,"8. Process, plant and machine operatives",36,30,6
E01004379,9. Elementary occupations,67,58,9
E01004380,"1. Managers, directors and senior officials",101,105,-4
E01004380,2. Professional occupations,234,148,86
E01004380,3. Associate professional and technical occupations,103,56,47
E01004380,4. Administrative and secretarial occupations,93,108,-15
E01004380,5. Skilled trades occupations,87,50,37
E01004380,"6. Caring, leisure and other service occupations",56,69,-13
E01004380,7. Sales and customer service occupations,47,37,10
E01004380,"8. Process, plant and machine operatives",45,50,-5
E01004380,9. Elementary occupations,56,60,-4
E01004381,"1. Managers, directors and senior officials",152,88,64
E01004381,2. Professional occupations,292,223,69
E01004381,3. Associate professional and technical occupations,181,63,118
E01004381,4. Administrative and secretarial occupations,97,134,-37
E01004381,5. Skilled trades occupations,84,89,-5
E01004381,"6. Caring, leisure and other service occupations",68,82,-14
E01004381,7. Sales and customer service occupations,65,57,8
E01004381,"8. Process, plant and machine operatives",59,52,7
E01004381,9. Elementary occupations,78,59,19
E01004382,"1. Managers, directors and senior officials",82,49,33
E01004382,2. Professional occupations,157,98,59
E01004382,3. Associate professional and technical occupations,113,41,72
E01004382,4. Administrative and secretarial occupations,56,94,-38
E01004382,5. Skilled trades occupations,67,71,-4
E01004382,"6. Caring, leisure and other service occupations",87,53,34
E01004382,7. Sales and customer service occupations,74,65,9
E01004382,"8. Process, plant and machine operatives",43,38,5
E01004382,9. Elementary occupations,102,78,24
E01004383,"1. Managers, directors and senior officials",140,70,70
E01004383,2. Professional occupations,206,150,56
E01004383,3. Associate professional and technical occupations,124,39,85
E01004383,4. Administrative and secretarial occupations,99,121,-22
E01004383,5. Skilled trades occupations,89,72,17
E01004383,"6. Caring, leisure and other service occupations",56,69,-13
E01004383,7. Sales and customer service occupations,36,52,-16
E01004383,"8. Process, plant and machine operatives",41,63,-22
E01004383,9. Elementary occupations,49,66,-17
E01004384,"1. Managers, directors and senior officials",101,69,32
E01004384,2. Professional occupations,134,82,52
E01004384,3. Associate professional and technical occupations,116,46,70
E01004384,4. Administrative and secretarial occupations,115,108,7
E01004384,5. Skilled trades occupations,103,89,14
E01004384,"6. Caring, leisure and other service occupations",91,75,16
E01004384,7. Sales and customer service occupations,65,64,1
E01004384,"8. Process, plant and machine operatives",68,67,1
E01004384,9. Elementary occupations,89,87,2
E01004385,"1. Managers, directors and senior officials",102,74,28
E01004385,2. Professional occupations,190,117,73
E01004385,3. Associate professional and technical occupations,101,36,65
E01004385,4. Administrative and secretarial occupations,84,81,3
E01004385,5. Skilled trades occupations,55,51,4
E01004385,"6. Caring, leisure and other service occupations",65,42,23
E01004385,7. Sales and customer service occupations,31,49,-18
E01004385,"8. Process, plant and machine operatives",34,28,6
E01004385,9. Elementary occupations,56,51,5
E01004386,"1. Managers, directors and senior officials",172,110,62
E01004386,2. Professional occupations,200,150,50
E01004386,3. Associate professional and technical occupations,131,46,85
E01004386,4. Administrative and secretarial occupations,113,155,-42
E01004386,5. Skilled trades occupations,68,94,-26
E01004386,"6. Caring, leisure and other service occupations",62,68,-6
E01004386,7. Sales and customer service occupations,31,33,-2
E01004386,"8. Process, plant and machine operatives",53,57,-4
E01004386,9. Elementary occupations,48,58,-10
E01004387,"1. Managers, directors and senior officials",117,105,12
E01004387,2. Professional occupations,202,174,28
E01004387,3. Associate professional and technical occupations,122,47,75
E01004387,4. Administrative and secretarial occupations,92,148,-56
E01004387,5. Skilled trades occupations,54,69,-15
E01004387,"6. Caring, leisure and other service occupations",39,53,-14
E01004387,7. Sales and customer service occupations,30,42,-12
E01004387,"8. Process, plant and machine operatives",41,38,3
E01004387,9. Elementary occupations,38,52,-14
E01004388,"1. Managers, directors and senior officials",107,77,30
E01004388,2. Professional occupations,186,155,31
E01004388,3. Associate professional and technical occupations,136,68,68
E01004388,4. Administrative and secretarial occupations,81,102,-21
E01004388,5. Skilled trades occupations,83,72,11
E01004388,"6. Caring, leisure and other service occupations",53,53,0
E01004388,7. Sales and customer service occupations,38,35,3
E01004388,"8. Process, plant and machine operatives",42,37,5
E01004388,9. Elementary occupations,63,57,6
E01004389,"1. Managers, directors and senior officials",100,65,35
E01004389,2. Professional occupations,144,75,69
E01004389,3. Associate professional and technical occupations,104,45,59
E01004389,4. Administrative and secretarial occupations,86,92,-6
E01004389,5. Skilled trades occupations,108,85,23
E01004389,"6. Caring, leisure and other service occupations",57,63,-6
E01004389,7. Sales and customer service occupations,47,64,-17
E01004389,"8. Process, plant and machine operatives",62,66,-4
E01004389,9. Elementary occupations,86,67,19
E01004390,"1. Managers, directors and senior officials",76,61,15
E01004390,2. Professional occupations,137,78,59
E01004390,3. Associate professional and technical occupations,81,34,47
E01004390,4. Administrative and secretarial occupations,94,106,-12
E01004390,5. Skilled trades occupations,89,99,-10
E01004390,"6. Caring, leisure and other service occupations",70,61,9
E01004390,7. Sales and customer service occupations,50,50,0
E01004390,"8. Process, plant and machine operatives",41,67,-26
E01004390,9. Elementary occupations,76,82,-6
E01004391,"1. Managers, directors and senior officials",143,92,51
E01004391,2. Professional occupations,428,182,246
E01004391,3. Associate professional and technical occupations,245,73,172
E01004391,4. Administrative and secretarial occupations,94,130,-36
E01004391,5. Skilled trades occupations,98,81,17
E01004391,"6. Caring, leisure and other service occupations",89,77,12
E01004391,7. Sales and customer service occupations,70,67,3
E01004391,"8. Process, plant and machine operatives",50,48,2
E01004391,9. Elementary occupations,118,134,-16
E01004392,"1. Managers, directors and senior officials",155,88,67
E01004392,2. Professional occupations,333,257,76
E01004392,3. Associate professional and technical occupations,251,72,179
E01004392,4. Administrative and secretarial occupations,85,109,-24
E01004392,5. Skilled trades occupations,141,114,27
E01004392,"6. Caring, leisure and other service occupations",104,78,26
E01004392,7. Sales and customer service occupations,118,100,18
E01004392,"8. Process, plant and machine operatives",71,63,8
E01004392,9. Elementary occupations,147,195,-48
E01004393,"1. Managers, directors and senior officials",100,133,-33
E01004393,2. Professional occupations,171,158,13
E01004393,3. Associate professional and technical occupations,155,93,62
E01004393,4. Administrative and secretarial occupations,54,178,-124
E01004393,5. Skilled trades occupations,100,119,-19
E01004393,"6. Caring, leisure and other service occupations",74,93,-19
E01004393,7. Sales and customer service occupations,45,121,-76
E01004393,"8. Process, plant and machine operatives",54,31,23
E01004393,9. Elementary occupations,105,235,-130
E01004394,"1. Managers, directors and senior officials",120,71,49
E01004394,2. Professional occupations,272,135,137
E01004394,3. Associate professional and technical occupations,146,50,96
E01004394,4. Administrative and secretarial occupations,86,107,-21
E01004394,5. Skilled trades occupations,80,82,-2
E01004394,"6. Caring, leisure and other service occupations",89,69,20
E01004394,7. Sales and customer service occupations,73,74,-1
E01004394,"8. Process, plant and machine operatives",46,46,0
E01004394,9. Elementary occupations,112,101,11
E01004395,"1. Managers, directors and senior officials",143,71,72
E01004395,2. Professional occupations,259,177,82
E01004395,3. Associate professional and technical occupations,193,52,141
E01004395,4. Administrative and secretarial occupations,56,90,-34
E01004395,5. Skilled trades occupations,64,99,-35
E01004395,"6. Caring, leisure and other service occupations",45,62,-17
E01004395,7. Sales and customer service occupations,56,57,-1
E01004395,"8. Process, plant and machine operatives",38,50,-12
E01004395,9. Elementary occupations,72,91,-19
E01004396,"1. Managers, directors and senior officials",125,67,58
E01004396,2. Professional occupations,264,147,117
E01004396,3. Associate professional and technical occupations,157,43,114
E01004396,4. Administrative and secretarial occupations,90,84,6
E01004396,5. Skilled trades occupations,120,105,15
E01004396,"6. Caring, leisure and other service occupations",69,70,-1
E01004396,7. Sales and customer service occupations,63,91,-28
E01004396,"8. Process, plant and machine operatives",50,62,-12
E01004396,9. Elementary occupations,121,150,-29
E01004397,"1. Managers, directors and senior officials",176,97,79
E01004397,2. Professional occupations,448,293,155
E01004397,3. Associate professional and technical occupations,287,76,211
E01004397,4. Administrative and secretarial occupations,124,147,-23
E01004397,5. Skilled trades occupations,140,100,40
E01004397,"6. Caring, leisure and other service occupations",103,94,9
E01004397,7. Sales and customer service occupations,112,137,-25
E01004397,"8. Process, plant and machine operatives",85,52,33
E01004397,9. Elementary occupations,194,186,8
E01004398,"1. Managers, directors and senior officials",87,51,36
E01004398,2. Professional occupations,154,87,67
E01004398,3. Associate professional and technical occupations,100,37,63
E01004398,4. Administrative and secretarial occupations,71,79,-8
E01004398,5. Skilled trades occupations,86,68,18
E01004398,"6. Caring, leisure and other service occupations",106,92,14
E01004398,7. Sales and customer service occupations,89,97,-8
E01004398,"8. Process, plant and machine operatives",71,62,9
E01004398,9. Elementary occupations,116,118,-2
E01004399,"1. Managers, directors and senior officials",83,48,35
E01004399,2. Professional occupations,133,67,66
E01004399,3. Associate professional and technical occupations,75,38,37
E01004399,4. Administrative and secretarial occupations,62,69,-7
E01004399,5. Skilled trades occupations,79,68,11
E01004399,"6. Caring, leisure and other service occupations",89,73,16
E01004399,7. Sales and customer service occupations,66,70,-4
E01004399,"8. Process, plant and machine operatives",70,64,6
E01004399,9. Elementary occupations,103,92,11
E01004400,"1. Managers, directors and senior officials",117,75,42
E01004400,2. Professional occupations,196,108,88
E01004400,3. Associate professional and technical occupations,144,44,100
E01004400,4. Administrative and secretarial occupations,65,78,-13
E01004400,5. Skilled trades occupations,94,95,-1
E01004400,"6. Caring, leisure and other service occupations",71,87,-16
E01004400,7. Sales and customer service occupations,70,73,-3
E01004400,"8. Process, plant and machine operatives",72,67,5
E01004400,9. Elementary occupations,125,120,5
E01004401,"1. Managers, directors and senior officials",162,68,94
E01004401,2. Professional occupations,305,180,125
E01004401,3. Associate professional and technical occupations,223,57,166
E01004401,4. Administrative and secretarial occupations,90,123,-33
E01004401,5. Skilled trades occupations,127,145,-18
E01004401,"6. Caring, leisure and other service occupations",88,92,-4
E01004401,7. Sales and customer service occupations,80,102,-22
E01004401,"8. Process, plant and machine operatives",69,61,8
E01004401,9. Elementary occupations,141,152,-11
E01004402,"1. Managers, directors and senior officials",113,69,44
E01004402,2. Professional occupations,181,107,74
E01004402,3. Associate professional and technical occupations,146,43,103
E01004402,4. Administrative and secretarial occupations,59,79,-20
E01004402,5. Skilled trades occupations,69,90,-21
E01004402,"6. Caring, leisure and other service occupations",69,63,6
E01004402,7. Sales and customer service occupations,70,67,3
E01004402,"8. Process, plant and machine operatives",55,58,-3
E01004402,9. Elementary occupations,85,102,-17
E01004403,"1. Managers, directors and senior officials",170,66,104
E01004403,2. Professional occupations,328,112,216
E01004403,3. Associate professional and technical occupations,209,47,162
E01004403,4. Administrative and secretarial occupations,83,75,8
E01004403,5. Skilled trades occupations,115,79,36
E01004403,"6. Caring, leisure and other service occupations",90,63,27
E01004403,7. Sales and customer service occupations,101,84,17
E01004403,"8. Process, plant and machine operatives",57,49,8
E01004403,9. Elementary occupations,122,96,26
E01004404,"1. Managers, directors and senior officials",153,73,80
E01004404,2. Professional occupations,274,163,111
E01004404,3. Associate professional and technical occupations,185,51,134
E01004404,4. Administrative and secretarial occupations,98,108,-10
E01004404,5. Skilled trades occupations,131,131,0
E01004404,"6. Caring, leisure and other service occupations",144,102,42
E01004404,7. Sales and customer service occupations,115,99,16
E01004404,"8. Process, plant and machine operatives",79,63,16
E01004404,9. Elementary occupations,176,149,27
E01004405,"1. Managers, directors and senior officials",136,72,64
E01004405,2. Professional occupations,209,135,74
E01004405,3. Associate professional and technical occupations,125,39,86
E01004405,4. Administrative and secretarial occupations,63,73,-10
E01004405,5. Skilled trades occupations,56,71,-15
E01004405,"6. Caring, leisure and other service occupations",58,73,-15
E01004405,7. Sales and customer service occupations,57,53,4
E01004405,"8. Process, plant and machine operatives",34,57,-23
E01004405,9. Elementary occupations,83,117,-34
E01004406,"1. Managers, directors and senior officials",126,75,51
E01004406,2. Professional occupations,215,185,30
E01004406,3. Associate professional and technical occupations,138,53,85
E01004406,4. Administrative and secretarial occupations,57,99,-42
E01004406,5. Skilled trades occupations,118,110,8
E01004406,"6. Caring, leisure and other service occupations",69,68,1
E01004406,7. Sales and customer service occupations,85,97,-12
E01004406,"8. Process, plant and machine operatives",66,51,15
E01004406,9. Elementary occupations,125,141,-16
E01004407,"1. Managers, directors and senior officials",32,17,15
E01004407,2. Professional occupations,94,45,49
E01004407,3. Associate professional and technical occupations,79,31,48
E01004407,4. Administrative and secretarial occupations,54,45,9
E01004407,5. Skilled trades occupations,76,51,25
E01004407,"6. Caring, leisure and other service occupations",71,32,39
E01004407,7. Sales and customer service occupations,55,96,-41
E01004407,"8. Process, plant and machine operatives",81,58,23
E01004407,9. Elementary occupations,95,74,21
E01004408,"1. Managers, directors and senior officials",142,82,60
E01004408,2. Professional occupations,263,227,36
E01004408,3. Associate professional and technical occupations,171,40,131
E01004408,4. Administrative and secretarial occupations,62,82,-20
E01004408,5. Skilled trades occupations,74,82,-8
E01004408,"6. Caring, leisure and other service occupations",52,67,-15
E01004408,7. Sales and customer service occupations,44,73,-29
E01004408,"8. Process, plant and machine operatives",37,33,4
E01004408,9. Elementary occupations,96,88,8
E01004409,"1. Managers, directors and senior officials",115,79,36
E01004409,2. Professional occupations,259,189,70
E01004409,3. Associate professional and technical occupations,168,54,114
E01004409,4. Administrative and secretarial occupations,58,87,-29
E01004409,5. Skilled trades occupations,62,66,-4
E01004409,"6. Caring, leisure and other service occupations",77,52,25
E01004409,7. Sales and customer service occupations,39,36,3
E01004409,"8. Process, plant and machine operatives",35,44,-9
E01004409,9. Elementary occupations,94,102,-8
E01004410,"1. Managers, directors and senior officials",112,76,36
E01004410,2. Professional occupations,223,156,67
E01004410,3. Associate professional and technical occupations,157,51,106
E01004410,4. Administrative and secretarial occupations,57,83,-26
E01004410,5. Skilled trades occupations,60,67,-7
E01004410,"6. Caring, leisure and other service occupations",64,76,-12
E01004410,7. Sales and customer service occupations,40,59,-19
E01004410,"8. Process, plant and machine operatives",47,47,0
E01004410,9. Elementary occupations,89,98,-9
E01004411,"1. Managers, directors and senior officials",175,91,84
E01004411,2. Professional occupations,278,179,99
E01004411,3. Associate professional and technical occupations,224,43,181
E01004411,4. Administrative and secretarial occupations,70,95,-25
E01004411,5. Skilled trades occupations,148,98,50
E01004411,"6. Caring, leisure and other service occupations",57,78,-21
E01004411,7. Sales and customer service occupations,62,86,-24
E01004411,"8. Process, plant and machine operatives",64,35,29
E01004411,9. Elementary occupations,123,142,-19
E01004412,"1. Managers, directors and senior officials",193,108,85
E01004412,2. Professional occupations,307,224,83
E01004412,3. Associate professional and technical occupations,209,47,162
E01004412,4. Administrative and secretarial occupations,63,103,-40
E01004412,5. Skilled trades occupations,64,73,-9
E01004412,"6. Caring, leisure and other service occupations",54,48,6
E01004412,7. Sales and customer service occupations,38,57,-19
E01004412,"8. Process, plant and machine operatives",29,46,-17
E01004412,9. Elementary occupations,69,100,-31
E01004413,"1. Managers, directors and senior officials",77,54,23
E01004413,2. Professional occupations,128,84,44
E01004413,3. Associate professional and technical occupations,81,38,43
E01004413,4. Administrative and secretarial occupations,80,108,-28
E01004413,5. Skilled trades occupations,85,70,15
E01004413,"6. Caring, leisure and other service occupations",69,57,12
E01004413,7. Sales and customer service occupations,55,53,2
E01004413,"8. Process, plant and machine operatives",45,57,-12
E01004413,9. Elementary occupations,62,86,-24
E01004414,"1. Managers, directors and senior officials",96,72,24
E01004414,2. Professional occupations,155,85,70
E01004414,3. Associate professional and technical occupations,114,47,67
E01004414,4. Administrative and secretarial occupations,73,119,-46
E01004414,5. Skilled trades occupations,107,88,19
E01004414,"6. Caring, leisure and other service occupations",78,69,9
E01004414,7. Sales and customer service occupations,67,60,7
E01004414,"8. Process, plant and machine operatives",70,63,7
E01004414,9. Elementary occupations,107,61,46
E01004415,"1. Managers, directors and senior officials",89,69,20
E01004415,2. Professional occupations,133,103,30
E01004415,3. Associate professional and technical occupations,75,32,43
E01004415,4. Administrative and secretarial occupations,91,119,-28
E01004415,5. Skilled trades occupations,77,81,-4
E01004415,"6. Caring, leisure and other service occupations",76,72,4
E01004415,7. Sales and customer service occupations,45,45,0
E01004415,"8. Process, plant and machine operatives",47,53,-6
E01004415,9. Elementary occupations,65,65,0
E01004416,"1. Managers, directors and senior officials",131,86,45
E01004416,2. Professional occupations,221,142,79
E01004416,3. Associate professional and technical occupations,165,41,124
E01004416,4. Administrative and secretarial occupations,112,152,-40
E01004416,5. Skilled trades occupations,94,100,-6
E01004416,"6. Caring, leisure and other service occupations",58,65,-7
E01004416,7. Sales and customer service occupations,41,60,-19
E01004416,"8. Process, plant and machine operatives",53,56,-3
E01004416,9. Elementary occupations,61,55,6
E01004417,"1. Managers, directors and senior officials",116,67,49
E01004417,2. Professional occupations,159,99,60
E01004417,3. Associate professional and technical occupations,120,39,81
E01004417,4. Administrative and secretarial occupations,96,128,-32
E01004417,5. Skilled trades occupations,113,101,12
E01004417,"6. Caring, leisure and other service occupations",60,77,-17
E01004417,7. Sales and customer service occupations,59,68,-9
E01004417,"8. Process, plant and machine operatives",53,70,-17
E01004417,9. Elementary occupations,83,73,10
E01004418,"1. Managers, directors and senior officials",92,59,33
E01004418,2. Professional occupations,156,95,61
E01004418,3. Associate professional and technical occupations,112,51,61
E01004418,4. Administrative and secretarial occupations,99,125,-26
E01004418,5. Skilled trades occupations,89,91,-2
E01004418,"6. Caring, leisure and other service occupations",79,78,1
E01004418,7. Sales and customer service occupations,72,63,9
E01004418,"8. Process, plant and machine operatives",60,68,-8
E01004418,9. Elementary occupations,82,74,8
E01004419,"1. Managers, directors and senior officials",167,54,113
E01004419,2. Professional occupations,256,111,145
E01004419,3. Associate professional and technical occupations,183,33,150
E01004419,4. Administrative and secretarial occupations,126,102,24
E01004419,5. Skilled trades occupations,120,54,66
E01004419,"6. Caring, leisure and other service occupations",98,54,44
E01004419,7. Sales and customer service occupations,117,54,63
E01004419,"8. Process, plant and machine operatives",99,64,35
E01004419,9. Elementary occupations,113,66,47
E01004420,"1. Managers, directors and senior officials",90,62,28
E01004420,2. Professional occupations,196,127,69
E01004420,3. Associate professional and technical occupations,119,30,89
E01004420,4. Administrative and secretarial occupations,73,97,-24
E01004420,5. Skilled trades occupations,131,111,20
E01004420,"6. Caring, leisure and other service occupations",103,83,20
E01004420,7. Sales and customer service occupations,111,102,9
E01004420,"8. Process, plant and machine operatives",72,96,-24
E01004420,9. Elementary occupations,203,165,38
E01004421,"1. Managers, directors and senior officials",96,62,34
E01004421,2. Professional occupations,175,121,54
E01004421,3. Associate professional and technical occupations,117,39,78
E01004421,4. Administrative and secretarial occupations,81,105,-24
E01004421,5. Skilled trades occupations,129,71,58
E01004421,"6. Caring, leisure and other service occupations",71,58,13
E01004421,7. Sales and customer service occupations,87,92,-5
E01004421,"8. Process, plant and machine operatives",69,90,-21
E01004421,9. Elementary occupations,143,130,13
E01004422,"1. Managers, directors and senior officials",198,55,143
E01004422,2. Professional occupations,339,102,237
E01004422,3. Associate professional and technical occupations,221,29,192
E01004422,4. Administrative and secretarial occupations,96,81,15
E01004422,5. Skilled trades occupations,111,82,29
E01004422,"6. Caring, leisure and other service occupations",91,70,21
E01004422,7. Sales and customer service occupations,71,59,12
E01004422,"8. Process, plant and machine operatives",99,57,42
E01004422,9. Elementary occupations,159,122,37
E01004423,"1. Managers, directors and senior officials",99,49,50
E01004423,2. Professional occupations,134,72,62
E01004423,3. Associate professional and technical occupations,136,31,105
E01004423,4. Administrative and secretarial occupations,64,46,18
E01004423,5. Skilled trades occupations,107,76,31
E01004423,"6. Caring, leisure and other service occupations",69,47,22
E01004423,7. Sales and customer service occupations,80,99,-19
E01004423,"8. Process, plant and machine operatives",68,34,34
E01004423,9. Elementary occupations,153,130,23
E01004424,"1. Managers, directors and senior officials",103,44,59
E01004424,2. Professional occupations,214,100,114
E01004424,3. Associate professional and technical occupations,121,35,86
E01004424,4. Administrative and secretarial occupations,90,80,10
E01004424,5. Skilled trades occupations,133,100,33
E01004424,"6. Caring, leisure and other service occupations",88,81,7
E01004424,7. Sales and customer service occupations,79,79,0
E01004424,"8. Process, plant and machine operatives",60,62,-2
E01004424,9. Elementary occupations,125,124,1
E01004425,"1. Managers, directors and senior officials",115,75,40
E01004425,2. Professional occupations,258,164,94
E01004425,3. Associate professional and technical occupations,234,52,182
E01004425,4. Administrative and secretarial occupations,89,132,-43
E01004425,5. Skilled trades occupations,100,92,8
E01004425,"6. Caring, leisure and other service occupations",72,100,-28
E01004425,7. Sales and customer service occupations,51,96,-45
E01004425,"8. Process, plant and machine operatives",67,70,-3
E01004425,9. Elementary occupations,113,158,-45
E01004426,"1. Managers, directors and senior officials",104,60,44
E01004426,2. Professional occupations,166,110,56
E01004426,3. Associate professional and technical occupations,120,50,70
E01004426,4. Administrative and secretarial occupations,86,109,-23
E01004426,5. Skilled trades occupations,97,105,-8
E01004426,"6. Caring, leisure and other service occupations",68,73,-5
E01004426,7. Sales and customer service occupations,71,106,-35
E01004426,"8. Process, plant and machine operatives",68,87,-19
E01004426,9. Elementary occupations,115,143,-28
E01004427,"1. Managers, directors and senior officials",97,84,13
E01004427,2. Professional occupations,236,134,102
E01004427,3. Associate professional and technical occupations,191,60,131
E01004427,4. Administrative and secretarial occupations,58,105,-47
E01004427,5. Skilled trades occupations,145,133,12
E01004427,"6. Caring, leisure and other service occupations",83,104,-21
E01004427,7. Sales and customer service occupations,67,61,6
E01004427,"8. Process, plant and machine operatives",69,120,-51
E01004427,9. Elementary occupations,160,171,-11
E01004428,"1. Managers, directors and senior officials",70,40,30
E01004428,2. Professional occupations,137,65,72
E01004428,3. Associate professional and technical occupations,105,27,78
E01004428,4. Administrative and secretarial occupations,75,88,-13
E01004428,5. Skilled trades occupations,85,60,25
E01004428,"6. Caring, leisure and other service occupations",96,82,14
E01004428,7. Sales and customer service occupations,79,60,19
E01004428,"8. Process, plant and machine operatives",62,43,19
E01004428,9. Elementary occupations,127,101,26
E01004429,"1. Managers, directors and senior officials",87,57,30
E01004429,2. Professional occupations,192,114,78
E01004429,3. Associate professional and technical occupations,130,45,85
E01004429,4. Administrative and secretarial occupations,74,105,-31
E01004429,5. Skilled trades occupations,99,84,15
E01004429,"6. Caring, leisure and other service occupations",92,80,12
E01004429,7. Sales and customer service occupations,75,76,-1
E01004429,"8. Process, plant and machine operatives",46,54,-8
E01004429,9. Elementary occupations,124,148,-24
E01004430,"1. Managers, directors and senior officials",185,99,86
E01004430,2. Professional occupations,417,190,227
E01004430,3. Associate professional and technical occupations,256,58,198
E01004430,4. Administrative and secretarial occupations,124,122,2
E01004430,5. Skilled trades occupations,163,141,22
E01004430,"6. Caring, leisure and other service occupations",101,101,0
E01004430,7. Sales and customer service occupations,112,124,-12
E01004430,"8. Process, plant and machine operatives",91,90,1
E01004430,9. Elementary occupations,184,200,-16
E01004432,"1. Managers, directors and senior officials",128,40,88
E01004432,2. Professional occupations,195,131,64
E01004432,3. Associate professional and technical occupations,131,43,88
E01004432,4. Administrative and secretarial occupations,81,102,-21
E01004432,5. Skilled trades occupations,101,87,14
E01004432,"6. Caring, leisure and other service occupations",84,62,22
E01004432,7. Sales and customer service occupations,46,77,-31
E01004432,"8. Process, plant and machine operatives",59,56,3
E01004432,9. Elementary occupations,158,123,35
E01004434,"1. Managers, directors and senior officials",84,66,18
E01004434,2. Professional occupations,168,118,50
E01004434,3. Associate professional and technical occupations,134,50,84
E01004434,4. Administrative and secretarial occupations,74,97,-23
E01004434,5. Skilled trades occupations,97,100,-3
E01004434,"6. Caring, leisure and other service occupations",91,80,11
E01004434,7. Sales and customer service occupations,57,77,-20
E01004434,"8. Process, plant and machine operatives",80,67,13
E01004434,9. Elementary occupations,166,149,17
E01004435,"1. Managers, directors and senior officials",100,61,39
E01004435,2. Professional occupations,203,147,56
E01004435,3. Associate professional and technical occupations,139,32,107
E01004435,4. Administrative and secretarial occupations,60,82,-22
E01004435,5. Skilled trades occupations,116,116,0
E01004435,"6. Caring, leisure and other service occupations",70,123,-53
E01004435,7. Sales and customer service occupations,75,63,12
E01004435,"8. Process, plant and machine operatives",77,59,18
E01004435,9. Elementary occupations,156,154,2
E01004436,"1. Managers, directors and senior officials",121,69,52
E01004436,2. Professional occupations,219,205,14
E01004436,3. Associate professional and technical occupations,144,52,92
E01004436,4. Administrative and secretarial occupations,66,102,-36
E01004436,5. Skilled trades occupations,53,85,-32
E01004436,"6. Caring, leisure and other service occupations",61,47,14
E01004436,7. Sales and customer service occupations,44,66,-22
E01004436,"8. Process, plant and machine operatives",34,41,-7
E01004436,9. Elementary occupations,74,81,-7
E01004437,"1. Managers, directors and senior officials",132,75,57
E01004437,2. Professional occupations,255,218,37
E01004437,3. Associate professional and technical occupations,119,46,73
E01004437,4. Administrative and secretarial occupations,65,87,-22
E01004437,5. Skilled trades occupations,96,93,3
E01004437,"6. Caring, leisure and other service occupations",78,64,14
E01004437,7. Sales and customer service occupations,64,73,-9
E01004437,"8. Process, plant and machine operatives",43,51,-8
E01004437,9. Elementary occupations,106,142,-36
E01004438,"1. Managers, directors and senior officials",166,118,48
E01004438,2. Professional occupations,327,335,-8
E01004438,3. Associate professional and technical occupations,206,49,157
E01004438,4. Administrative and secretarial occupations,105,139,-34
E01004438,5. Skilled trades occupations,108,92,16
E01004438,"6. Caring, leisure and other service occupations",70,66,4
E01004438,7. Sales and customer service occupations,71,94,-23
E01004438,"8. Process, plant and machine operatives",56,71,-15
E01004438,9. Elementary occupations,132,153,-21
E01004439,"1. Managers, directors and senior officials",111,75,36
E01004439,2. Professional occupations,232,194,38
E01004439,3. Associate professional and technical occupations,135,54,81
E01004439,4. Administrative and secretarial occupations,71,110,-39
E01004439,5. Skilled trades occupations,85,73,12
E01004439,"6. Caring, leisure and other service occupations",59,57,2
E01004439,7. Sales and customer service occupations,65,58,7
E01004439,"8. Process, plant and machine operatives",51,31,20
E01004439,9. Elementary occupations,88,98,-10
E01004440,"1. Managers, directors and senior officials",127,92,35
E01004440,2. Professional occupations,322,257,65
E01004440,3. Associate professional and technical occupations,217,122,95
E01004440,4. Administrative and secretarial occupations,80,146,-66
E01004440,5. Skilled trades occupations,105,110,-5
E01004440,"6. Caring, leisure and other service occupations",97,79,18
E01004440,7. Sales and customer service occupations,70,94,-24
E01004440,"8. Process, plant and machine operatives",55,56,-1
E01004440,9. Elementary occupations,122,127,-5
E01004441,"1. Managers, directors and senior officials",142,97,45
E01004441,2. Professional occupations,260,244,16
E01004441,3. Associate professional and technical occupations,126,52,74
E01004441,4. Administrative and secretarial occupations,60,88,-28
E01004441,5. Skilled trades occupations,62,104,-42
E01004441,"6. Caring, leisure and other service occupations",41,63,-22
E01004441,7. Sales and customer service occupations,46,58,-12
E01004441,"8. Process, plant and machine operatives",27,31,-4
E01004441,9. Elementary occupations,76,103,-27
E01004442,"1. Managers, directors and senior officials",122,91,31
E01004442,2. Professional occupations,266,297,-31
E01004442,3. Associate professional and technical occupations,172,65,107
E01004442,4. Administrative and secretarial occupations,66,105,-39
E01004442,5. Skilled trades occupations,63,77,-14
E01004442,"6. Caring, leisure and other service occupations",59,67,-8
E01004442,7. Sales and customer service occupations,48,65,-17
E01004442,"8. Process, plant and machine operatives",29,38,-9
E01004442,9. Elementary occupations,72,67,5
E01004443,"1. Managers, directors and senior officials",151,70,81
E01004443,2. Professional occupations,329,193,136
E01004443,3. Associate professional and technical occupations,193,56,137
E01004443,4. Administrative and secretarial occupations,92,111,-19
E01004443,5. Skilled trades occupations,114,92,22
E01004443,"6. Caring, leisure and other service occupations",62,74,-12
E01004443,7. Sales and customer service occupations,77,83,-6
E01004443,"8. Process, plant and machine operatives",65,80,-15
E01004443,9. Elementary occupations,125,141,-16
E01004444,"1. Managers, directors and senior officials",177,85,92
E01004444,2. Professional occupations,393,206,187
E01004444,3. Associate professional and technical occupations,268,66,202
E01004444,4. Administrative and secretarial occupations,119,152,-33
E01004444,5. Skilled trades occupations,117,142,-25
E01004444,"6. Caring, leisure and other service occupations",120,129,-9
E01004444,7. Sales and customer service occupations,92,111,-19
E01004444,"8. Process, plant and machine operatives",81,82,-1
E01004444,9. Elementary occupations,181,192,-11
E01004445,"1. Managers, directors and senior officials",114,42,72
E01004445,2. Professional occupations,259,90,169
E01004445,3. Associate professional and technical occupations,149,31,118
E01004445,4. Administrative and secretarial occupations,70,61,9
E01004445,5. Skilled trades occupations,102,53,49
E01004445,"6. Caring, leisure and other service occupations",64,49,15
E01004445,7. Sales and customer service occupations,88,45,43
E01004445,"8. Process, plant and machine operatives",75,36,39
E01004445,9. Elementary occupations,162,101,61
E01004446,"1. Managers, directors and senior officials",158,59,99
E01004446,2. Professional occupations,323,151,172
E01004446,3. Associate professional and technical occupations,207,35,172
E01004446,4. Administrative and secretarial occupations,100,124,-24
E01004446,5. Skilled trades occupations,153,121,32
E01004446,"6. Caring, leisure and other service occupations",74,64,10
E01004446,7. Sales and customer service occupations,81,74,7
E01004446,"8. Process, plant and machine operatives",66,46,20
E01004446,9. Elementary occupations,255,120,135
E01004447,"1. Managers, directors and senior officials",138,91,47
E01004447,2. Professional occupations,274,170,104
E01004447,3. Associate professional and technical occupations,182,71,111
E01004447,4. Administrative and secretarial occupations,63,116,-53
E01004447,5. Skilled trades occupations,94,90,4
E01004447,"6. Caring, leisure and other service occupations",52,64,-12
E01004447,7. Sales and customer service occupations,53,92,-39
E01004447,"8. Process, plant and machine operatives",52,49,3
E01004447,9. Elementary occupations,105,117,-12
E01004448,"1. Managers, directors and senior officials",127,62,65
E01004448,2. Professional occupations,260,151,109
E01004448,3. Associate professional and technical occupations,163,62,101
E01004448,4. Administrative and secretarial occupations,80,87,-7
E01004448,5. Skilled trades occupations,93,131,-38
E01004448,"6. Caring, leisure and other service occupations",71,103,-32
E01004448,7. Sales and customer service occupations,55,49,6
E01004448,"8. Process, plant and machine operatives",66,62,4
E01004448,9. Elementary occupations,120,120,0
E01004449,"1. Managers, directors and senior officials",63,56,7
E01004449,2. Professional occupations,134,60,74
E01004449,3. Associate professional and technical occupations,84,35,49
E01004449,4. Administrative and secretarial occupations,67,68,-1
E01004449,5. Skilled trades occupations,74,64,10
E01004449,"6. Caring, leisure and other service occupations",72,68,4
E01004449,7. Sales and customer service occupations,69,85,-16
E01004449,"8. Process, plant and machine operatives",68,48,20
E01004449,9. Elementary occupations,122,97,25
E01004450,"1. Managers, directors and senior officials",116,83,33
E01004450,2. Professional occupations,167,108,59
E01004450,3. Associate professional and technical occupations,95,41,54
E01004450,4. Administrative and secretarial occupations,96,141,-45
E01004450,5. Skilled trades occupations,94,120,-26
E01004450,"6. Caring, leisure and other service occupations",56,76,-20
E01004450,7. Sales and customer service occupations,71,83,-12
E01004450,"8. Process, plant and machine operatives",64,48,16
E01004450,9. Elementary occupations,81,60,21
E01004451,"1. Managers, directors and senior officials",111,82,29
E01004451,2. Professional occupations,149,97,52
E01004451,3. Associate professional and technical occupations,82,62,20
E01004451,4. Administrative and secretarial occupations,97,158,-61
E01004451,5. Skilled trades occupations,116,102,14
E01004451,"6. Caring, leisure and other service occupations",71,81,-10
E01004451,7. Sales and customer service occupations,88,67,21
E01004451,"8. Process, plant and machine operatives",78,73,5
E01004451,9. Elementary occupations,78,73,5
E01004452,"1. Managers, directors and senior officials",102,74,28
E01004452,2. Professional occupations,146,86,60
E01004452,3. Associate professional and technical occupations,90,50,40
E01004452,4. Administrative and secretarial occupations,79,107,-28
E01004452,5. Skilled trades occupations,135,91,44
E01004452,"6. Caring, leisure and other service occupations",77,86,-9
E01004452,7. Sales and customer service occupations,78,63,15
E01004452,"8. Process, plant and machine operatives",69,50,19
E01004452,9. Elementary occupations,127,83,44
E01004453,"1. Managers, directors and senior officials",88,93,-5
E01004453,2. Professional occupations,143,93,50
E01004453,3. Associate professional and technical occupations,100,56,44
E01004453,4. Administrative and secretarial occupations,95,111,-16
E01004453,5. Skilled trades occupations,95,92,3
E01004453,"6. Caring, leisure and other service occupations",76,77,-1
E01004453,7. Sales and customer service occupations,68,94,-26
E01004453,"8. Process, plant and machine operatives",69,41,28
E01004453,9. Elementary occupations,114,74,40
E01004454,"1. Managers, directors and senior officials",105,73,32
E01004454,2. Professional occupations,153,98,55
E01004454,3. Associate professional and technical occupations,97,42,55
E01004454,4. Administrative and secretarial occupations,102,129,-27
E01004454,5. Skilled trades occupations,102,85,17
E01004454,"6. Caring, leisure and other service occupations",94,64,30
E01004454,7. Sales and customer service occupations,70,73,-3
E01004454,"8. Process, plant and machine operatives",76,57,19
E01004454,9. Elementary occupations,106,68,38
E01004455,"1. Managers, directors and senior officials",98,54,44
E01004455,2. Professional occupations,142,84,58
E01004455,3. Associate professional and technical occupations,96,43,53
E01004455,4. Administrative and secretarial occupations,81,97,-16
E01004455,5. Skilled trades occupations,91,72,19
E01004455,"6. Caring, leisure and other service occupations",82,70,12
E01004455,7. Sales and customer service occupations,54,61,-7
E01004455,"8. Process, plant and machine operatives",84,58,26
E01004455,9. Elementary occupations,90,79,11
E01004456,"1. Managers, directors and senior officials",45,35,10
E01004456,2. Professional occupations,83,63,20
E01004456,3. Associate professional and technical occupations,96,31,65
E01004456,4. Administrative and secretarial occupations,67,78,-11
E01004456,5. Skilled trades occupations,73,54,19
E01004456,"6. Caring, leisure and other service occupations",85,59,26
E01004456,7. Sales and customer service occupations,80,85,-5
E01004456,"8. Process, plant and machine operatives",59,43,16
E01004456,9. Elementary occupations,101,106,-5
E01004457,"1. Managers, directors and senior officials",172,95,77
E01004457,2. Professional occupations,303,191,112
E01004457,3. Associate professional and technical occupations,211,64,147
E01004457,4. Administrative and secretarial occupations,66,118,-52
E01004457,5. Skilled trades occupations,74,86,-12
E01004457,"6. Caring, leisure and other service occupations",68,71,-3
E01004457,7. Sales and customer service occupations,65,74,-9
E01004457,"8. Process, plant and machine operatives",37,50,-13
E01004457,9. Elementary occupations,100,118,-18
E01004458,"1. Managers, directors and senior officials",114,77,37
E01004458,2. Professional occupations,256,152,104
E01004458,3. Associate professional and technical occupations,161,39,122
E01004458,4. Administrative and secretarial occupations,76,106,-30
E01004458,5. Skilled trades occupations,111,115,-4
E01004458,"6. Caring, leisure and other service occupations",74,65,9
E01004458,7. Sales and customer service occupations,75,82,-7
E01004458,"8. Process, plant and machine operatives",62,60,2
E01004458,9. Elementary occupations,104,134,-30
E01004459,"1. Managers, directors and senior officials",54,28,26
E01004459,2. Professional occupations,101,51,50
E01004459,3. Associate professional and technical occupations,65,40,25
E01004459,4. Administrative and secretarial occupations,50,51,-1
E01004459,5. Skilled trades occupations,53,48,5
E01004459,"6. Caring, leisure and other service occupations",64,57,7
E01004459,7. Sales and customer service occupations,88,64,24
E01004459,"8. Process, plant and machine operatives",46,32,14
E01004459,9. Elementary occupations,99,79,20
E01004460,"1. Managers, directors and senior officials",127,71,56
E01004460,2. Professional occupations,280,155,125
E01004460,3. Associate professional and technical occupations,143,53,90
E01004460,4. Administrative and secretarial occupations,70,101,-31
E01004460,5. Skilled trades occupations,104,93,11
E01004460,"6. Caring, leisure and other service occupations",43,62,-19
E01004460,7. Sales and customer service occupations,72,87,-15
E01004460,"8. Process, plant and machine operatives",92,28,64
E01004460,9. Elementary occupations,140,136,4
E01004462,"1. Managers, directors and senior officials",154,79,75
E01004462,2. Professional occupations,308,178,130
E01004462,3. Associate professional and technical occupations,228,54,174
E01004462,4. Administrative and secretarial occupations,82,109,-27
E01004462,5. Skilled trades occupations,131,92,39
E01004462,"6. Caring, leisure and other service occupations",50,49,1
E01004462,7. Sales and customer service occupations,67,80,-13
E01004462,"8. Process, plant and machine operatives",57,48,9
E01004462,9. Elementary occupations,136,134,2
E01004463,"1. Managers, directors and senior officials",167,120,47
E01004463,2. Professional occupations,389,282,107
E01004463,3. Associate professional and technical occupations,276,83,193
E01004463,4. Administrative and secretarial occupations,81,141,-60
E01004463,5. Skilled trades occupations,83,104,-21
E01004463,"6. Caring, leisure and other service occupations",81,74,7
E01004463,7. Sales and customer service occupations,49,60,-11
E01004463,"8. Process, plant and machine operatives",34,45,-11
E01004463,9. Elementary occupations,67,102,-35
E01004464,"1. Managers, directors and senior officials",101,60,41
E01004464,2. Professional occupations,194,70,124
E01004464,3. Associate professional and technical occupations,134,28,106
E01004464,4. Administrative and secretarial occupations,60,64,-4
E01004464,5. Skilled trades occupations,48,70,-22
E01004464,"6. Caring, leisure and other service occupations",63,66,-3
E01004464,7. Sales and customer service occupations,56,55,1
E01004464,"8. Process, plant and machine operatives",55,51,4
E01004464,9. Elementary occupations,87,100,-13
E01004465,"1. Managers, directors and senior officials",146,85,61
E01004465,2. Professional occupations,231,183,48
E01004465,3. Associate professional and technical occupations,144,50,94
E01004465,4. Administrative and secretarial occupations,68,89,-21
E01004465,5. Skilled trades occupations,57,48,9
E01004465,"6. Caring, leisure and other service occupations",43,57,-14
E01004465,7. Sales and customer service occupations,38,46,-8
E01004465,"8. Process, plant and machine operatives",42,46,-4
E01004465,9. Elementary occupations,71,71,0
E01004466,"1. Managers, directors and senior officials",174,95,79
E01004466,2. Professional occupations,334,256,78
E01004466,3. Associate professional and technical occupations,200,81,119
E01004466,4. Administrative and secretarial occupations,38,88,-50
E01004466,5. Skilled trades occupations,53,66,-13
E01004466,"6. Caring, leisure and other service occupations",40,67,-27
E01004466,7. Sales and customer service occupations,43,43,0
E01004466,"8. Process, plant and machine operatives",37,43,-6
E01004466,9. Elementary occupations,52,63,-11
E01004467,"1. Managers, directors and senior officials",119,85,34
E01004467,2. Professional occupations,237,152,85
E01004467,3. Associate professional and technical occupations,149,57,92
E01004467,4. Administrative and secretarial occupations,76,110,-34
E01004467,5. Skilled trades occupations,114,83,31
E01004467,"6. Caring, leisure and other service occupations",97,122,-25
E01004467,7. Sales and customer service occupations,96,78,18
E01004467,"8. Process, plant and machine operatives",81,88,-7
E01004467,9. Elementary occupations,140,155,-15
E01004468,"1. Managers, directors and senior officials",162,77,85
E01004468,2. Professional occupations,292,227,65
E01004468,3. Associate professional and technical occupations,180,67,113
E01004468,4. Administrative and secretarial occupations,58,107,-49
E01004468,5. Skilled trades occupations,72,69,3
E01004468,"6. Caring, leisure and other service occupations",39,60,-21
E01004468,7. Sales and customer service occupations,35,42,-7
E01004468,"8. Process, plant and machine operatives",31,38,-7
E01004468,9. Elementary occupations,82,77,5
E01004469,"1. Managers, directors and senior officials",70,56,14
E01004469,2. Professional occupations,168,102,66
E01004469,3. Associate professional and technical occupations,92,33,59
E01004469,4. Administrative and secretarial occupations,67,82,-15
E01004469,5. Skilled trades occupations,89,63,26
E01004469,"6. Caring, leisure and other service occupations",90,49,41
E01004469,7. Sales and customer service occupations,67,53,14
E01004469,"8. Process, plant and machine operatives",68,48,20
E01004469,9. Elementary occupations,94,78,16
E01004470,"1. Managers, directors and senior officials",96,57,39
E01004470,2. Professional occupations,232,122,110
E01004470,3. Associate professional and technical occupations,112,40,72
E01004470,4. Administrative and secretarial occupations,55,90,-35
E01004470,5. Skilled trades occupations,87,79,8
E01004470,"6. Caring, leisure and other service occupations",60,50,10
E01004470,7. Sales and customer service occupations,52,64,-12
E01004470,"8. Process, plant and machine operatives",35,42,-7
E01004470,9. Elementary occupations,91,98,-7
E01004471,"1. Managers, directors and senior officials",97,78,19
E01004471,2. Professional occupations,215,131,84
E01004471,3. Associate professional and technical occupations,135,30,105
E01004471,4. Administrative and secretarial occupations,55,70,-15
E01004471,5. Skilled trades occupations,73,67,6
E01004471,"6. Caring, leisure and other service occupations",54,57,-3
E01004471,7. Sales and customer service occupations,52,49,3
E01004471,"8. Process, plant and machine operatives",48,49,-1
E01004471,9. Elementary occupations,98,114,-16
E01004472,"1. Managers, directors and senior officials",246,202,44
E01004472,2. Professional occupations,458,431,27
E01004472,3. Associate professional and technical occupations,263,75,188
E01004472,4. Administrative and secretarial occupations,80,129,-49
E01004472,5. Skilled trades occupations,25,35,-10
E01004472,"6. Caring, leisure and other service occupations",30,38,-8
E01004472,7. Sales and customer service occupations,28,45,-17
E01004472,"8. Process, plant and machine operatives",9,14,-5
E01004472,9. Elementary occupations,25,35,-10
E01004473,"1. Managers, directors and senior officials",217,195,22
E01004473,2. Professional occupations,439,356,83
E01004473,3. Associate professional and technical occupations,288,73,215
E01004473,4. Administrative and secretarial occupations,78,111,-33
E01004473,5. Skilled trades occupations,25,34,-9
E01004473,"6. Caring, leisure and other service occupations",47,47,0
E01004473,7. Sales and customer service occupations,24,33,-9
E01004473,"8. Process, plant and machine operatives",17,15,2
E01004473,9. Elementary occupations,26,35,-9
E01004474,"1. Managers, directors and senior officials",253,192,61
E01004474,2. Professional occupations,555,431,124
E01004474,3. Associate professional and technical occupations,315,92,223
E01004474,4. Administrative and secretarial occupations,107,134,-27
E01004474,5. Skilled trades occupations,39,45,-6
E01004474,"6. Caring, leisure and other service occupations",67,69,-2
E01004474,7. Sales and customer service occupations,63,61,2
E01004474,"8. Process, plant and machine operatives",23,17,6
E01004474,9. Elementary occupations,65,62,3
E01004475,"1. Managers, directors and senior officials",179,125,54
E01004475,2. Professional occupations,357,311,46
E01004475,3. Associate professional and technical occupations,204,65,139
E01004475,4. Administrative and secretarial occupations,76,108,-32
E01004475,5. Skilled trades occupations,25,19,6
E01004475,"6. Caring, leisure and other service occupations",33,46,-13
E01004475,7. Sales and customer service occupations,31,36,-5
E01004475,"8. Process, plant and machine operatives",8,17,-9
E01004475,9. Elementary occupations,26,27,-1
E01004476,"1. Managers, directors and senior officials",210,140,70
E01004476,2. Professional occupations,483,304,179
E01004476,3. Associate professional and technical occupations,298,75,223
E01004476,4. Administrative and secretarial occupations,80,80,0
E01004476,5. Skilled trades occupations,35,24,11
E01004476,"6. Caring, leisure and other service occupations",46,30,16
E01004476,7. Sales and customer service occupations,39,53,-14
E01004476,"8. Process, plant and machine operatives",13,9,4
E01004476,9. Elementary occupations,42,40,2
E01004477,"1. Managers, directors and senior officials",238,215,23
E01004477,2. Professional occupations,335,281,54
E01004477,3. Associate professional and technical occupations,181,50,131
E01004477,4. Administrative and secretarial occupations,36,63,-27
E01004477,5. Skilled trades occupations,7,15,-8
E01004477,"6. Caring, leisure and other service occupations",26,28,-2
E01004477,7. Sales and customer service occupations,17,11,6
E01004477,"8. Process, plant and machine operatives",6,5,1
E01004477,9. Elementary occupations,13,20,-7
E01004478,"1. Managers, directors and senior officials",243,159,84
E01004478,2. Professional occupations,278,275,3
E01004478,3. Associate professional and technical occupations,161,36,125
E01004478,4. Administrative and secretarial occupations,45,61,-16
E01004478,5. Skilled trades occupations,7,14,-7
E01004478,"6. Caring, leisure and other service occupations",27,37,-10
E01004478,7. Sales and customer service occupations,23,21,2
E01004478,"8. Process, plant and machine operatives",2,7,-5
E01004478,9. Elementary occupations,15,10,5
E01004479,"1. Managers, directors and senior officials",229,187,42
E01004479,2. Professional occupations,319,250,69
E01004479,3. Associate professional and technical occupations,178,55,123
E01004479,4. Administrative and secretarial occupations,64,86,-22
E01004479,5. Skilled trades occupations,21,25,-4
E01004479,"6. Caring, leisure and other service occupations",33,35,-2
E01004479,7. Sales and customer service occupations,15,24,-9
E01004479,"8. Process, plant and machine operatives",6,15,-9
E01004479,9. Elementary occupations,6,14,-8
E01004480,"1. Managers, directors and senior officials",250,188,62
E01004480,2. Professional occupations,504,405,99
E01004480,3. Associate professional and technical occupations,289,98,191
E01004480,4. Administrative and secretarial occupations,79,91,-12
E01004480,5. Skilled trades occupations,18,28,-10
E01004480,"6. Caring, leisure and other service occupations",25,42,-17
E01004480,7. Sales and customer service occupations,36,26,10
E01004480,"8. Process, plant and machine operatives",8,13,-5
E01004480,9. Elementary occupations,23,26,-3
E01004481,"1. Managers, directors and senior officials",154,146,8
E01004481,2. Professional occupations,447,354,93
E01004481,3. Associate professional and technical occupations,291,80,211
E01004481,4. Administrative and secretarial occupations,74,125,-51
E01004481,5. Skilled trades occupations,41,36,5
E01004481,"6. Caring, leisure and other service occupations",53,59,-6
E01004481,7. Sales and customer service occupations,32,61,-29
E01004481,"8. Process, plant and machine operatives",31,16,15
E01004481,9. Elementary occupations,42,56,-14
E01004482,"1. Managers, directors and senior officials",149,123,26
E01004482,2. Professional occupations,319,273,46
E01004482,3. Associate professional and technical occupations,253,73,180
E01004482,4. Administrative and secretarial occupations,82,122,-40
E01004482,5. Skilled trades occupations,21,44,-23
E01004482,"6. Caring, leisure and other service occupations",48,50,-2
E01004482,7. Sales and customer service occupations,42,38,4
E01004482,"8. Process, plant and machine operatives",22,24,-2
E01004482,9. Elementary occupations,52,50,2
E01004483,"1. Managers, directors and senior officials",236,157,79
E01004483,2. Professional occupations,531,469,62
E01004483,3. Associate professional and technical occupations,299,127,172
E01004483,4. Administrative and secretarial occupations,97,156,-59
E01004483,5. Skilled trades occupations,54,63,-9
E01004483,"6. Caring, leisure and other service occupations",63,65,-2
E01004483,7. Sales and customer service occupations,47,53,-6
E01004483,"8. Process, plant and machine operatives",35,17,18
E01004483,9. Elementary occupations,61,71,-10
E01004484,"1. Managers, directors and senior officials",156,124,32
E01004484,2. Professional occupations,379,361,18
E01004484,3. Associate professional and technical occupations,258,77,181
E01004484,4. Administrative and secretarial occupations,60,102,-42
E01004484,5. Skilled trades occupations,27,26,1
E01004484,"6. Caring, leisure and other service occupations",34,49,-15
E01004484,7. Sales and customer service occupations,36,36,0
E01004484,"8. Process, plant and machine operatives",15,15,0
E01004484,9. Elementary occupations,40,39,1
E01004485,"1. Managers, directors and senior officials",203,134,69
E01004485,2. Professional occupations,424,302,122
E01004485,3. Associate professional and technical occupations,226,67,159
E01004485,4. Administrative and secretarial occupations,83,107,-24
E01004485,5. Skilled trades occupations,40,50,-10
E01004485,"6. Caring, leisure and other service occupations",50,53,-3
E01004485,7. Sales and customer service occupations,37,41,-4
E01004485,"8. Process, plant and machine operatives",20,17,3
E01004485,9. Elementary occupations,32,42,-10
E01004486,"1. Managers, directors and senior officials",183,139,44
E01004486,2. Professional occupations,396,321,75
E01004486,3. Associate professional and technical occupations,209,70,139
E01004486,4. Administrative and secretarial occupations,75,109,-34
E01004486,5. Skilled trades occupations,35,39,-4
E01004486,"6. Caring, leisure and other service occupations",34,36,-2
E01004486,7. Sales and customer service occupations,20,29,-9
E01004486,"8. Process, plant and machine operatives",11,9,2
E01004486,9. Elementary occupations,32,27,5
E01004487,"1. Managers, directors and senior officials",196,146,50
E01004487,2. Professional occupations,337,291,46
E01004487,3. Associate professional and technical occupations,183,59,124
E01004487,4. Administrative and secretarial occupations,64,121,-57
E01004487,5. Skilled trades occupations,27,31,-4
E01004487,"6. Caring, leisure and other service occupations",44,43,1
E01004487,7. Sales and customer service occupations,33,42,-9
E01004487,"8. Process, plant and machine operatives",20,13,7
E01004487,9. Elementary occupations,46,30,16
E01004488,"1. Managers, directors and senior officials",187,113,74
E01004488,2. Professional occupations,260,277,-17
E01004488,3. Associate professional and technical occupations,148,60,88
E01004488,4. Administrative and secretarial occupations,46,71,-25
E01004488,5. Skilled trades occupations,20,34,-14
E01004488,"6. Caring, leisure and other service occupations",41,37,4
E01004488,7. Sales and customer service occupations,29,34,-5
E01004488,"8. Process, plant and machine operatives",15,12,3
E01004488,9. Elementary occupations,12,40,-28
E01004489,"1. Managers, directors and senior officials",179,130,49
E01004489,2. Professional occupations,244,215,29
E01004489,3. Associate professional and technical occupations,146,66,80
E01004489,4. Administrative and secretarial occupations,48,97,-49
E01004489,5. Skilled trades occupations,32,32,0
E01004489,"6. Caring, leisure and other service occupations",33,61,-28
E01004489,7. Sales and customer service occupations,22,37,-15
E01004489,"8. Process, plant and machine operatives",15,21,-6
E01004489,9. Elementary occupations,28,31,-3
E01004490,"1. Managers, directors and senior officials",253,170,83
E01004490,2. Professional occupations,317,279,38
E01004490,3. Associate professional and technical occupations,199,77,122
E01004490,4. Administrative and secretarial occupations,74,96,-22
E01004490,5. Skilled trades occupations,22,30,-8
E01004490,"6. Caring, leisure and other service occupations",46,40,6
E01004490,7. Sales and customer service occupations,24,39,-15
E01004490,"8. Process, plant and machine operatives",17,15,2
E01004490,9. Elementary occupations,29,32,-3
E01004491,"1. Managers, directors and senior officials",157,77,80
E01004491,2. Professional occupations,670,483,187
E01004491,3. Associate professional and technical occupations,205,61,144
E01004491,4. Administrative and secretarial occupations,85,102,-17
E01004491,5. Skilled trades occupations,50,50,0
E01004491,"6. Caring, leisure and other service occupations",141,122,19
E01004491,7. Sales and customer service occupations,46,50,-4
E01004491,"8. Process, plant and machine operatives",47,42,5
E01004491,9. Elementary occupations,55,64,-9
E01004492,"1. Managers, directors and senior officials",172,146,26
E01004492,2. Professional occupations,342,278,64
E01004492,3. Associate professional and technical occupations,217,82,135
E01004492,4. Administrative and secretarial occupations,77,122,-45
E01004492,5. Skilled trades occupations,51,64,-13
E01004492,"6. Caring, leisure and other service occupations",58,69,-11
E01004492,7. Sales and customer service occupations,39,57,-18
E01004492,"8. Process, plant and machine operatives",25,27,-2
E01004492,9. Elementary occupations,54,59,-5
E01004493,"1. Managers, directors and senior officials",241,182,59
E01004493,2. Professional occupations,385,305,80
E01004493,3. Associate professional and technical occupations,259,84,175
E01004493,4. Administrative and secretarial occupations,121,121,0
E01004493,5. Skilled trades occupations,36,53,-17
E01004493,"6. Caring, leisure and other service occupations",60,62,-2
E01004493,7. Sales and customer service occupations,37,44,-7
E01004493,"8. Process, plant and machine operatives",38,56,-18
E01004493,9. Elementary occupations,52,55,-3
E01004494,"1. Managers, directors and senior officials",187,158,29
E01004494,2. Professional occupations,348,266,82
E01004494,3. Associate professional and technical occupations,235,76,159
E01004494,4. Administrative and secretarial occupations,82,122,-40
E01004494,5. Skilled trades occupations,39,54,-15
E01004494,"6. Caring, leisure and other service occupations",75,46,29
E01004494,7. Sales and customer service occupations,56,59,-3
E01004494,"8. Process, plant and machine operatives",42,28,14
E01004494,9. Elementary occupations,57,56,1
E01004495,"1. Managers, directors and senior officials",109,92,17
E01004495,2. Professional occupations,215,191,24
E01004495,3. Associate professional and technical occupations,146,58,88
E01004495,4. Administrative and secretarial occupations,49,73,-24
E01004495,5. Skilled trades occupations,38,44,-6
E01004495,"6. Caring, leisure and other service occupations",88,73,15
E01004495,7. Sales and customer service occupations,65,55,10
E01004495,"8. Process, plant and machine operatives",43,36,7
E01004495,9. Elementary occupations,64,75,-11
E01004496,"1. Managers, directors and senior officials",319,247,72
E01004496,2. Professional occupations,508,441,67
E01004496,3. Associate professional and technical occupations,307,98,209
E01004496,4. Administrative and secretarial occupations,101,141,-40
E01004496,5. Skilled trades occupations,29,54,-25
E01004496,"6. Caring, leisure and other service occupations",36,65,-29
E01004496,7. Sales and customer service occupations,37,65,-28
E01004496,"8. Process, plant and machine operatives",13,24,-11
E01004496,9. Elementary occupations,20,50,-30
E01004497,"1. Managers, directors and senior officials",173,114,59
E01004497,2. Professional occupations,247,183,64
E01004497,3. Associate professional and technical occupations,157,50,107
E01004497,4. Administrative and secretarial occupations,47,94,-47
E01004497,5. Skilled trades occupations,38,39,-1
E01004497,"6. Caring, leisure and other service occupations",47,53,-6
E01004497,7. Sales and customer service occupations,23,33,-10
E01004497,"8. Process, plant and machine operatives",15,29,-14
E01004497,9. Elementary occupations,24,43,-19
E01004498,"1. Managers, directors and senior officials",289,196,93
E01004498,2. Professional occupations,415,356,59
E01004498,3. Associate professional and technical occupations,238,92,146
E01004498,4. Administrative and secretarial occupations,65,125,-60
E01004498,5. Skilled trades occupations,38,50,-12
E01004498,"6. Caring, leisure and other service occupations",33,41,-8
E01004498,7. Sales and customer service occupations,41,51,-10
E01004498,"8. Process, plant and machine operatives",7,14,-7
E01004498,9. Elementary occupations,21,39,-18
E01004499,"1. Managers, directors and senior officials",240,165,75
E01004499,2. Professional occupations,371,340,31
E01004499,3. Associate professional and technical occupations,223,58,165
E01004499,4. Administrative and secretarial occupations,57,100,-43
E01004499,5. Skilled trades occupations,14,37,-23
E01004499,"6. Caring, leisure and other service occupations",36,43,-7
E01004499,7. Sales and customer service occupations,37,54,-17
E01004499,"8. Process, plant and machine operatives",26,13,13
E01004499,9. Elementary occupations,33,27,6
E01004500,"1. Managers, directors and senior officials",220,137,83
E01004500,2. Professional occupations,499,354,145
E01004500,3. Associate professional and technical occupations,219,95,124
E01004500,4. Administrative and secretarial occupations,107,106,1
E01004500,5. Skilled trades occupations,50,34,16
E01004500,"6. Caring, leisure and other service occupations",57,41,16
E01004500,7. Sales and customer service occupations,52,54,-2
E01004500,"8. Process, plant and machine operatives",30,6,24
E01004500,9. Elementary occupations,66,40,26
E01004501,"1. Managers, directors and senior officials",132,119,13
E01004501,2. Professional occupations,283,259,24
E01004501,3. Associate professional and technical occupations,127,60,67
E01004501,4. Administrative and secretarial occupations,69,112,-43
E01004501,5. Skilled trades occupations,34,30,4
E01004501,"6. Caring, leisure and other service occupations",61,54,7
E01004501,7. Sales and customer service occupations,53,30,23
E01004501,"8. Process, plant and machine operatives",38,24,14
E01004501,9. Elementary occupations,34,69,-35
E01004502,"1. Managers, directors and senior officials",226,191,35
E01004502,2. Professional occupations,353,321,32
E01004502,3. Associate professional and technical occupations,199,57,142
E01004502,4. Administrative and secretarial occupations,77,90,-13
E01004502,5. Skilled trades occupations,29,41,-12
E01004502,"6. Caring, leisure and other service occupations",39,47,-8
E01004502,7. Sales and customer service occupations,40,36,4
E01004502,"8. Process, plant and machine operatives",14,12,2
E01004502,9. Elementary occupations,21,31,-10
E01004503,"1. Managers, directors and senior officials",219,164,55
E01004503,2. Professional occupations,350,301,49
E01004503,3. Associate professional and technical occupations,180,74,106
E01004503,4. Administrative and secretarial occupations,90,98,-8
E01004503,5. Skilled trades occupations,39,34,5
E01004503,"6. Caring, leisure and other service occupations",48,52,-4
E01004503,7. Sales and customer service occupations,35,34,1
E01004503,"8. Process, plant and machine operatives",19,27,-8
E01004503,9. Elementary occupations,55,43,12
E01004504,"1. Managers, directors and senior officials",211,178,33
E01004504,2. Professional occupations,261,252,9
E01004504,3. Associate professional and technical occupations,126,61,65
E01004504,4. Administrative and secretarial occupations,70,74,-4
E01004504,5. Skilled trades occupations,35,28,7
E01004504,"6. Caring, leisure and other service occupations",46,35,11
E01004504,7. Sales and customer service occupations,25,30,-5
E01004504,"8. Process, plant and machine operatives",27,26,1
E01004504,9. Elementary occupations,32,37,-5
E01004505,"1. Managers, directors and senior officials",200,161,39
E01004505,2. Professional occupations,349,334,15
E01004505,3. Associate professional and technical occupations,184,77,107
E01004505,4. Administrative and secretarial occupations,65,111,-46
E01004505,5. Skilled trades occupations,32,34,-2
E01004505,"6. Caring, leisure and other service occupations",49,37,12
E01004505,7. Sales and customer service occupations,18,32,-14
E01004505,"8. Process, plant and machine operatives",17,16,1
E01004505,9. Elementary occupations,42,25,17
E01004506,"1. Managers, directors and senior officials",320,217,103
E01004506,2. Professional occupations,541,432,109
E01004506,3. Associate professional and technical occupations,309,92,217
E01004506,4. Administrative and secretarial occupations,114,116,-2
E01004506,5. Skilled trades occupations,38,38,0
E01004506,"6. Caring, leisure and other service occupations",62,38,24
E01004506,7. Sales and customer service occupations,41,39,2
E01004506,"8. Process, plant and machine operatives",18,13,5
E01004506,9. Elementary occupations,53,26,27
E01004507,"1. Managers, directors and senior officials",390,198,192
E01004507,2. Professional occupations,660,445,215
E01004507,3. Associate professional and technical occupations,319,82,237
E01004507,4. Administrative and secretarial occupations,126,117,9
E01004507,5. Skilled trades occupations,49,40,9
E01004507,"6. Caring, leisure and other service occupations",74,59,15
E01004507,7. Sales and customer service occupations,48,49,-1
E01004507,"8. Process, plant and machine operatives",27,13,14
E01004507,9. Elementary occupations,44,37,7
E01004508,"1. Managers, directors and senior officials",313,258,55
E01004508,2. Professional occupations,508,438,70
E01004508,3. Associate professional and technical occupations,334,105,229
E01004508,4. Administrative and secretarial occupations,107,135,-28
E01004508,5. Skilled trades occupations,39,47,-8
E01004508,"6. Caring, leisure and other service occupations",39,50,-11
E01004508,7. Sales and customer service occupations,41,44,-3
E01004508,"8. Process, plant and machine operatives",26,12,14
E01004508,9. Elementary occupations,43,38,5
E01004510,"1. Managers, directors and senior officials",258,226,32
E01004510,2. Professional occupations,417,345,72
E01004510,3. Associate professional and technical occupations,241,96,145
E01004510,4. Administrative and secretarial occupations,84,187,-103
E01004510,5. Skilled trades occupations,57,48,9
E01004510,"6. Caring, leisure and other service occupations",59,67,-8
E01004510,7. Sales and customer service occupations,38,36,2
E01004510,"8. Process, plant and machine operatives",22,15,7
E01004510,9. Elementary occupations,51,42,9
E01004511,"1. Managers, directors and senior officials",229,178,51
E01004511,2. Professional occupations,401,394,7
E01004511,3. Associate professional and technical occupations,247,78,169
E01004511,4. Administrative and secretarial occupations,56,106,-50
E01004511,5. Skilled trades occupations,37,48,-11
E01004511,"6. Caring, leisure and other service occupations",47,47,0
E01004511,7. Sales and customer service occupations,37,46,-9
E01004511,"8. Process, plant and machine operatives",5,14,-9
E01004511,9. Elementary occupations,20,30,-10
E01004512,"1. Managers, directors and senior officials",211,167,44
E01004512,2. Professional occupations,259,236,23
E01004512,3. Associate professional and technical occupations,176,64,112
E01004512,4. Administrative and secretarial occupations,55,70,-15
E01004512,5. Skilled trades occupations,27,27,0
E01004512,"6. Caring, leisure and other service occupations",42,48,-6
E01004512,7. Sales and customer service occupations,26,31,-5
E01004512,"8. Process, plant and machine operatives",19,17,2
E01004512,9. Elementary occupations,27,24,3
E01004513,"1. Managers, directors and senior officials",183,134,49
E01004513,2. Professional occupations,342,284,58
E01004513,3. Associate professional and technical occupations,216,68,148
E01004513,4. Administrative and secretarial occupations,98,145,-47
E01004513,5. Skilled trades occupations,59,58,1
E01004513,"6. Caring, leisure and other service occupations",75,79,-4
E01004513,7. Sales and customer service occupations,61,61,0
E01004513,"8. Process, plant and machine operatives",36,31,5
E01004513,9. Elementary occupations,106,92,14
E01004514,"1. Managers, directors and senior officials",296,212,84
E01004514,2. Professional occupations,362,318,44
E01004514,3. Associate professional and technical occupations,276,89,187
E01004514,4. Administrative and secretarial occupations,85,87,-2
E01004514,5. Skilled trades occupations,26,41,-15
E01004514,"6. Caring, leisure and other service occupations",46,55,-9
E01004514,7. Sales and customer service occupations,32,35,-3
E01004514,"8. Process, plant and machine operatives",14,10,4
E01004514,9. Elementary occupations,35,42,-7
E01004515,"1. Managers, directors and senior officials",164,133,31
E01004515,2. Professional occupations,436,354,82
E01004515,3. Associate professional and technical occupations,221,82,139
E01004515,4. Administrative and secretarial occupations,74,113,-39
E01004515,5. Skilled trades occupations,44,39,5
E01004515,"6. Caring, leisure and other service occupations",98,75,23
E01004515,7. Sales and customer service occupations,36,54,-18
E01004515,"8. Process, plant and machine operatives",32,26,6
E01004515,9. Elementary occupations,51,46,5
E01004516,"1. Managers, directors and senior officials",136,113,23
E01004516,2. Professional occupations,240,225,15
E01004516,3. Associate professional and technical occupations,151,54,97
E01004516,4. Administrative and secretarial occupations,54,84,-30
E01004516,5. Skilled trades occupations,44,47,-3
E01004516,"6. Caring, leisure and other service occupations",46,64,-18
E01004516,7. Sales and customer service occupations,33,63,-30
E01004516,"8. Process, plant and machine operatives",33,30,3
E01004516,9. Elementary occupations,38,53,-15
E01004517,"1. Managers, directors and senior officials",204,113,91
E01004517,2. Professional occupations,338,217,121
E01004517,3. Associate professional and technical occupations,252,69,183
E01004517,4. Administrative and secretarial occupations,87,122,-35
E01004517,5. Skilled trades occupations,101,106,-5
E01004517,"6. Caring, leisure and other service occupations",84,107,-23
E01004517,7. Sales and customer service occupations,67,68,-1
E01004517,"8. Process, plant and machine operatives",47,28,19
E01004517,9. Elementary occupations,148,118,30
E01004518,"1. Managers, directors and senior officials",142,107,35
E01004518,2. Professional occupations,274,251,23
E01004518,3. Associate professional and technical occupations,175,52,123
E01004518,4. Administrative and secretarial occupations,74,92,-18
E01004518,5. Skilled trades occupations,46,62,-16
E01004518,"6. Caring, leisure and other service occupations",50,62,-12
E01004518,7. Sales and customer service occupations,40,57,-17
E01004518,"8. Process, plant and machine operatives",26,35,-9
E01004518,9. Elementary occupations,86,67,19
E01004519,"1. Managers, directors and senior officials",114,97,17
E01004519,2. Professional occupations,277,194,83
E01004519,3. Associate professional and technical occupations,152,38,114
E01004519,4. Administrative and secretarial occupations,58,96,-38
E01004519,5. Skilled trades occupations,45,90,-45
E01004519,"6. Caring, leisure and other service occupations",64,70,-6
E01004519,7. Sales and customer service occupations,60,62,-2
E01004519,"8. Process, plant and machine operatives",45,42,3
E01004519,9. Elementary occupations,77,77,0
E01004520,"1. Managers, directors and senior officials",84,59,25
E01004520,2. Professional occupations,181,125,56
E01004520,3. Associate professional and technical occupations,117,27,90
E01004520,4. Administrative and secretarial occupations,47,83,-36
E01004520,5. Skilled trades occupations,44,49,-5
E01004520,"6. Caring, leisure and other service occupations",60,57,3
E01004520,7. Sales and customer service occupations,53,75,-22
E01004520,"8. Process, plant and machine operatives",37,25,12
E01004520,9. Elementary occupations,52,54,-2
E01004521,"1. Managers, directors and senior officials",160,114,46
E01004521,2. Professional occupations,319,226,93
E01004521,3. Associate professional and technical occupations,193,79,114
E01004521,4. Administrative and secretarial occupations,69,113,-44
E01004521,5. Skilled trades occupations,78,65,13
E01004521,"6. Caring, leisure and other service occupations",89,82,7
E01004521,7. Sales and customer service occupations,59,57,2
E01004521,"8. Process, plant and machine operatives",42,51,-9
E01004521,9. Elementary occupations,82,68,14
E01004522,"1. Managers, directors and senior officials",147,85,62
E01004522,2. Professional occupations,235,165,70
E01004522,3. Associate professional and technical occupations,154,64,90
E01004522,4. Administrative and secretarial occupations,67,82,-15
E01004522,5. Skilled trades occupations,96,102,-6
E01004522,"6. Caring, leisure and other service occupations",69,68,1
E01004522,7. Sales and customer service occupations,40,75,-35
E01004522,"8. Process, plant and machine operatives",40,31,9
E01004522,9. Elementary occupations,92,83,9
E01004523,"1. Managers, directors and senior officials",144,99,45
E01004523,2. Professional occupations,254,203,51
E01004523,3. Associate professional and technical occupations,159,57,102
E01004523,4. Administrative and secretarial occupations,53,88,-35
E01004523,5. Skilled trades occupations,57,60,-3
E01004523,"6. Caring, leisure and other service occupations",49,66,-17
E01004523,7. Sales and customer service occupations,33,49,-16
E01004523,"8. Process, plant and machine operatives",19,28,-9
E01004523,9. Elementary occupations,58,42,16
E01004524,"1. Managers, directors and senior officials",67,63,4
E01004524,2. Professional occupations,168,110,58
E01004524,3. Associate professional and technical occupations,108,30,78
E01004524,4. Administrative and secretarial occupations,60,87,-27
E01004524,5. Skilled trades occupations,62,72,-10
E01004524,"6. Caring, leisure and other service occupations",102,66,36
E01004524,7. Sales and customer service occupations,81,58,23
E01004524,"8. Process, plant and machine operatives",40,41,-1
E01004524,9. Elementary occupations,114,93,21
E01004525,"1. Managers, directors and senior officials",136,97,39
E01004525,2. Professional occupations,333,209,124
E01004525,3. Associate professional and technical occupations,230,57,173
E01004525,4. Administrative and secretarial occupations,73,95,-22
E01004525,5. Skilled trades occupations,45,109,-64
E01004525,"6. Caring, leisure and other service occupations",71,67,4
E01004525,7. Sales and customer service occupations,94,82,12
E01004525,"8. Process, plant and machine operatives",46,43,3
E01004525,9. Elementary occupations,111,116,-5
E01004526,"1. Managers, directors and senior officials",147,94,53
E01004526,2. Professional occupations,334,222,112
E01004526,3. Associate professional and technical occupations,201,48,153
E01004526,4. Administrative and secretarial occupations,71,82,-11
E01004526,5. Skilled trades occupations,59,93,-34
E01004526,"6. Caring, leisure and other service occupations",53,69,-16
E01004526,7. Sales and customer service occupations,68,75,-7
E01004526,"8. Process, plant and machine operatives",51,48,3
E01004526,9. Elementary occupations,62,74,-12
E01004527,"1. Managers, directors and senior officials",135,97,38
E01004527,2. Professional occupations,320,196,124
E01004527,3. Associate professional and technical occupations,188,43,145
E01004527,4. Administrative and secretarial occupations,69,90,-21
E01004527,5. Skilled trades occupations,44,79,-35
E01004527,"6. Caring, leisure and other service occupations",46,70,-24
E01004527,7. Sales and customer service occupations,37,52,-15
E01004527,"8. Process, plant and machine operatives",23,36,-13
E01004527,9. Elementary occupations,58,76,-18
E01004528,"1. Managers, directors and senior officials",82,75,7
E01004528,2. Professional occupations,202,184,18
E01004528,3. Associate professional and technical occupations,147,41,106
E01004528,4. Administrative and secretarial occupations,63,68,-5
E01004528,5. Skilled trades occupations,59,58,1
E01004528,"6. Caring, leisure and other service occupations",91,77,14
E01004528,7. Sales and customer service occupations,52,45,7
E01004528,"8. Process, plant and machine operatives",48,37,11
E01004528,9. Elementary occupations,68,69,-1
E01004529,"1. Managers, directors and senior officials",200,144,56
E01004529,2. Professional occupations,422,314,108
E01004529,3. Associate professional and technical occupations,262,93,169
E01004529,4. Administrative and secretarial occupations,98,147,-49
E01004529,5. Skilled trades occupations,81,110,-29
E01004529,"6. Caring, leisure and other service occupations",89,74,15
E01004529,7. Sales and customer service occupations,60,92,-32
E01004529,"8. Process, plant and machine operatives",34,42,-8
E01004529,9. Elementary occupations,92,104,-12
E01004530,"1. Managers, directors and senior officials",182,109,73
E01004530,2. Professional occupations,325,266,59
E01004530,3. Associate professional and technical occupations,234,73,161
E01004530,4. Administrative and secretarial occupations,83,115,-32
E01004530,5. Skilled trades occupations,49,74,-25
E01004530,"6. Caring, leisure and other service occupations",57,78,-21
E01004530,7. Sales and customer service occupations,47,64,-17
E01004530,"8. Process, plant and machine operatives",27,37,-10
E01004530,9. Elementary occupations,63,92,-29
E01004531,"1. Managers, directors and senior officials",146,82,64
E01004531,2. Professional occupations,275,204,71
E01004531,3. Associate professional and technical occupations,181,40,141
E01004531,4. Administrative and secretarial occupations,83,112,-29
E01004531,5. Skilled trades occupations,32,42,-10
E01004531,"6. Caring, leisure and other service occupations",54,86,-32
E01004531,7. Sales and customer service occupations,51,58,-7
E01004531,"8. Process, plant and machine operatives",36,34,2
E01004531,9. Elementary occupations,69,66,3
E01004532,"1. Managers, directors and senior officials",160,86,74
E01004532,2. Professional occupations,319,255,64
E01004532,3. Associate professional and technical occupations,156,59,97
E01004532,4. Administrative and secretarial occupations,43,82,-39
E01004532,5. Skilled trades occupations,38,34,4
E01004532,"6. Caring, leisure and other service occupations",39,62,-23
E01004532,7. Sales and customer service occupations,35,47,-12
E01004532,"8. Process, plant and machine operatives",13,23,-10
E01004532,9. Elementary occupations,39,50,-11
E01004533,"1. Managers, directors and senior officials",105,74,31
E01004533,2. Professional occupations,291,165,126
E01004533,3. Associate professional and technical occupations,131,34,97
E01004533,4. Administrative and secretarial occupations,76,88,-12
E01004533,5. Skilled trades occupations,41,44,-3
E01004533,"6. Caring, leisure and other service occupations",58,49,9
E01004533,7. Sales and customer service occupations,35,58,-23
E01004533,"8. Process, plant and machine operatives",26,31,-5
E01004533,9. Elementary occupations,51,58,-7
E01004534,"1. Managers, directors and senior officials",242,218,24
E01004534,2. Professional occupations,466,376,90
E01004534,3. Associate professional and technical occupations,305,93,212
E01004534,4. Administrative and secretarial occupations,78,131,-53
E01004534,5. Skilled trades occupations,41,47,-6
E01004534,"6. Caring, leisure and other service occupations",51,62,-11
E01004534,7. Sales and customer service occupations,44,46,-2
E01004534,"8. Process, plant and machine operatives",18,19,-1
E01004534,9. Elementary occupations,30,34,-4
E01004535,"1. Managers, directors and senior officials",70,45,25
E01004535,2. Professional occupations,90,102,-12
E01004535,3. Associate professional and technical occupations,75,29,46
E01004535,4. Administrative and secretarial occupations,54,85,-31
E01004535,5. Skilled trades occupations,50,55,-5
E01004535,"6. Caring, leisure and other service occupations",101,90,11
E01004535,7. Sales and customer service occupations,77,78,-1
E01004535,"8. Process, plant and machine operatives",62,38,24
E01004535,9. Elementary occupations,116,125,-9
E01004536,"1. Managers, directors and senior officials",166,132,34
E01004536,2. Professional occupations,337,338,-1
E01004536,3. Associate professional and technical occupations,220,85,135
E01004536,4. Administrative and secretarial occupations,89,132,-43
E01004536,5. Skilled trades occupations,54,71,-17
E01004536,"6. Caring, leisure and other service occupations",125,90,35
E01004536,7. Sales and customer service occupations,78,68,10
E01004536,"8. Process, plant and machine operatives",45,30,15
E01004536,9. Elementary occupations,106,81,25
E01004537,"1. Managers, directors and senior officials",115,64,51
E01004537,2. Professional occupations,299,162,137
E01004537,3. Associate professional and technical occupations,217,62,155
E01004537,4. Administrative and secretarial occupations,83,110,-27
E01004537,5. Skilled trades occupations,53,52,1
E01004537,"6. Caring, leisure and other service occupations",137,108,29
E01004537,7. Sales and customer service occupations,63,82,-19
E01004537,"8. Process, plant and machine operatives",41,27,14
E01004537,9. Elementary occupations,114,121,-7
E01004538,"1. Managers, directors and senior officials",197,92,105
E01004538,2. Professional occupations,373,206,167
E01004538,3. Associate professional and technical occupations,238,69,169
E01004538,4. Administrative and secretarial occupations,131,127,4
E01004538,5. Skilled trades occupations,65,77,-12
E01004538,"6. Caring, leisure and other service occupations",134,106,28
E01004538,7. Sales and customer service occupations,63,63,0
E01004538,"8. Process, plant and machine operatives",68,51,17
E01004538,9. Elementary occupations,106,129,-23
E01004539,"1. Managers, directors and senior officials",82,69,13
E01004539,2. Professional occupations,187,136,51
E01004539,3. Associate professional and technical occupations,128,38,90
E01004539,4. Administrative and secretarial occupations,79,108,-29
E01004539,5. Skilled trades occupations,73,84,-11
E01004539,"6. Caring, leisure and other service occupations",155,103,52
E01004539,7. Sales and customer service occupations,96,80,16
E01004539,"8. Process, plant and machine operatives",57,47,10
E01004539,9. Elementary occupations,116,167,-51
E01004540,"1. Managers, directors and senior officials",210,161,49
E01004540,2. Professional occupations,379,261,118
E01004540,3. Associate professional and technical occupations,262,79,183
E01004540,4. Administrative and secretarial occupations,107,118,-11
E01004540,5. Skilled trades occupations,57,56,1
E01004540,"6. Caring, leisure and other service occupations",96,100,-4
E01004540,7. Sales and customer service occupations,83,75,8
E01004540,"8. Process, plant and machine operatives",63,24,39
E01004540,9. Elementary occupations,75,96,-21
E01004541,"1. Managers, directors and senior officials",99,55,44
E01004541,2. Professional occupations,180,151,29
E01004541,3. Associate professional and technical occupations,125,34,91
E01004541,4. Administrative and secretarial occupations,73,104,-31
E01004541,5. Skilled trades occupations,46,44,2
E01004541,"6. Caring, leisure and other service occupations",63,86,-23
E01004541,7. Sales and customer service occupations,54,68,-14
E01004541,"8. Process, plant and machine operatives",47,34,13
E01004541,9. Elementary occupations,98,85,13
E01004542,"1. Managers, directors and senior officials",212,169,43
E01004542,2. Professional occupations,358,329,29
E01004542,3. Associate professional and technical occupations,216,64,152
E01004542,4. Administrative and secretarial occupations,42,90,-48
E01004542,5. Skilled trades occupations,14,25,-11
E01004542,"6. Caring, leisure and other service occupations",29,47,-18
E01004542,7. Sales and customer service occupations,27,18,9
E01004542,"8. Process, plant and machine operatives",9,10,-1
E01004542,9. Elementary occupations,28,19,9
E01004543,"1. Managers, directors and senior officials",249,195,54
E01004543,2. Professional occupations,436,338,98
E01004543,3. Associate professional and technical occupations,227,75,152
E01004543,4. Administrative and secretarial occupations,55,91,-36
E01004543,5. Skilled trades occupations,20,27,-7
E01004543,"6. Caring, leisure and other service occupations",49,51,-2
E01004543,7. Sales and customer service occupations,26,39,-13
E01004543,"8. Process, plant and machine operatives",8,14,-6
E01004543,9. Elementary occupations,23,28,-5
E01004544,"1. Managers, directors and senior officials",214,160,54
E01004544,2. Professional occupations,326,290,36
E01004544,3. Associate professional and technical occupations,194,58,136
E01004544,4. Administrative and secretarial occupations,60,70,-10
E01004544,5. Skilled trades occupations,16,31,-15
E01004544,"6. Caring, leisure and other service occupations",33,43,-10
E01004544,7. Sales and customer service occupations,25,24,1
E01004544,"8. Process, plant and machine operatives",6,5,1
E01004544,9. Elementary occupations,9,29,-20
E01004545,"1. Managers, directors and senior officials",244,150,94
E01004545,2. Professional occupations,600,414,186
E01004545,3. Associate professional and technical occupations,395,89,306
E01004545,4. Administrative and secretarial occupations,107,121,-14
E01004545,5. Skilled trades occupations,43,30,13
E01004545,"6. Caring, leisure and other service occupations",46,42,4
E01004545,7. Sales and customer service occupations,44,44,0
E01004545,"8. Process, plant and machine operatives",23,12,11
E01004545,9. Elementary occupations,32,34,-2
E01004546,"1. Managers, directors and senior officials",213,158,55
E01004546,2. Professional occupations,387,327,60
E01004546,3. Associate professional and technical occupations,223,99,124
E01004546,4. Administrative and secretarial occupations,51,82,-31
E01004546,5. Skilled trades occupations,18,36,-18
E01004546,"6. Caring, leisure and other service occupations",32,36,-4
E01004546,7. Sales and customer service occupations,23,35,-12
E01004546,"8. Process, plant and machine operatives",7,12,-5
E01004546,9. Elementary occupations,23,18,5
E01004547,"1. Managers, directors and senior officials",163,120,43
E01004547,2. Professional occupations,273,216,57
E01004547,3. Associate professional and technical occupations,140,39,101
E01004547,4. Administrative and secretarial occupations,70,72,-2
E01004547,5. Skilled trades occupations,29,35,-6
E01004547,"6. Caring, leisure and other service occupations",40,47,-7
E01004547,7. Sales and customer service occupations,23,31,-8
E01004547,"8. Process, plant and machine operatives",23,11,12
E01004547,9. Elementary occupations,21,44,-23
E01004548,"1. Managers, directors and senior officials",212,180,32
E01004548,2. Professional occupations,464,345,119
E01004548,3. Associate professional and technical occupations,276,103,173
E01004548,4. Administrative and secretarial occupations,111,150,-39
E01004548,5. Skilled trades occupations,50,58,-8
E01004548,"6. Caring, leisure and other service occupations",74,73,1
E01004548,7. Sales and customer service occupations,60,69,-9
E01004548,"8. Process, plant and machine operatives",23,23,0
E01004548,9. Elementary occupations,51,56,-5
E01004549,"1. Managers, directors and senior officials",233,131,102
E01004549,2. Professional occupations,315,262,53
E01004549,3. Associate professional and technical occupations,199,53,146
E01004549,4. Administrative and secretarial occupations,72,114,-42
E01004549,5. Skilled trades occupations,21,57,-36
E01004549,"6. Caring, leisure and other service occupations",37,39,-2
E01004549,7. Sales and customer service occupations,17,39,-22
E01004549,"8. Process, plant and machine operatives",18,20,-2
E01004549,9. Elementary occupations,32,46,-14
E01004550,"1. Managers, directors and senior officials",161,142,19
E01004550,2. Professional occupations,256,221,35
E01004550,3. Associate professional and technical occupations,124,44,80
E01004550,4. Administrative and secretarial occupations,38,64,-26
E01004550,5. Skilled trades occupations,21,20,1
E01004550,"6. Caring, leisure and other service occupations",24,38,-14
E01004550,7. Sales and customer service occupations,18,20,-2
E01004550,"8. Process, plant and machine operatives",9,10,-1
E01004550,9. Elementary occupations,20,34,-14
E01004551,"1. Managers, directors and senior officials",188,157,31
E01004551,2. Professional occupations,411,355,56
E01004551,3. Associate professional and technical occupations,252,93,159
E01004551,4. Administrative and secretarial occupations,65,131,-66
E01004551,5. Skilled trades occupations,35,50,-15
E01004551,"6. Caring, leisure and other service occupations",59,78,-19
E01004551,7. Sales and customer service occupations,37,72,-35
E01004551,"8. Process, plant and machine operatives",17,20,-3
E01004551,9. Elementary occupations,39,64,-25
E01004552,"1. Managers, directors and senior officials",309,248,61
E01004552,2. Professional occupations,594,530,64
E01004552,3. Associate professional and technical occupations,360,114,246
E01004552,4. Administrative and secretarial occupations,108,140,-32
E01004552,5. Skilled trades occupations,40,38,2
E01004552,"6. Caring, leisure and other service occupations",33,50,-17
E01004552,7. Sales and customer service occupations,39,36,3
E01004552,"8. Process, plant and machine operatives",13,13,0
E01004552,9. Elementary occupations,32,31,1
E01004553,"1. Managers, directors and senior officials",251,194,57
E01004553,2. Professional occupations,464,366,98
E01004553,3. Associate professional and technical occupations,252,88,164
E01004553,4. Administrative and secretarial occupations,82,84,-2
E01004553,5. Skilled trades occupations,25,41,-16
E01004553,"6. Caring, leisure and other service occupations",39,37,2
E01004553,7. Sales and customer service occupations,33,31,2
E01004553,"8. Process, plant and machine operatives",17,13,4
E01004553,9. Elementary occupations,25,27,-2
E01004554,"1. Managers, directors and senior officials",280,226,54
E01004554,2. Professional occupations,360,335,25
E01004554,3. Associate professional and technical occupations,234,51,183
E01004554,4. Administrative and secretarial occupations,66,75,-9
E01004554,5. Skilled trades occupations,25,20,5
E01004554,"6. Caring, leisure and other service occupations",22,28,-6
E01004554,7. Sales and customer service occupations,25,28,-3
E01004554,"8. Process, plant and machine operatives",12,14,-2
E01004554,9. Elementary occupations,12,17,-5
E01004555,"1. Managers, directors and senior officials",254,207,47
E01004555,2. Professional occupations,341,287,54
E01004555,3. Associate professional and technical occupations,196,55,141
E01004555,4. Administrative and secretarial occupations,38,53,-15
E01004555,5. Skilled trades occupations,13,30,-17
E01004555,"6. Caring, leisure and other service occupations",33,25,8
E01004555,7. Sales and customer service occupations,21,16,5
E01004555,"8. Process, plant and machine operatives",9,8,1
E01004555,9. Elementary occupations,14,16,-2
E01004556,"1. Managers, directors and senior officials",260,211,49
E01004556,2. Professional occupations,329,305,24
E01004556,3. Associate professional and technical occupations,167,58,109
E01004556,4. Administrative and secretarial occupations,56,62,-6
E01004556,5. Skilled trades occupations,19,21,-2
E01004556,"6. Caring, leisure and other service occupations",19,23,-4
E01004556,7. Sales and customer service occupations,15,20,-5
E01004556,"8. Process, plant and machine operatives",3,6,-3
E01004556,9. Elementary occupations,13,15,-2
E01004557,"1. Managers, directors and senior officials",221,166,55
E01004557,2. Professional occupations,331,272,59
E01004557,3. Associate professional and technical occupations,177,59,118
E01004557,4. Administrative and secretarial occupations,74,95,-21
E01004557,5. Skilled trades occupations,18,32,-14
E01004557,"6. Caring, leisure and other service occupations",37,30,7
E01004557,7. Sales and customer service occupations,30,24,6
E01004557,"8. Process, plant and machine operatives",19,12,7
E01004557,9. Elementary occupations,28,28,0
E01004558,"1. Managers, directors and senior officials",259,218,41
E01004558,2. Professional occupations,378,327,51
E01004558,3. Associate professional and technical occupations,199,69,130
E01004558,4. Administrative and secretarial occupations,62,73,-11
E01004558,5. Skilled trades occupations,30,29,1
E01004558,"6. Caring, leisure and other service occupations",44,33,11
E01004558,7. Sales and customer service occupations,20,24,-4
E01004558,"8. Process, plant and machine operatives",12,14,-2
E01004558,9. Elementary occupations,23,20,3
E01004559,"1. Managers, directors and senior officials",214,157,57
E01004559,2. Professional occupations,248,249,-1
E01004559,3. Associate professional and technical occupations,150,38,112
E01004559,4. Administrative and secretarial occupations,42,59,-17
E01004559,5. Skilled trades occupations,17,16,1
E01004559,"6. Caring, leisure and other service occupations",33,40,-7
E01004559,7. Sales and customer service occupations,12,10,2
E01004559,"8. Process, plant and machine operatives",11,5,6
E01004559,9. Elementary occupations,26,14,12
E01004560,"1. Managers, directors and senior officials",265,241,24
E01004560,2. Professional occupations,349,337,12
E01004560,3. Associate professional and technical occupations,252,89,163
E01004560,4. Administrative and secretarial occupations,56,113,-57
E01004560,5. Skilled trades occupations,50,57,-7
E01004560,"6. Caring, leisure and other service occupations",81,55,26
E01004560,7. Sales and customer service occupations,54,66,-12
E01004560,"8. Process, plant and machine operatives",18,23,-5
E01004560,9. Elementary occupations,60,71,-11
E01004563,"1. Managers, directors and senior officials",126,120,6
E01004563,2. Professional occupations,231,160,71
E01004563,3. Associate professional and technical occupations,165,49,116
E01004563,4. Administrative and secretarial occupations,77,89,-12
E01004563,5. Skilled trades occupations,86,75,11
E01004563,"6. Caring, leisure and other service occupations",138,95,43
E01004563,7. Sales and customer service occupations,100,86,14
E01004563,"8. Process, plant and machine operatives",59,53,6
E01004563,9. Elementary occupations,152,172,-20
E01004564,"1. Managers, directors and senior officials",181,170,11
E01004564,2. Professional occupations,426,382,44
E01004564,3. Associate professional and technical occupations,281,90,191
E01004564,4. Administrative and secretarial occupations,82,162,-80
E01004564,5. Skilled trades occupations,45,64,-19
E01004564,"6. Caring, leisure and other service occupations",78,76,2
E01004564,7. Sales and customer service occupations,53,73,-20
E01004564,"8. Process, plant and machine operatives",19,33,-14
E01004564,9. Elementary occupations,76,88,-12
E01004565,"1. Managers, directors and senior officials",179,133,46
E01004565,2. Professional occupations,383,259,124
E01004565,3. Associate professional and technical occupations,257,68,189
E01004565,4. Administrative and secretarial occupations,70,100,-30
E01004565,5. Skilled trades occupations,38,31,7
E01004565,"6. Caring, leisure and other service occupations",61,43,18
E01004565,7. Sales and customer service occupations,40,50,-10
E01004565,"8. Process, plant and machine operatives",38,19,19
E01004565,9. Elementary occupations,34,55,-21
E01004566,"1. Managers, directors and senior officials",241,175,66
E01004566,2. Professional occupations,363,327,36
E01004566,3. Associate professional and technical occupations,219,78,141
E01004566,4. Administrative and secretarial occupations,64,90,-26
E01004566,5. Skilled trades occupations,38,34,4
E01004566,"6. Caring, leisure and other service occupations",80,35,45
E01004566,7. Sales and customer service occupations,39,28,11
E01004566,"8. Process, plant and machine operatives",28,8,20
E01004566,9. Elementary occupations,30,30,0
E01004567,"1. Managers, directors and senior officials",141,95,46
E01004567,2. Professional occupations,229,194,35
E01004567,3. Associate professional and technical occupations,180,62,118
E01004567,4. Administrative and secretarial occupations,80,125,-45
E01004567,5. Skilled trades occupations,88,80,8
E01004567,"6. Caring, leisure and other service occupations",138,124,14
E01004567,7. Sales and customer service occupations,97,108,-11
E01004567,"8. Process, plant and machine operatives",62,43,19
E01004567,9. Elementary occupations,138,182,-44
E01004568,"1. Managers, directors and senior officials",34,29,5
E01004568,2. Professional occupations,62,65,-3
E01004568,3. Associate professional and technical occupations,48,37,11
E01004568,4. Administrative and secretarial occupations,42,55,-13
E01004568,5. Skilled trades occupations,62,48,14
E01004568,"6. Caring, leisure and other service occupations",70,77,-7
E01004568,7. Sales and customer service occupations,65,92,-27
E01004568,"8. Process, plant and machine operatives",48,31,17
E01004568,9. Elementary occupations,91,139,-48
E01004569,"1. Managers, directors and senior officials",114,91,23
E01004569,2. Professional occupations,168,154,14
E01004569,3. Associate professional and technical occupations,133,67,66
E01004569,4. Administrative and secretarial occupations,56,87,-31
E01004569,5. Skilled trades occupations,72,66,6
E01004569,"6. Caring, leisure and other service occupations",104,101,3
E01004569,7. Sales and customer service occupations,90,147,-57
E01004569,"8. Process, plant and machine operatives",67,48,19
E01004569,9. Elementary occupations,139,174,-35
E01004570,"1. Managers, directors and senior officials",47,47,0
E01004570,2. Professional occupations,106,67,39
E01004570,3. Associate professional and technical occupations,76,26,50
E01004570,4. Administrative and secretarial occupations,61,66,-5
E01004570,5. Skilled trades occupations,98,74,24
E01004570,"6. Caring, leisure and other service occupations",111,113,-2
E01004570,7. Sales and customer service occupations,101,169,-68
E01004570,"8. Process, plant and machine operatives",77,48,29
E01004570,9. Elementary occupations,157,147,10
E01004571,"1. Managers, directors and senior officials",71,61,10
E01004571,2. Professional occupations,158,111,47
E01004571,3. Associate professional and technical occupations,91,42,49
E01004571,4. Administrative and secretarial occupations,62,77,-15
E01004571,5. Skilled trades occupations,89,109,-20
E01004571,"6. Caring, leisure and other service occupations",117,126,-9
E01004571,7. Sales and customer service occupations,74,110,-36
E01004571,"8. Process, plant and machine operatives",77,61,16
E01004571,9. Elementary occupations,138,174,-36
E01004572,"1. Managers, directors and senior officials",161,124,37
E01004572,2. Professional occupations,155,133,22
E01004572,3. Associate professional and technical occupations,109,40,69
E01004572,4. Administrative and secretarial occupations,52,63,-11
E01004572,5. Skilled trades occupations,61,43,18
E01004572,"6. Caring, leisure and other service occupations",91,68,23
E01004572,7. Sales and customer service occupations,31,46,-15
E01004572,"8. Process, plant and machine operatives",45,19,26
E01004572,9. Elementary occupations,98,71,27
E01004573,"1. Managers, directors and senior officials",102,97,5
E01004573,2. Professional occupations,153,113,40
E01004573,3. Associate professional and technical occupations,118,43,75
E01004573,4. Administrative and secretarial occupations,60,65,-5
E01004573,5. Skilled trades occupations,102,96,6
E01004573,"6. Caring, leisure and other service occupations",95,78,17
E01004573,7. Sales and customer service occupations,67,70,-3
E01004573,"8. Process, plant and machine operatives",46,57,-11
E01004573,9. Elementary occupations,134,110,24
E01004574,"1. Managers, directors and senior officials",73,32,41
E01004574,2. Professional occupations,87,80,7
E01004574,3. Associate professional and technical occupations,98,22,76
E01004574,4. Administrative and secretarial occupations,51,56,-5
E01004574,5. Skilled trades occupations,63,78,-15
E01004574,"6. Caring, leisure and other service occupations",138,112,26
E01004574,7. Sales and customer service occupations,103,80,23
E01004574,"8. Process, plant and machine operatives",55,35,20
E01004574,9. Elementary occupations,143,137,6
E01004575,"1. Managers, directors and senior officials",83,71,12
E01004575,2. Professional occupations,105,115,-10
E01004575,3. Associate professional and technical occupations,106,28,78
E01004575,4. Administrative and secretarial occupations,67,75,-8
E01004575,5. Skilled trades occupations,49,77,-28
E01004575,"6. Caring, leisure and other service occupations",74,95,-21
E01004575,7. Sales and customer service occupations,83,104,-21
E01004575,"8. Process, plant and machine operatives",41,43,-2
E01004575,9. Elementary occupations,113,133,-20
E01004576,"1. Managers, directors and senior officials",107,92,15
E01004576,2. Professional occupations,113,80,33
E01004576,3. Associate professional and technical occupations,70,38,32
E01004576,4. Administrative and secretarial occupations,51,62,-11
E01004576,5. Skilled trades occupations,53,70,-17
E01004576,"6. Caring, leisure and other service occupations",81,82,-1
E01004576,7. Sales and customer service occupations,41,65,-24
E01004576,"8. Process, plant and machine operatives",59,41,18
E01004576,9. Elementary occupations,100,111,-11
E01004577,"1. Managers, directors and senior officials",208,163,45
E01004577,2. Professional occupations,343,300,43
E01004577,3. Associate professional and technical occupations,232,77,155
E01004577,4. Administrative and secretarial occupations,74,111,-37
E01004577,5. Skilled trades occupations,45,43,2
E01004577,"6. Caring, leisure and other service occupations",52,64,-12
E01004577,7. Sales and customer service occupations,40,64,-24
E01004577,"8. Process, plant and machine operatives",15,35,-20
E01004577,9. Elementary occupations,66,76,-10
E01004579,"1. Managers, directors and senior officials",224,159,65
E01004579,2. Professional occupations,320,215,105
E01004579,3. Associate professional and technical occupations,220,63,157
E01004579,4. Administrative and secretarial occupations,81,105,-24
E01004579,5. Skilled trades occupations,47,39,8
E01004579,"6. Caring, leisure and other service occupations",75,54,21
E01004579,7. Sales and customer service occupations,40,43,-3
E01004579,"8. Process, plant and machine operatives",28,24,4
E01004579,9. Elementary occupations,44,37,7
E01004580,"1. Managers, directors and senior officials",214,177,37
E01004580,2. Professional occupations,408,327,81
E01004580,3. Associate professional and technical occupations,266,92,174
E01004580,4. Administrative and secretarial occupations,95,129,-34
E01004580,5. Skilled trades occupations,59,80,-21
E01004580,"6. Caring, leisure and other service occupations",74,81,-7
E01004580,7. Sales and customer service occupations,65,62,3
E01004580,"8. Process, plant and machine operatives",37,37,0
E01004580,9. Elementary occupations,71,114,-43
E01004581,"1. Managers, directors and senior officials",196,152,44
E01004581,2. Professional occupations,336,293,43
E01004581,3. Associate professional and technical occupations,207,86,121
E01004581,4. Administrative and secretarial occupations,69,121,-52
E01004581,5. Skilled trades occupations,62,50,12
E01004581,"6. Caring, leisure and other service occupations",67,66,1
E01004581,7. Sales and customer service occupations,48,60,-12
E01004581,"8. Process, plant and machine operatives",22,26,-4
E01004581,9. Elementary occupations,69,76,-7
E01004582,"1. Managers, directors and senior officials",274,263,11
E01004582,2. Professional occupations,410,314,96
E01004582,3. Associate professional and technical occupations,189,66,123
E01004582,4. Administrative and secretarial occupations,64,116,-52
E01004582,5. Skilled trades occupations,41,74,-33
E01004582,"6. Caring, leisure and other service occupations",75,65,10
E01004582,7. Sales and customer service occupations,36,54,-18
E01004582,"8. Process, plant and machine operatives",37,25,12
E01004582,9. Elementary occupations,56,74,-18
E01004583,"1. Managers, directors and senior officials",189,181,8
E01004583,2. Professional occupations,271,251,20
E01004583,3. Associate professional and technical occupations,177,83,94
E01004583,4. Administrative and secretarial occupations,62,93,-31
E01004583,5. Skilled trades occupations,34,34,0
E01004583,"6. Caring, leisure and other service occupations",74,73,1
E01004583,7. Sales and customer service occupations,35,44,-9
E01004583,"8. Process, plant and machine operatives",18,22,-4
E01004583,9. Elementary occupations,37,49,-12
E01004584,"1. Managers, directors and senior officials",70,38,32
E01004584,2. Professional occupations,146,96,50
E01004584,3. Associate professional and technical occupations,113,44,69
E01004584,4. Administrative and secretarial occupations,70,91,-21
E01004584,5. Skilled trades occupations,51,61,-10
E01004584,"6. Caring, leisure and other service occupations",107,84,23
E01004584,7. Sales and customer service occupations,64,75,-11
E01004584,"8. Process, plant and machine operatives",47,35,12
E01004584,9. Elementary occupations,132,100,32
E01004585,"1. Managers, directors and senior officials",225,168,57
E01004585,2. Professional occupations,489,426,63
E01004585,3. Associate professional and technical occupations,302,87,215
E01004585,4. Administrative and secretarial occupations,82,124,-42
E01004585,5. Skilled trades occupations,37,36,1
E01004585,"6. Caring, leisure and other service occupations",40,52,-12
E01004585,7. Sales and customer service occupations,35,35,0
E01004585,"8. Process, plant and machine operatives",14,17,-3
E01004585,9. Elementary occupations,26,56,-30
E01004586,"1. Managers, directors and senior officials",258,214,44
E01004586,2. Professional occupations,521,482,39
E01004586,3. Associate professional and technical occupations,354,86,268
E01004586,4. Administrative and secretarial occupations,92,120,-28
E01004586,5. Skilled trades occupations,37,34,3
E01004586,"6. Caring, leisure and other service occupations",45,42,3
E01004586,7. Sales and customer service occupations,36,33,3
E01004586,"8. Process, plant and machine operatives",12,9,3
E01004586,9. Elementary occupations,16,26,-10
E01004587,"1. Managers, directors and senior officials",267,209,58
E01004587,2. Professional occupations,435,400,35
E01004587,3. Associate professional and technical occupations,232,67,165
E01004587,4. Administrative and secretarial occupations,70,119,-49
E01004587,5. Skilled trades occupations,31,44,-13
E01004587,"6. Caring, leisure and other service occupations",39,38,1
E01004587,7. Sales and customer service occupations,39,33,6
E01004587,"8. Process, plant and machine operatives",17,12,5
E01004587,9. Elementary occupations,23,24,-1
E01004588,"1. Managers, directors and senior officials",295,227,68
E01004588,2. Professional occupations,617,515,102
E01004588,3. Associate professional and technical occupations,339,85,254
E01004588,4. Administrative and secretarial occupations,99,127,-28
E01004588,5. Skilled trades occupations,42,18,24
E01004588,"6. Caring, leisure and other service occupations",40,34,6
E01004588,7. Sales and customer service occupations,26,40,-14
E01004588,"8. Process, plant and machine operatives",16,13,3
E01004588,9. Elementary occupations,25,36,-11
E01004589,"1. Managers, directors and senior officials",263,197,66
E01004589,2. Professional occupations,445,370,75
E01004589,3. Associate professional and technical occupations,295,81,214
E01004589,4. Administrative and secretarial occupations,70,107,-37
E01004589,5. Skilled trades occupations,25,32,-7
E01004589,"6. Caring, leisure and other service occupations",31,31,0
E01004589,7. Sales and customer service occupations,26,26,0
E01004589,"8. Process, plant and machine operatives",7,7,0
E01004589,9. Elementary occupations,26,27,-1
E01004590,"1. Managers, directors and senior officials",136,98,38
E01004590,2. Professional occupations,275,217,58
E01004590,3. Associate professional and technical occupations,178,52,126
E01004590,4. Administrative and secretarial occupations,85,111,-26
E01004590,5. Skilled trades occupations,51,78,-27
E01004590,"6. Caring, leisure and other service occupations",68,66,2
E01004590,7. Sales and customer service occupations,49,53,-4
E01004590,"8. Process, plant and machine operatives",45,37,8
E01004590,9. Elementary occupations,99,68,31
E01004591,"1. Managers, directors and senior officials",183,125,58
E01004591,2. Professional occupations,385,323,62
E01004591,3. Associate professional and technical occupations,251,96,155
E01004591,4. Administrative and secretarial occupations,96,117,-21
E01004591,5. Skilled trades occupations,46,54,-8
E01004591,"6. Caring, leisure and other service occupations",61,86,-25
E01004591,7. Sales and customer service occupations,46,47,-1
E01004591,"8. Process, plant and machine operatives",24,24,0
E01004591,9. Elementary occupations,71,55,16
E01004592,"1. Managers, directors and senior officials",143,127,16
E01004592,2. Professional occupations,289,225,64
E01004592,3. Associate professional and technical occupations,199,67,132
E01004592,4. Administrative and secretarial occupations,87,79,8
E01004592,5. Skilled trades occupations,45,47,-2
E01004592,"6. Caring, leisure and other service occupations",63,64,-1
E01004592,7. Sales and customer service occupations,46,49,-3
E01004592,"8. Process, plant and machine operatives",26,32,-6
E01004592,9. Elementary occupations,39,60,-21
E01004593,"1. Managers, directors and senior officials",239,209,30
E01004593,2. Professional occupations,372,300,72
E01004593,3. Associate professional and technical occupations,210,98,112
E01004593,4. Administrative and secretarial occupations,95,124,-29
E01004593,5. Skilled trades occupations,52,70,-18
E01004593,"6. Caring, leisure and other service occupations",66,55,11
E01004593,7. Sales and customer service occupations,43,57,-14
E01004593,"8. Process, plant and machine operatives",35,30,5
E01004593,9. Elementary occupations,52,63,-11
E01004594,"1. Managers, directors and senior officials",213,125,88
E01004594,2. Professional occupations,334,304,30
E01004594,3. Associate professional and technical occupations,191,59,132
E01004594,4. Administrative and secretarial occupations,95,122,-27
E01004594,5. Skilled trades occupations,37,42,-5
E01004594,"6. Caring, leisure and other service occupations",46,39,7
E01004594,7. Sales and customer service occupations,24,34,-10
E01004594,"8. Process, plant and machine operatives",9,21,-12
E01004594,9. Elementary occupations,28,35,-7
E01004595,"1. Managers, directors and senior officials",258,168,90
E01004595,2. Professional occupations,352,353,-1
E01004595,3. Associate professional and technical occupations,248,80,168
E01004595,4. Administrative and secretarial occupations,83,117,-34
E01004595,5. Skilled trades occupations,36,46,-10
E01004595,"6. Caring, leisure and other service occupations",53,54,-1
E01004595,7. Sales and customer service occupations,40,45,-5
E01004595,"8. Process, plant and machine operatives",18,21,-3
E01004595,9. Elementary occupations,59,39,20
E01004596,"1. Managers, directors and senior officials",251,193,58
E01004596,2. Professional occupations,339,287,52
E01004596,3. Associate professional and technical occupations,169,71,98
E01004596,4. Administrative and secretarial occupations,56,86,-30
E01004596,5. Skilled trades occupations,20,38,-18
E01004596,"6. Caring, leisure and other service occupations",36,43,-7
E01004596,7. Sales and customer service occupations,27,27,0
E01004596,"8. Process, plant and machine operatives",10,18,-8
E01004596,9. Elementary occupations,19,28,-9
E01004597,"1. Managers, directors and senior officials",244,175,69
E01004597,2. Professional occupations,349,339,10
E01004597,3. Associate professional and technical occupations,201,81,120
E01004597,4. Administrative and secretarial occupations,74,108,-34
E01004597,5. Skilled trades occupations,33,37,-4
E01004597,"6. Caring, leisure and other service occupations",47,60,-13
E01004597,7. Sales and customer service occupations,33,40,-7
E01004597,"8. Process, plant and machine operatives",24,17,7
E01004597,9. Elementary occupations,41,36,5
E01004598,"1. Managers, directors and senior officials",317,220,97
E01004598,2. Professional occupations,597,412,185
E01004598,3. Associate professional and technical occupations,309,88,221
E01004598,4. Administrative and secretarial occupations,85,129,-44
E01004598,5. Skilled trades occupations,33,54,-21
E01004598,"6. Caring, leisure and other service occupations",45,44,1
E01004598,7. Sales and customer service occupations,37,38,-1
E01004598,"8. Process, plant and machine operatives",19,24,-5
E01004598,9. Elementary occupations,27,43,-16
E01004599,"1. Managers, directors and senior officials",246,171,75
E01004599,2. Professional occupations,316,275,41
E01004599,3. Associate professional and technical occupations,150,65,85
E01004599,4. Administrative and secretarial occupations,53,88,-35
E01004599,5. Skilled trades occupations,7,28,-21
E01004599,"6. Caring, leisure and other service occupations",27,36,-9
E01004599,7. Sales and customer service occupations,21,28,-7
E01004599,"8. Process, plant and machine operatives",11,12,-1
E01004599,9. Elementary occupations,9,20,-11
E01004601,"1. Managers, directors and senior officials",257,162,95
E01004601,2. Professional occupations,495,371,124
E01004601,3. Associate professional and technical occupations,296,96,200
E01004601,4. Administrative and secretarial occupations,116,125,-9
E01004601,5. Skilled trades occupations,78,78,0
E01004601,"6. Caring, leisure and other service occupations",73,86,-13
E01004601,7. Sales and customer service occupations,59,69,-10
E01004601,"8. Process, plant and machine operatives",61,46,15
E01004601,9. Elementary occupations,55,60,-5
E01004602,"1. Managers, directors and senior officials",235,184,51
E01004602,2. Professional occupations,397,369,28
E01004602,3. Associate professional and technical occupations,207,94,113
E01004602,4. Administrative and secretarial occupations,70,106,-36
E01004602,5. Skilled trades occupations,38,57,-19
E01004602,"6. Caring, leisure and other service occupations",41,36,5
E01004602,7. Sales and customer service occupations,21,34,-13
E01004602,"8. Process, plant and machine operatives",10,14,-4
E01004602,9. Elementary occupations,20,36,-16
E01004604,"1. Managers, directors and senior officials",226,201,25
E01004604,2. Professional occupations,299,292,7
E01004604,3. Associate professional and technical occupations,159,49,110
E01004604,4. Administrative and secretarial occupations,47,75,-28
E01004604,5. Skilled trades occupations,16,32,-16
E01004604,"6. Caring, leisure and other service occupations",25,31,-6
E01004604,7. Sales and customer service occupations,13,17,-4
E01004604,"8. Process, plant and machine operatives",7,8,-1
E01004604,9. Elementary occupations,17,19,-2
E01004605,"1. Managers, directors and senior officials",208,158,50
E01004605,2. Professional occupations,297,271,26
E01004605,3. Associate professional and technical occupations,177,75,102
E01004605,4. Administrative and secretarial occupations,76,107,-31
E01004605,5. Skilled trades occupations,35,45,-10
E01004605,"6. Caring, leisure and other service occupations",47,51,-4
E01004605,7. Sales and customer service occupations,30,39,-9
E01004605,"8. Process, plant and machine operatives",16,10,6
E01004605,9. Elementary occupations,44,39,5
E01004606,"1. Managers, directors and senior officials",273,206,67
E01004606,2. Professional occupations,442,411,31
E01004606,3. Associate professional and technical occupations,239,74,165
E01004606,4. Administrative and secretarial occupations,77,100,-23
E01004606,5. Skilled trades occupations,31,34,-3
E01004606,"6. Caring, leisure and other service occupations",30,33,-3
E01004606,7. Sales and customer service occupations,28,32,-4
E01004606,"8. Process, plant and machine operatives",9,14,-5
E01004606,9. Elementary occupations,17,21,-4
E01004607,"1. Managers, directors and senior officials",250,211,39
E01004607,2. Professional occupations,340,327,13
E01004607,3. Associate professional and technical occupations,176,57,119
E01004607,4. Administrative and secretarial occupations,66,93,-27
E01004607,5. Skilled trades occupations,22,33,-11
E01004607,"6. Caring, leisure and other service occupations",25,33,-8
E01004607,7. Sales and customer service occupations,21,41,-20
E01004607,"8. Process, plant and machine operatives",8,8,0
E01004607,9. Elementary occupations,20,24,-4
E01004608,"1. Managers, directors and senior officials",208,169,39
E01004608,2. Professional occupations,388,353,35
E01004608,3. Associate professional and technical occupations,204,74,130
E01004608,4. Administrative and secretarial occupations,70,109,-39
E01004608,5. Skilled trades occupations,35,37,-2
E01004608,"6. Caring, leisure and other service occupations",48,44,4
E01004608,7. Sales and customer service occupations,36,29,7
E01004608,"8. Process, plant and machine operatives",17,10,7
E01004608,9. Elementary occupations,38,30,8
E01004609,"1. Managers, directors and senior officials",314,254,60
E01004609,2. Professional occupations,547,531,16
E01004609,3. Associate professional and technical occupations,317,76,241
E01004609,4. Administrative and secretarial occupations,97,148,-51
E01004609,5. Skilled trades occupations,45,42,3
E01004609,"6. Caring, leisure and other service occupations",53,45,8
E01004609,7. Sales and customer service occupations,41,52,-11
E01004609,"8. Process, plant and machine operatives",16,13,3
E01004609,9. Elementary occupations,60,52,8
E01004610,"1. Managers, directors and senior officials",162,105,57
E01004610,2. Professional occupations,400,197,203
E01004610,3. Associate professional and technical occupations,239,60,179
E01004610,4. Administrative and secretarial occupations,86,109,-23
E01004610,5. Skilled trades occupations,59,79,-20
E01004610,"6. Caring, leisure and other service occupations",64,61,3
E01004610,7. Sales and customer service occupations,87,112,-25
E01004610,"8. Process, plant and machine operatives",43,40,3
E01004610,9. Elementary occupations,57,83,-26
E01004611,"1. Managers, directors and senior officials",145,96,49
E01004611,2. Professional occupations,297,234,63
E01004611,3. Associate professional and technical occupations,201,56,145
E01004611,4. Administrative and secretarial occupations,71,104,-33
E01004611,5. Skilled trades occupations,26,49,-23
E01004611,"6. Caring, leisure and other service occupations",40,46,-6
E01004611,7. Sales and customer service occupations,36,77,-41
E01004611,"8. Process, plant and machine operatives",20,23,-3
E01004611,9. Elementary occupations,47,43,4
E01004612,"1. Managers, directors and senior officials",84,82,2
E01004612,2. Professional occupations,265,185,80
E01004612,3. Associate professional and technical occupations,169,52,117
E01004612,4. Administrative and secretarial occupations,68,111,-43
E01004612,5. Skilled trades occupations,59,66,-7
E01004612,"6. Caring, leisure and other service occupations",57,70,-13
E01004612,7. Sales and customer service occupations,46,78,-32
E01004612,"8. Process, plant and machine operatives",42,33,9
E01004612,9. Elementary occupations,67,72,-5
E01004613,"1. Managers, directors and senior officials",88,66,22
E01004613,2. Professional occupations,223,134,89
E01004613,3. Associate professional and technical occupations,176,25,151
E01004613,4. Administrative and secretarial occupations,54,72,-18
E01004613,5. Skilled trades occupations,61,65,-4
E01004613,"6. Caring, leisure and other service occupations",65,62,3
E01004613,7. Sales and customer service occupations,67,77,-10
E01004613,"8. Process, plant and machine operatives",33,36,-3
E01004613,9. Elementary occupations,68,87,-19
E01004614,"1. Managers, directors and senior officials",163,109,54
E01004614,2. Professional occupations,371,258,113
E01004614,3. Associate professional and technical occupations,236,62,174
E01004614,4. Administrative and secretarial occupations,78,200,-122
E01004614,5. Skilled trades occupations,57,103,-46
E01004614,"6. Caring, leisure and other service occupations",75,125,-50
E01004614,7. Sales and customer service occupations,71,63,8
E01004614,"8. Process, plant and machine operatives",41,42,-1
E01004614,9. Elementary occupations,123,81,42
E01004615,"1. Managers, directors and senior officials",88,81,7
E01004615,2. Professional occupations,192,125,67
E01004615,3. Associate professional and technical occupations,114,46,68
E01004615,4. Administrative and secretarial occupations,68,75,-7
E01004615,5. Skilled trades occupations,41,58,-17
E01004615,"6. Caring, leisure and other service occupations",84,91,-7
E01004615,7. Sales and customer service occupations,47,73,-26
E01004615,"8. Process, plant and machine operatives",40,36,4
E01004615,9. Elementary occupations,59,77,-18
E01004616,"1. Managers, directors and senior officials",144,94,50
E01004616,2. Professional occupations,410,304,106
E01004616,3. Associate professional and technical occupations,232,66,166
E01004616,4. Administrative and secretarial occupations,91,122,-31
E01004616,5. Skilled trades occupations,83,91,-8
E01004616,"6. Caring, leisure and other service occupations",70,100,-30
E01004616,7. Sales and customer service occupations,70,86,-16
E01004616,"8. Process, plant and machine operatives",43,36,7
E01004616,9. Elementary occupations,101,123,-22
E01004617,"1. Managers, directors and senior officials",123,66,57
E01004617,2. Professional occupations,313,186,127
E01004617,3. Associate professional and technical occupations,205,51,154
E01004617,4. Administrative and secretarial occupations,77,113,-36
E01004617,5. Skilled trades occupations,50,49,1
E01004617,"6. Caring, leisure and other service occupations",75,74,1
E01004617,7. Sales and customer service occupations,62,92,-30
E01004617,"8. Process, plant and machine operatives",30,24,6
E01004617,9. Elementary occupations,102,100,2
E01004618,"1. Managers, directors and senior officials",165,122,43
E01004618,2. Professional occupations,361,258,103
E01004618,3. Associate professional and technical occupations,199,58,141
E01004618,4. Administrative and secretarial occupations,58,99,-41
E01004618,5. Skilled trades occupations,16,31,-15
E01004618,"6. Caring, leisure and other service occupations",30,53,-23
E01004618,7. Sales and customer service occupations,20,53,-33
E01004618,"8. Process, plant and machine operatives",14,22,-8
E01004618,9. Elementary occupations,27,33,-6
E01004619,"1. Managers, directors and senior officials",186,175,11
E01004619,2. Professional occupations,251,218,33
E01004619,3. Associate professional and technical occupations,151,43,108
E01004619,4. Administrative and secretarial occupations,49,60,-11
E01004619,5. Skilled trades occupations,15,29,-14
E01004619,"6. Caring, leisure and other service occupations",38,40,-2
E01004619,7. Sales and customer service occupations,17,19,-2
E01004619,"8. Process, plant and machine operatives",9,7,2
E01004619,9. Elementary occupations,14,16,-2
E01004620,"1. Managers, directors and senior officials",231,179,52
E01004620,2. Professional occupations,293,254,39
E01004620,3. Associate professional and technical occupations,209,69,140
E01004620,4. Administrative and secretarial occupations,70,97,-27
E01004620,5. Skilled trades occupations,86,37,49
E01004620,"6. Caring, leisure and other service occupations",61,48,13
E01004620,7. Sales and customer service occupations,23,33,-10
E01004620,"8. Process, plant and machine operatives",29,16,13
E01004620,9. Elementary occupations,49,36,13
E01004621,"1. Managers, directors and senior officials",224,135,89
E01004621,2. Professional occupations,307,275,32
E01004621,3. Associate professional and technical occupations,216,84,132
E01004621,4. Administrative and secretarial occupations,67,89,-22
E01004621,5. Skilled trades occupations,34,53,-19
E01004621,"6. Caring, leisure and other service occupations",59,60,-1
E01004621,7. Sales and customer service occupations,37,47,-10
E01004621,"8. Process, plant and machine operatives",22,16,6
E01004621,9. Elementary occupations,31,28,3
E01004622,"1. Managers, directors and senior officials",104,99,5
E01004622,2. Professional occupations,195,174,21
E01004622,3. Associate professional and technical occupations,173,61,112
E01004622,4. Administrative and secretarial occupations,41,77,-36
E01004622,5. Skilled trades occupations,43,61,-18
E01004622,"6. Caring, leisure and other service occupations",44,62,-18
E01004622,7. Sales and customer service occupations,34,35,-1
E01004622,"8. Process, plant and machine operatives",17,39,-22
E01004622,9. Elementary occupations,89,38,51
E01004623,"1. Managers, directors and senior officials",234,177,57
E01004623,2. Professional occupations,343,297,46
E01004623,3. Associate professional and technical occupations,250,70,180
E01004623,4. Administrative and secretarial occupations,76,95,-19
E01004623,5. Skilled trades occupations,21,45,-24
E01004623,"6. Caring, leisure and other service occupations",56,46,10
E01004623,7. Sales and customer service occupations,45,46,-1
E01004623,"8. Process, plant and machine operatives",16,20,-4
E01004623,9. Elementary occupations,50,32,18
E01004624,"1. Managers, directors and senior officials",177,143,34
E01004624,2. Professional occupations,309,257,52
E01004624,3. Associate professional and technical occupations,165,65,100
E01004624,4. Administrative and secretarial occupations,77,107,-30
E01004624,5. Skilled trades occupations,29,42,-13
E01004624,"6. Caring, leisure and other service occupations",57,68,-11
E01004624,7. Sales and customer service occupations,35,34,1
E01004624,"8. Process, plant and machine operatives",23,21,2
E01004624,9. Elementary occupations,42,52,-10
E01004625,"1. Managers, directors and senior officials",216,125,91
E01004625,2. Professional occupations,183,200,-17
E01004625,3. Associate professional and technical occupations,105,38,67
E01004625,4. Administrative and secretarial occupations,43,58,-15
E01004625,5. Skilled trades occupations,18,26,-8
E01004625,"6. Caring, leisure and other service occupations",19,26,-7
E01004625,7. Sales and customer service occupations,16,23,-7
E01004625,"8. Process, plant and machine operatives",12,5,7
E01004625,9. Elementary occupations,12,17,-5
E01004626,"1. Managers, directors and senior officials",243,190,53
E01004626,2. Professional occupations,430,300,130
E01004626,3. Associate professional and technical occupations,189,65,124
E01004626,4. Administrative and secretarial occupations,84,117,-33
E01004626,5. Skilled trades occupations,38,28,10
E01004626,"6. Caring, leisure and other service occupations",43,54,-11
E01004626,7. Sales and customer service occupations,21,39,-18
E01004626,"8. Process, plant and machine operatives",12,11,1
E01004626,9. Elementary occupations,18,27,-9
E01004627,"1. Managers, directors and senior officials",237,180,57
E01004627,2. Professional occupations,266,221,45
E01004627,3. Associate professional and technical occupations,176,50,126
E01004627,4. Administrative and secretarial occupations,64,100,-36
E01004627,5. Skilled trades occupations,27,42,-15
E01004627,"6. Caring, leisure and other service occupations",39,40,-1
E01004627,7. Sales and customer service occupations,28,32,-4
E01004627,"8. Process, plant and machine operatives",11,14,-3
E01004627,9. Elementary occupations,33,32,1
E01004628,"1. Managers, directors and senior officials",209,177,32
E01004628,2. Professional occupations,373,357,16
E01004628,3. Associate professional and technical occupations,188,91,97
E01004628,4. Administrative and secretarial occupations,71,99,-28
E01004628,5. Skilled trades occupations,69,61,8
E01004628,"6. Caring, leisure and other service occupations",91,100,-9
E01004628,7. Sales and customer service occupations,56,57,-1
E01004628,"8. Process, plant and machine operatives",47,44,3
E01004628,9. Elementary occupations,75,94,-19
E01004629,"1. Managers, directors and senior officials",189,152,37
E01004629,2. Professional occupations,292,223,69
E01004629,3. Associate professional and technical occupations,136,60,76
E01004629,4. Administrative and secretarial occupations,64,88,-24
E01004629,5. Skilled trades occupations,27,32,-5
E01004629,"6. Caring, leisure and other service occupations",45,55,-10
E01004629,7. Sales and customer service occupations,20,36,-16
E01004629,"8. Process, plant and machine operatives",10,18,-8
E01004629,9. Elementary occupations,32,30,2
E01004630,"1. Managers, directors and senior officials",71,59,12
E01004630,2. Professional occupations,167,102,65
E01004630,3. Associate professional and technical occupations,90,40,50
E01004630,4. Administrative and secretarial occupations,75,93,-18
E01004630,5. Skilled trades occupations,62,64,-2
E01004630,"6. Caring, leisure and other service occupations",119,99,20
E01004630,7. Sales and customer service occupations,59,88,-29
E01004630,"8. Process, plant and machine operatives",72,67,5
E01004630,9. Elementary occupations,72,105,-33
E01004631,"1. Managers, directors and senior officials",173,66,107
E01004631,2. Professional occupations,238,189,49
E01004631,3. Associate professional and technical occupations,149,36,113
E01004631,4. Administrative and secretarial occupations,64,94,-30
E01004631,5. Skilled trades occupations,84,75,9
E01004631,"6. Caring, leisure and other service occupations",77,66,11
E01004631,7. Sales and customer service occupations,59,59,0
E01004631,"8. Process, plant and machine operatives",61,33,28
E01004631,9. Elementary occupations,90,92,-2
E01004632,"1. Managers, directors and senior officials",145,136,9
E01004632,2. Professional occupations,233,213,20
E01004632,3. Associate professional and technical occupations,150,48,102
E01004632,4. Administrative and secretarial occupations,71,117,-46
E01004632,5. Skilled trades occupations,51,45,6
E01004632,"6. Caring, leisure and other service occupations",66,68,-2
E01004632,7. Sales and customer service occupations,45,41,4
E01004632,"8. Process, plant and machine operatives",33,14,19
E01004632,9. Elementary occupations,52,40,12
E01004633,"1. Managers, directors and senior officials",83,61,22
E01004633,2. Professional occupations,132,135,-3
E01004633,3. Associate professional and technical occupations,93,68,25
E01004633,4. Administrative and secretarial occupations,53,69,-16
E01004633,5. Skilled trades occupations,48,82,-34
E01004633,"6. Caring, leisure and other service occupations",92,88,4
E01004633,7. Sales and customer service occupations,68,69,-1
E01004633,"8. Process, plant and machine operatives",83,53,30
E01004633,9. Elementary occupations,83,108,-25
E01004634,"1. Managers, directors and senior officials",152,135,17
E01004634,2. Professional occupations,243,259,-16
E01004634,3. Associate professional and technical occupations,149,66,83
E01004634,4. Administrative and secretarial occupations,64,84,-20
E01004634,5. Skilled trades occupations,30,54,-24
E01004634,"6. Caring, leisure and other service occupations",54,62,-8
E01004634,7. Sales and customer service occupations,33,48,-15
E01004634,"8. Process, plant and machine operatives",31,22,9
E01004634,9. Elementary occupations,32,49,-17
E01004635,"1. Managers, directors and senior officials",129,111,18
E01004635,2. Professional occupations,260,244,16
E01004635,3. Associate professional and technical occupations,144,68,76
E01004635,4. Administrative and secretarial occupations,58,95,-37
E01004635,5. Skilled trades occupations,54,66,-12
E01004635,"6. Caring, leisure and other service occupations",71,65,6
E01004635,7. Sales and customer service occupations,46,60,-14
E01004635,"8. Process, plant and machine operatives",52,36,16
E01004635,9. Elementary occupations,54,51,3
E01004636,"1. Managers, directors and senior officials",151,126,25
E01004636,2. Professional occupations,191,191,0
E01004636,3. Associate professional and technical occupations,112,51,61
E01004636,4. Administrative and secretarial occupations,48,92,-44
E01004636,5. Skilled trades occupations,51,38,13
E01004636,"6. Caring, leisure and other service occupations",62,47,15
E01004636,7. Sales and customer service occupations,33,65,-32
E01004636,"8. Process, plant and machine operatives",46,29,17
E01004636,9. Elementary occupations,56,53,3
E01004637,"1. Managers, directors and senior officials",129,83,46
E01004637,2. Professional occupations,187,201,-14
E01004637,3. Associate professional and technical occupations,116,43,73
E01004637,4. Administrative and secretarial occupations,59,86,-27
E01004637,5. Skilled trades occupations,68,50,18
E01004637,"6. Caring, leisure and other service occupations",61,60,1
E01004637,7. Sales and customer service occupations,37,65,-28
E01004637,"8. Process, plant and machine operatives",49,31,18
E01004637,9. Elementary occupations,76,54,22
E01004638,"1. Managers, directors and senior officials",191,169,22
E01004638,2. Professional occupations,221,207,14
E01004638,3. Associate professional and technical occupations,100,32,68
E01004638,4. Administrative and secretarial occupations,35,68,-33
E01004638,5. Skilled trades occupations,20,27,-7
E01004638,"6. Caring, leisure and other service occupations",39,27,12
E01004638,7. Sales and customer service occupations,21,16,5
E01004638,"8. Process, plant and machine operatives",2,6,-4
E01004638,9. Elementary occupations,25,25,0
E01004639,"1. Managers, directors and senior officials",172,138,34
E01004639,2. Professional occupations,290,292,-2
E01004639,3. Associate professional and technical occupations,205,89,116
E01004639,4. Administrative and secretarial occupations,60,113,-53
E01004639,5. Skilled trades occupations,52,45,7
E01004639,"6. Caring, leisure and other service occupations",63,66,-3
E01004639,7. Sales and customer service occupations,36,41,-5
E01004639,"8. Process, plant and machine operatives",32,29,3
E01004639,9. Elementary occupations,58,52,6
E01004640,"1. Managers, directors and senior officials",230,185,45
E01004640,2. Professional occupations,374,354,20
E01004640,3. Associate professional and technical occupations,226,69,157
E01004640,4. Administrative and secretarial occupations,70,92,-22
E01004640,5. Skilled trades occupations,15,31,-16
E01004640,"6. Caring, leisure and other service occupations",35,54,-19
E01004640,7. Sales and customer service occupations,42,36,6
E01004640,"8. Process, plant and machine operatives",16,10,6
E01004640,9. Elementary occupations,18,33,-15
E01004641,"1. Managers, directors and senior officials",175,136,39
E01004641,2. Professional occupations,286,266,20
E01004641,3. Associate professional and technical occupations,163,59,104
E01004641,4. Administrative and secretarial occupations,87,93,-6
E01004641,5. Skilled trades occupations,44,75,-31
E01004641,"6. Caring, leisure and other service occupations",77,76,1
E01004641,7. Sales and customer service occupations,50,59,-9
E01004641,"8. Process, plant and machine operatives",28,21,7
E01004641,9. Elementary occupations,54,78,-24
E01004642,"1. Managers, directors and senior officials",161,84,77
E01004642,2. Professional occupations,304,191,113
E01004642,3. Associate professional and technical occupations,205,63,142
E01004642,4. Administrative and secretarial occupations,81,94,-13
E01004642,5. Skilled trades occupations,59,69,-10
E01004642,"6. Caring, leisure and other service occupations",109,82,27
E01004642,7. Sales and customer service occupations,66,75,-9
E01004642,"8. Process, plant and machine operatives",47,30,17
E01004642,9. Elementary occupations,94,87,7
E01004643,"1. Managers, directors and senior officials",216,119,97
E01004643,2. Professional occupations,320,229,91
E01004643,3. Associate professional and technical occupations,179,60,119
E01004643,4. Administrative and secretarial occupations,68,106,-38
E01004643,5. Skilled trades occupations,64,68,-4
E01004643,"6. Caring, leisure and other service occupations",95,95,0
E01004643,7. Sales and customer service occupations,45,67,-22
E01004643,"8. Process, plant and machine operatives",47,35,12
E01004643,9. Elementary occupations,87,97,-10
E01004644,"1. Managers, directors and senior officials",273,151,122
E01004644,2. Professional occupations,372,236,136
E01004644,3. Associate professional and technical occupations,203,47,156
E01004644,4. Administrative and secretarial occupations,94,97,-3
E01004644,5. Skilled trades occupations,93,65,28
E01004644,"6. Caring, leisure and other service occupations",96,80,16
E01004644,7. Sales and customer service occupations,78,41,37
E01004644,"8. Process, plant and machine operatives",24,27,-3
E01004644,9. Elementary occupations,82,65,17
E01004645,"1. Managers, directors and senior officials",92,89,3
E01004645,2. Professional occupations,173,161,12
E01004645,3. Associate professional and technical occupations,113,61,52
E01004645,4. Administrative and secretarial occupations,86,108,-22
E01004645,5. Skilled trades occupations,87,76,11
E01004645,"6. Caring, leisure and other service occupations",97,103,-6
E01004645,7. Sales and customer service occupations,71,78,-7
E01004645,"8. Process, plant and machine operatives",84,39,45
E01004645,9. Elementary occupations,114,105,9
E01004646,"1. Managers, directors and senior officials",206,190,16
E01004646,2. Professional occupations,203,175,28
E01004646,3. Associate professional and technical occupations,103,29,74
E01004646,4. Administrative and secretarial occupations,32,61,-29
E01004646,5. Skilled trades occupations,11,19,-8
E01004646,"6. Caring, leisure and other service occupations",44,38,6
E01004646,7. Sales and customer service occupations,22,15,7
E01004646,"8. Process, plant and machine operatives",9,7,2
E01004646,9. Elementary occupations,30,35,-5
E01004647,"1. Managers, directors and senior officials",190,179,11
E01004647,2. Professional occupations,169,140,29
E01004647,3. Associate professional and technical occupations,94,30,64
E01004647,4. Administrative and secretarial occupations,51,55,-4
E01004647,5. Skilled trades occupations,14,18,-4
E01004647,"6. Caring, leisure and other service occupations",49,36,13
E01004647,7. Sales and customer service occupations,29,20,9
E01004647,"8. Process, plant and machine operatives",8,16,-8
E01004647,9. Elementary occupations,24,41,-17
E01004648,"1. Managers, directors and senior officials",319,280,39
E01004648,2. Professional occupations,412,355,57
E01004648,3. Associate professional and technical occupations,223,63,160
E01004648,4. Administrative and secretarial occupations,84,106,-22
E01004648,5. Skilled trades occupations,28,27,1
E01004648,"6. Caring, leisure and other service occupations",58,58,0
E01004648,7. Sales and customer service occupations,57,41,16
E01004648,"8. Process, plant and machine operatives",10,14,-4
E01004648,9. Elementary occupations,48,38,10
E01004649,"1. Managers, directors and senior officials",213,206,7
E01004649,2. Professional occupations,237,172,65
E01004649,3. Associate professional and technical occupations,86,114,-28
E01004649,4. Administrative and secretarial occupations,28,58,-30
E01004649,5. Skilled trades occupations,6,14,-8
E01004649,"6. Caring, leisure and other service occupations",30,36,-6
E01004649,7. Sales and customer service occupations,14,22,-8
E01004649,"8. Process, plant and machine operatives",7,2,5
E01004649,9. Elementary occupations,17,32,-15
E01004650,"1. Managers, directors and senior officials",319,268,51
E01004650,2. Professional occupations,326,298,28
E01004650,3. Associate professional and technical occupations,168,61,107
E01004650,4. Administrative and secretarial occupations,46,72,-26
E01004650,5. Skilled trades occupations,7,18,-11
E01004650,"6. Caring, leisure and other service occupations",42,42,0
E01004650,7. Sales and customer service occupations,27,40,-13
E01004650,"8. Process, plant and machine operatives",9,8,1
E01004650,9. Elementary occupations,30,33,-3
E01004651,"1. Managers, directors and senior officials",319,255,64
E01004651,2. Professional occupations,415,319,96
E01004651,3. Associate professional and technical occupations,150,45,105
E01004651,4. Administrative and secretarial occupations,46,89,-43
E01004651,5. Skilled trades occupations,17,16,1
E01004651,"6. Caring, leisure and other service occupations",22,41,-19
E01004651,7. Sales and customer service occupations,25,30,-5
E01004651,"8. Process, plant and machine operatives",8,10,-2
E01004651,9. Elementary occupations,24,27,-3
E01004652,"1. Managers, directors and senior officials",163,187,-24
E01004652,2. Professional occupations,367,319,48
E01004652,3. Associate professional and technical occupations,154,48,106
E01004652,4. Administrative and secretarial occupations,55,84,-29
E01004652,5. Skilled trades occupations,26,31,-5
E01004652,"6. Caring, leisure and other service occupations",33,42,-9
E01004652,7. Sales and customer service occupations,52,38,14
E01004652,"8. Process, plant and machine operatives",8,18,-10
E01004652,9. Elementary occupations,41,43,-2
E01004653,"1. Managers, directors and senior officials",306,229,77
E01004653,2. Professional occupations,297,300,-3
E01004653,3. Associate professional and technical occupations,213,53,160
E01004653,4. Administrative and secretarial occupations,56,79,-23
E01004653,5. Skilled trades occupations,20,14,6
E01004653,"6. Caring, leisure and other service occupations",104,42,62
E01004653,7. Sales and customer service occupations,34,37,-3
E01004653,"8. Process, plant and machine operatives",29,5,24
E01004653,9. Elementary occupations,46,22,24
E01004654,"1. Managers, directors and senior officials",427,334,93
E01004654,2. Professional occupations,452,384,68
E01004654,3. Associate professional and technical occupations,304,76,228
E01004654,4. Administrative and secretarial occupations,96,111,-15
E01004654,5. Skilled trades occupations,49,37,12
E01004654,"6. Caring, leisure and other service occupations",63,45,18
E01004654,7. Sales and customer service occupations,55,48,7
E01004654,"8. Process, plant and machine operatives",20,21,-1
E01004654,9. Elementary occupations,67,44,23
E01004656,"1. Managers, directors and senior officials",231,215,16
E01004656,2. Professional occupations,400,332,68
E01004656,3. Associate professional and technical occupations,207,59,148
E01004656,4. Administrative and secretarial occupations,67,98,-31
E01004656,5. Skilled trades occupations,23,30,-7
E01004656,"6. Caring, leisure and other service occupations",45,58,-13
E01004656,7. Sales and customer service occupations,45,51,-6
E01004656,"8. Process, plant and machine operatives",11,23,-12
E01004656,9. Elementary occupations,20,65,-45
E01004657,"1. Managers, directors and senior officials",258,258,0
E01004657,2. Professional occupations,236,215,21
E01004657,3. Associate professional and technical occupations,116,47,69
E01004657,4. Administrative and secretarial occupations,23,56,-33
E01004657,5. Skilled trades occupations,12,15,-3
E01004657,"6. Caring, leisure and other service occupations",39,34,5
E01004657,7. Sales and customer service occupations,29,30,-1
E01004657,"8. Process, plant and machine operatives",38,6,32
E01004657,9. Elementary occupations,35,34,1
E01004658,"1. Managers, directors and senior officials",208,158,50
E01004658,2. Professional occupations,273,169,104
E01004658,3. Associate professional and technical occupations,136,26,110
E01004658,4. Administrative and secretarial occupations,52,59,-7
E01004658,5. Skilled trades occupations,6,30,-24
E01004658,"6. Caring, leisure and other service occupations",32,32,0
E01004658,7. Sales and customer service occupations,46,51,-5
E01004658,"8. Process, plant and machine operatives",13,10,3
E01004658,9. Elementary occupations,31,44,-13
E01004659,"1. Managers, directors and senior officials",194,185,9
E01004659,2. Professional occupations,354,355,-1
E01004659,3. Associate professional and technical occupations,200,62,138
E01004659,4. Administrative and secretarial occupations,41,78,-37
E01004659,5. Skilled trades occupations,17,36,-19
E01004659,"6. Caring, leisure and other service occupations",29,47,-18
E01004659,7. Sales and customer service occupations,17,37,-20
E01004659,"8. Process, plant and machine operatives",9,10,-1
E01004659,9. Elementary occupations,18,26,-8
E01004660,"1. Managers, directors and senior officials",199,271,-72
E01004660,2. Professional occupations,273,244,29
E01004660,3. Associate professional and technical occupations,131,46,85
E01004660,4. Administrative and secretarial occupations,50,74,-24
E01004660,5. Skilled trades occupations,9,21,-12
E01004660,"6. Caring, leisure and other service occupations",16,35,-19
E01004660,7. Sales and customer service occupations,28,15,13
E01004660,"8. Process, plant and machine operatives",7,8,-1
E01004660,9. Elementary occupations,15,26,-11
E01004661,"1. Managers, directors and senior officials",247,193,54
E01004661,2. Professional occupations,422,260,162
E01004661,3. Associate professional and technical occupations,162,33,129
E01004661,4. Administrative and secretarial occupations,63,79,-16
E01004661,5. Skilled trades occupations,28,23,5
E01004661,"6. Caring, leisure and other service occupations",58,35,23
E01004661,7. Sales and customer service occupations,61,43,18
E01004661,"8. Process, plant and machine operatives",17,21,-4
E01004661,9. Elementary occupations,41,61,-20
E01004662,"1. Managers, directors and senior officials",168,256,-88
E01004662,2. Professional occupations,313,323,-10
E01004662,3. Associate professional and technical occupations,150,57,93
E01004662,4. Administrative and secretarial occupations,35,81,-46
E01004662,5. Skilled trades occupations,16,30,-14
E01004662,"6. Caring, leisure and other service occupations",12,28,-16
E01004662,7. Sales and customer service occupations,31,34,-3
E01004662,"8. Process, plant and machine operatives",4,5,-1
E01004662,9. Elementary occupations,12,39,-27
E01004663,"1. Managers, directors and senior officials",200,194,6
E01004663,2. Professional occupations,251,215,36
E01004663,3. Associate professional and technical occupations,120,36,84
E01004663,4. Administrative and secretarial occupations,37,61,-24
E01004663,5. Skilled trades occupations,5,23,-18
E01004663,"6. Caring, leisure and other service occupations",22,35,-13
E01004663,7. Sales and customer service occupations,27,34,-7
E01004663,"8. Process, plant and machine operatives",18,12,6
E01004663,9. Elementary occupations,17,54,-37
E01004665,"1. Managers, directors and senior officials",58,43,15
E01004665,2. Professional occupations,103,60,43
E01004665,3. Associate professional and technical occupations,85,17,68
E01004665,4. Administrative and secretarial occupations,58,61,-3
E01004665,5. Skilled trades occupations,40,45,-5
E01004665,"6. Caring, leisure and other service occupations",60,45,15
E01004665,7. Sales and customer service occupations,47,56,-9
E01004665,"8. Process, plant and machine operatives",39,38,1
E01004665,9. Elementary occupations,62,76,-14
E01004668,"1. Managers, directors and senior officials",117,114,3
E01004668,2. Professional occupations,190,159,31
E01004668,3. Associate professional and technical occupations,91,24,67
E01004668,4. Administrative and secretarial occupations,55,71,-16
E01004668,5. Skilled trades occupations,21,36,-15
E01004668,"6. Caring, leisure and other service occupations",43,50,-7
E01004668,7. Sales and customer service occupations,46,38,8
E01004668,"8. Process, plant and machine operatives",47,21,26
E01004668,9. Elementary occupations,77,69,8
E01004669,"1. Managers, directors and senior officials",106,91,15
E01004669,2. Professional occupations,200,123,77
E01004669,3. Associate professional and technical occupations,125,38,87
E01004669,4. Administrative and secretarial occupations,64,93,-29
E01004669,5. Skilled trades occupations,36,50,-14
E01004669,"6. Caring, leisure and other service occupations",73,63,10
E01004669,7. Sales and customer service occupations,46,62,-16
E01004669,"8. Process, plant and machine operatives",38,32,6
E01004669,9. Elementary occupations,85,71,14
E01004670,"1. Managers, directors and senior officials",73,41,32
E01004670,2. Professional occupations,112,71,41
E01004670,3. Associate professional and technical occupations,94,33,61
E01004670,4. Administrative and secretarial occupations,79,65,14
E01004670,5. Skilled trades occupations,47,65,-18
E01004670,"6. Caring, leisure and other service occupations",88,65,23
E01004670,7. Sales and customer service occupations,114,105,9
E01004670,"8. Process, plant and machine operatives",71,38,33
E01004670,9. Elementary occupations,98,107,-9
E01004674,"1. Managers, directors and senior officials",135,64,71
E01004674,2. Professional occupations,161,155,6
E01004674,3. Associate professional and technical occupations,165,54,111
E01004674,4. Administrative and secretarial occupations,105,114,-9
E01004674,5. Skilled trades occupations,51,44,7
E01004674,"6. Caring, leisure and other service occupations",69,73,-4
E01004674,7. Sales and customer service occupations,81,62,19
E01004674,"8. Process, plant and machine operatives",53,36,17
E01004674,9. Elementary occupations,57,81,-24
E01004675,"1. Managers, directors and senior officials",110,114,-4
E01004675,2. Professional occupations,293,252,41
E01004675,3. Associate professional and technical occupations,193,63,130
E01004675,4. Administrative and secretarial occupations,111,84,27
E01004675,5. Skilled trades occupations,43,61,-18
E01004675,"6. Caring, leisure and other service occupations",112,76,36
E01004675,7. Sales and customer service occupations,62,72,-10
E01004675,"8. Process, plant and machine operatives",68,38,30
E01004675,9. Elementary occupations,68,88,-20
E01004676,"1. Managers, directors and senior officials",173,144,29
E01004676,2. Professional occupations,228,238,-10
E01004676,3. Associate professional and technical occupations,173,56,117
E01004676,4. Administrative and secretarial occupations,49,71,-22
E01004676,5. Skilled trades occupations,37,40,-3
E01004676,"6. Caring, leisure and other service occupations",43,46,-3
E01004676,7. Sales and customer service occupations,57,41,16
E01004676,"8. Process, plant and machine operatives",30,27,3
E01004676,9. Elementary occupations,72,80,-8
E01004677,"1. Managers, directors and senior officials",173,124,49
E01004677,2. Professional occupations,259,250,9
E01004677,3. Associate professional and technical occupations,192,75,117
E01004677,4. Administrative and secretarial occupations,83,114,-31
E01004677,5. Skilled trades occupations,59,56,3
E01004677,"6. Caring, leisure and other service occupations",59,61,-2
E01004677,7. Sales and customer service occupations,41,67,-26
E01004677,"8. Process, plant and machine operatives",36,30,6
E01004677,9. Elementary occupations,67,63,4
E01004678,"1. Managers, directors and senior officials",169,110,59
E01004678,2. Professional occupations,229,257,-28
E01004678,3. Associate professional and technical occupations,155,56,99
E01004678,4. Administrative and secretarial occupations,94,104,-10
E01004678,5. Skilled trades occupations,40,42,-2
E01004678,"6. Caring, leisure and other service occupations",73,53,20
E01004678,7. Sales and customer service occupations,58,76,-18
E01004678,"8. Process, plant and machine operatives",32,29,3
E01004678,9. Elementary occupations,96,81,15
E01004679,"1. Managers, directors and senior officials",141,112,29
E01004679,2. Professional occupations,215,209,6
E01004679,3. Associate professional and technical occupations,167,64,103
E01004679,4. Administrative and secretarial occupations,63,85,-22
E01004679,5. Skilled trades occupations,64,49,15
E01004679,"6. Caring, leisure and other service occupations",98,89,9
E01004679,7. Sales and customer service occupations,59,59,0
E01004679,"8. Process, plant and machine operatives",51,42,9
E01004679,9. Elementary occupations,90,115,-25
E01004680,"1. Managers, directors and senior officials",219,205,14
E01004680,2. Professional occupations,221,177,44
E01004680,3. Associate professional and technical occupations,101,27,74
E01004680,4. Administrative and secretarial occupations,24,68,-44
E01004680,5. Skilled trades occupations,6,11,-5
E01004680,"6. Caring, leisure and other service occupations",33,42,-9
E01004680,7. Sales and customer service occupations,12,19,-7
E01004680,"8. Process, plant and machine operatives",5,7,-2
E01004680,9. Elementary occupations,16,26,-10
E01004681,"1. Managers, directors and senior officials",241,287,-46
E01004681,2. Professional occupations,417,435,-18
E01004681,3. Associate professional and technical occupations,203,48,155
E01004681,4. Administrative and secretarial occupations,46,97,-51
E01004681,5. Skilled trades occupations,53,32,21
E01004681,"6. Caring, leisure and other service occupations",54,45,9
E01004681,7. Sales and customer service occupations,40,50,-10
E01004681,"8. Process, plant and machine operatives",29,15,14
E01004681,9. Elementary occupations,35,27,8
E01004682,"1. Managers, directors and senior officials",136,165,-29
E01004682,2. Professional occupations,226,303,-77
E01004682,3. Associate professional and technical occupations,144,31,113
E01004682,4. Administrative and secretarial occupations,43,56,-13
E01004682,5. Skilled trades occupations,12,33,-21
E01004682,"6. Caring, leisure and other service occupations",37,19,18
E01004682,7. Sales and customer service occupations,23,36,-13
E01004682,"8. Process, plant and machine operatives",6,13,-7
E01004682,9. Elementary occupations,31,33,-2
E01004683,"1. Managers, directors and senior officials",280,264,16
E01004683,2. Professional occupations,230,256,-26
E01004683,3. Associate professional and technical occupations,122,52,70
E01004683,4. Administrative and secretarial occupations,38,62,-24
E01004683,5. Skilled trades occupations,11,16,-5
E01004683,"6. Caring, leisure and other service occupations",51,50,1
E01004683,7. Sales and customer service occupations,27,21,6
E01004683,"8. Process, plant and machine operatives",60,8,52
E01004683,9. Elementary occupations,32,24,8
E01004684,"1. Managers, directors and senior officials",102,107,-5
E01004684,2. Professional occupations,165,162,3
E01004684,3. Associate professional and technical occupations,71,14,57
E01004684,4. Administrative and secretarial occupations,34,44,-10
E01004684,5. Skilled trades occupations,11,26,-15
E01004684,"6. Caring, leisure and other service occupations",16,22,-6
E01004684,7. Sales and customer service occupations,19,24,-5
E01004684,"8. Process, plant and machine operatives",11,5,6
E01004684,9. Elementary occupations,20,36,-16
E01004686,"1. Managers, directors and senior officials",118,143,-25
E01004686,2. Professional occupations,223,174,49
E01004686,3. Associate professional and technical occupations,120,20,100
E01004686,4. Administrative and secretarial occupations,24,56,-32
E01004686,5. Skilled trades occupations,27,20,7
E01004686,"6. Caring, leisure and other service occupations",30,35,-5
E01004686,7. Sales and customer service occupations,32,28,4
E01004686,"8. Process, plant and machine operatives",19,10,9
E01004686,9. Elementary occupations,46,70,-24
E01004687,"1. Managers, directors and senior officials",251,292,-41
E01004687,2. Professional occupations,183,170,13
E01004687,3. Associate professional and technical occupations,89,42,47
E01004687,4. Administrative and secretarial occupations,30,58,-28
E01004687,5. Skilled trades occupations,19,19,0
E01004687,"6. Caring, leisure and other service occupations",45,83,-38
E01004687,7. Sales and customer service occupations,11,35,-24
E01004687,"8. Process, plant and machine operatives",3,5,-2
E01004687,9. Elementary occupations,19,35,-16
E01004690,"1. Managers, directors and senior officials",189,253,-64
E01004690,2. Professional occupations,90,114,-24
E01004690,3. Associate professional and technical occupations,58,26,32
E01004690,4. Administrative and secretarial occupations,19,45,-26
E01004690,5. Skilled trades occupations,24,18,6
E01004690,"6. Caring, leisure and other service occupations",72,67,5
E01004690,7. Sales and customer service occupations,10,31,-21
E01004690,"8. Process, plant and machine operatives",3,7,-4
E01004690,9. Elementary occupations,47,33,14
E01004691,"1. Managers, directors and senior officials",191,269,-78
E01004691,2. Professional occupations,155,112,43
E01004691,3. Associate professional and technical occupations,122,22,100
E01004691,4. Administrative and secretarial occupations,40,62,-22
E01004691,5. Skilled trades occupations,8,21,-13
E01004691,"6. Caring, leisure and other service occupations",42,66,-24
E01004691,7. Sales and customer service occupations,12,23,-11
E01004691,"8. Process, plant and machine operatives",3,5,-2
E01004691,9. Elementary occupations,69,58,11
E01004692,"1. Managers, directors and senior officials",170,187,-17
E01004692,2. Professional occupations,80,141,-61
E01004692,3. Associate professional and technical occupations,68,35,33
E01004692,4. Administrative and secretarial occupations,10,50,-40
E01004692,5. Skilled trades occupations,4,23,-19
E01004692,"6. Caring, leisure and other service occupations",51,47,4
E01004692,7. Sales and customer service occupations,18,11,7
E01004692,"8. Process, plant and machine operatives",35,6,29
E01004692,9. Elementary occupations,9,41,-32
E01004693,"1. Managers, directors and senior officials",171,246,-75
E01004693,2. Professional occupations,210,202,8
E01004693,3. Associate professional and technical occupations,109,35,74
E01004693,4. Administrative and secretarial occupations,35,52,-17
E01004693,5. Skilled trades occupations,14,20,-6
E01004693,"6. Caring, leisure and other service occupations",27,20,7
E01004693,7. Sales and customer service occupations,17,28,-11
E01004693,"8. Process, plant and machine operatives",13,2,11
E01004693,9. Elementary occupations,11,13,-2
E01004694,"1. Managers, directors and senior officials",231,261,-30
E01004694,2. Professional occupations,302,272,30
E01004694,3. Associate professional and technical occupations,145,55,90
E01004694,4. Administrative and secretarial occupations,52,96,-44
E01004694,5. Skilled trades occupations,18,30,-12
E01004694,"6. Caring, leisure and other service occupations",34,36,-2
E01004694,7. Sales and customer service occupations,22,48,-26
E01004694,"8. Process, plant and machine operatives",8,10,-2
E01004694,9. Elementary occupations,50,62,-12
E01004695,"1. Managers, directors and senior officials",106,143,-37
E01004695,2. Professional occupations,233,232,1
E01004695,3. Associate professional and technical occupations,101,30,71
E01004695,4. Administrative and secretarial occupations,46,60,-14
E01004695,5. Skilled trades occupations,7,15,-8
E01004695,"6. Caring, leisure and other service occupations",26,23,3
E01004695,7. Sales and customer service occupations,18,21,-3
E01004695,"8. Process, plant and machine operatives",7,9,-2
E01004695,9. Elementary occupations,17,46,-29
E01004696,"1. Managers, directors and senior officials",91,76,15
E01004696,2. Professional occupations,172,141,31
E01004696,3. Associate professional and technical occupations,109,29,80
E01004696,4. Administrative and secretarial occupations,47,58,-11
E01004696,5. Skilled trades occupations,35,34,1
E01004696,"6. Caring, leisure and other service occupations",52,65,-13
E01004696,7. Sales and customer service occupations,46,41,5
E01004696,"8. Process, plant and machine operatives",23,25,-2
E01004696,9. Elementary occupations,79,51,28
E01004697,"1. Managers, directors and senior officials",190,182,8
E01004697,2. Professional occupations,255,285,-30
E01004697,3. Associate professional and technical occupations,135,41,94
E01004697,4. Administrative and secretarial occupations,56,63,-7
E01004697,5. Skilled trades occupations,27,20,7
E01004697,"6. Caring, leisure and other service occupations",42,47,-5
E01004697,7. Sales and customer service occupations,61,37,24
E01004697,"8. Process, plant and machine operatives",5,8,-3
E01004697,9. Elementary occupations,41,39,2
E01004698,"1. Managers, directors and senior officials",172,186,-14
E01004698,2. Professional occupations,253,258,-5
E01004698,3. Associate professional and technical occupations,135,55,80
E01004698,4. Administrative and secretarial occupations,73,86,-13
E01004698,5. Skilled trades occupations,16,31,-15
E01004698,"6. Caring, leisure and other service occupations",31,45,-14
E01004698,7. Sales and customer service occupations,30,42,-12
E01004698,"8. Process, plant and machine operatives",5,13,-8
E01004698,9. Elementary occupations,50,84,-34
E01004699,"1. Managers, directors and senior officials",267,306,-39
E01004699,2. Professional occupations,388,393,-5
E01004699,3. Associate professional and technical occupations,222,47,175
E01004699,4. Administrative and secretarial occupations,46,86,-40
E01004699,5. Skilled trades occupations,21,36,-15
E01004699,"6. Caring, leisure and other service occupations",34,52,-18
E01004699,7. Sales and customer service occupations,31,48,-17
E01004699,"8. Process, plant and machine operatives",23,11,12
E01004699,9. Elementary occupations,45,81,-36
E01004700,"1. Managers, directors and senior officials",206,206,0
E01004700,2. Professional occupations,312,336,-24
E01004700,3. Associate professional and technical occupations,166,53,113
E01004700,4. Administrative and secretarial occupations,42,79,-37
E01004700,5. Skilled trades occupations,22,27,-5
E01004700,"6. Caring, leisure and other service occupations",40,46,-6
E01004700,7. Sales and customer service occupations,23,36,-13
E01004700,"8. Process, plant and machine operatives",8,6,2
E01004700,9. Elementary occupations,30,59,-29
E01004701,"1. Managers, directors and senior officials",253,226,27
E01004701,2. Professional occupations,331,283,48
E01004701,3. Associate professional and technical occupations,182,47,135
E01004701,4. Administrative and secretarial occupations,36,64,-28
E01004701,5. Skilled trades occupations,4,13,-9
E01004701,"6. Caring, leisure and other service occupations",32,33,-1
E01004701,7. Sales and customer service occupations,19,28,-9
E01004701,"8. Process, plant and machine operatives",6,15,-9
E01004701,9. Elementary occupations,15,25,-10
E01004702,"1. Managers, directors and senior officials",131,84,47
E01004702,2. Professional occupations,249,145,104
E01004702,3. Associate professional and technical occupations,168,49,119
E01004702,4. Administrative and secretarial occupations,110,110,0
E01004702,5. Skilled trades occupations,58,52,6
E01004702,"6. Caring, leisure and other service occupations",71,87,-16
E01004702,7. Sales and customer service occupations,100,99,1
E01004702,"8. Process, plant and machine operatives",46,36,10
E01004702,9. Elementary occupations,131,100,31
E01004703,"1. Managers, directors and senior officials",337,299,38
E01004703,2. Professional occupations,276,309,-33
E01004703,3. Associate professional and technical occupations,205,58,147
E01004703,4. Administrative and secretarial occupations,43,60,-17
E01004703,5. Skilled trades occupations,26,37,-11
E01004703,"6. Caring, leisure and other service occupations",29,52,-23
E01004703,7. Sales and customer service occupations,27,22,5
E01004703,"8. Process, plant and machine operatives",18,10,8
E01004703,9. Elementary occupations,28,39,-11
E01004705,"1. Managers, directors and senior officials",216,237,-21
E01004705,2. Professional occupations,264,278,-14
E01004705,3. Associate professional and technical occupations,135,42,93
E01004705,4. Administrative and secretarial occupations,34,58,-24
E01004705,5. Skilled trades occupations,18,17,1
E01004705,"6. Caring, leisure and other service occupations",16,26,-10
E01004705,7. Sales and customer service occupations,19,20,-1
E01004705,"8. Process, plant and machine operatives",7,2,5
E01004705,9. Elementary occupations,26,15,11
E01004706,"1. Managers, directors and senior officials",216,219,-3
E01004706,2. Professional occupations,399,399,0
E01004706,3. Associate professional and technical occupations,192,67,125
E01004706,4. Administrative and secretarial occupations,53,60,-7
E01004706,5. Skilled trades occupations,24,22,2
E01004706,"6. Caring, leisure and other service occupations",16,22,-6
E01004706,7. Sales and customer service occupations,22,36,-14
E01004706,"8. Process, plant and machine operatives",9,9,0
E01004706,9. Elementary occupations,12,18,-6
E01004707,"1. Managers, directors and senior officials",311,318,-7
E01004707,2. Professional occupations,454,436,18
E01004707,3. Associate professional and technical occupations,231,61,170
E01004707,4. Administrative and secretarial occupations,52,79,-27
E01004707,5. Skilled trades occupations,27,25,2
E01004707,"6. Caring, leisure and other service occupations",33,27,6
E01004707,7. Sales and customer service occupations,25,36,-11
E01004707,"8. Process, plant and machine operatives",12,9,3
E01004707,9. Elementary occupations,32,31,1
E01004708,"1. Managers, directors and senior officials",162,123,39
E01004708,2. Professional occupations,271,280,-9
E01004708,3. Associate professional and technical occupations,171,56,115
E01004708,4. Administrative and secretarial occupations,49,79,-30
E01004708,5. Skilled trades occupations,35,40,-5
E01004708,"6. Caring, leisure and other service occupations",62,53,9
E01004708,7. Sales and customer service occupations,43,50,-7
E01004708,"8. Process, plant and machine operatives",20,26,-6
E01004708,9. Elementary occupations,62,59,3
E01004709,"1. Managers, directors and senior officials",178,120,58
E01004709,2. Professional occupations,231,202,29
E01004709,3. Associate professional and technical occupations,134,48,86
E01004709,4. Administrative and secretarial occupations,46,58,-12
E01004709,5. Skilled trades occupations,32,27,5
E01004709,"6. Caring, leisure and other service occupations",49,44,5
E01004709,7. Sales and customer service occupations,53,42,11
E01004709,"8. Process, plant and machine operatives",27,21,6
E01004709,9. Elementary occupations,37,54,-17
E01004710,"1. Managers, directors and senior officials",157,77,80
E01004710,2. Professional occupations,190,104,86
E01004710,3. Associate professional and technical occupations,139,35,104
E01004710,4. Administrative and secretarial occupations,59,65,-6
E01004710,5. Skilled trades occupations,46,28,18
E01004710,"6. Caring, leisure and other service occupations",86,54,32
E01004710,7. Sales and customer service occupations,55,56,-1
E01004710,"8. Process, plant and machine operatives",43,26,17
E01004710,9. Elementary occupations,79,62,17
E01004711,"1. Managers, directors and senior officials",128,88,40
E01004711,2. Professional occupations,218,175,43
E01004711,3. Associate professional and technical occupations,140,41,99
E01004711,4. Administrative and secretarial occupations,81,89,-8
E01004711,5. Skilled trades occupations,44,36,8
E01004711,"6. Caring, leisure and other service occupations",67,61,6
E01004711,7. Sales and customer service occupations,88,50,38
E01004711,"8. Process, plant and machine operatives",29,36,-7
E01004711,9. Elementary occupations,77,65,12
E01004712,"1. Managers, directors and senior officials",230,226,4
E01004712,2. Professional occupations,278,261,17
E01004712,3. Associate professional and technical occupations,149,50,99
E01004712,4. Administrative and secretarial occupations,43,63,-20
E01004712,5. Skilled trades occupations,10,29,-19
E01004712,"6. Caring, leisure and other service occupations",14,27,-13
E01004712,7. Sales and customer service occupations,18,41,-23
E01004712,"8. Process, plant and machine operatives",11,7,4
E01004712,9. Elementary occupations,23,30,-7
E01004713,"1. Managers, directors and senior officials",272,356,-84
E01004713,2. Professional occupations,264,362,-98
E01004713,3. Associate professional and technical occupations,130,53,77
E01004713,4. Administrative and secretarial occupations,36,94,-58
E01004713,5. Skilled trades occupations,10,14,-4
E01004713,"6. Caring, leisure and other service occupations",15,37,-22
E01004713,7. Sales and customer service occupations,3,23,-20
E01004713,"8. Process, plant and machine operatives",6,2,4
E01004713,9. Elementary occupations,23,34,-11
E01004714,"1. Managers, directors and senior officials",361,350,11
E01004714,2. Professional occupations,320,339,-19
E01004714,3. Associate professional and technical occupations,156,64,92
E01004714,4. Administrative and secretarial occupations,28,111,-83
E01004714,5. Skilled trades occupations,17,24,-7
E01004714,"6. Caring, leisure and other service occupations",46,47,-1
E01004714,7. Sales and customer service occupations,21,31,-10
E01004714,"8. Process, plant and machine operatives",7,13,-6
E01004714,9. Elementary occupations,22,48,-26
E01004715,"1. Managers, directors and senior officials",183,84,99
E01004715,2. Professional occupations,261,160,101
E01004715,3. Associate professional and technical occupations,147,32,115
E01004715,4. Administrative and secretarial occupations,55,68,-13
E01004715,5. Skilled trades occupations,21,18,3
E01004715,"6. Caring, leisure and other service occupations",39,37,2
E01004715,7. Sales and customer service occupations,61,31,30
E01004715,"8. Process, plant and machine operatives",16,4,12
E01004715,9. Elementary occupations,43,39,4
E01004716,"1. Managers, directors and senior officials",196,301,-105
E01004716,2. Professional occupations,164,291,-127
E01004716,3. Associate professional and technical occupations,119,38,81
E01004716,4. Administrative and secretarial occupations,33,58,-25
E01004716,5. Skilled trades occupations,5,21,-16
E01004716,"6. Caring, leisure and other service occupations",38,54,-16
E01004716,7. Sales and customer service occupations,15,42,-27
E01004716,"8. Process, plant and machine operatives",9,1,8
E01004716,9. Elementary occupations,15,44,-29
E01004717,"1. Managers, directors and senior officials",259,301,-42
E01004717,2. Professional occupations,269,270,-1
E01004717,3. Associate professional and technical occupations,129,40,89
E01004717,4. Administrative and secretarial occupations,33,61,-28
E01004717,5. Skilled trades occupations,19,14,5
E01004717,"6. Caring, leisure and other service occupations",29,21,8
E01004717,7. Sales and customer service occupations,18,20,-2
E01004717,"8. Process, plant and machine operatives",19,2,17
E01004717,9. Elementary occupations,12,20,-8
E01004718,"1. Managers, directors and senior officials",128,94,34
E01004718,2. Professional occupations,213,183,30
E01004718,3. Associate professional and technical occupations,158,55,103
E01004718,4. Administrative and secretarial occupations,75,91,-16
E01004718,5. Skilled trades occupations,47,86,-39
E01004718,"6. Caring, leisure and other service occupations",84,87,-3
E01004718,7. Sales and customer service occupations,101,77,24
E01004718,"8. Process, plant and machine operatives",41,23,18
E01004718,9. Elementary occupations,79,89,-10
E01004719,"1. Managers, directors and senior officials",110,72,38
E01004719,2. Professional occupations,176,146,30
E01004719,3. Associate professional and technical occupations,170,56,114
E01004719,4. Administrative and secretarial occupations,77,94,-17
E01004719,5. Skilled trades occupations,65,55,10
E01004719,"6. Caring, leisure and other service occupations",113,90,23
E01004719,7. Sales and customer service occupations,56,72,-16
E01004719,"8. Process, plant and machine operatives",37,44,-7
E01004719,9. Elementary occupations,63,73,-10
E01004720,"1. Managers, directors and senior officials",131,92,39
E01004720,2. Professional occupations,224,140,84
E01004720,3. Associate professional and technical occupations,171,48,123
E01004720,4. Administrative and secretarial occupations,70,86,-16
E01004720,5. Skilled trades occupations,54,59,-5
E01004720,"6. Caring, leisure and other service occupations",85,71,14
E01004720,7. Sales and customer service occupations,127,67,60
E01004720,"8. Process, plant and machine operatives",46,48,-2
E01004720,9. Elementary occupations,76,83,-7
E01004721,"1. Managers, directors and senior officials",95,74,21
E01004721,2. Professional occupations,137,124,13
E01004721,3. Associate professional and technical occupations,99,48,51
E01004721,4. Administrative and secretarial occupations,75,102,-27
E01004721,5. Skilled trades occupations,45,58,-13
E01004721,"6. Caring, leisure and other service occupations",73,87,-14
E01004721,7. Sales and customer service occupations,62,71,-9
E01004721,"8. Process, plant and machine operatives",46,33,13
E01004721,9. Elementary occupations,98,125,-27
E01004722,"1. Managers, directors and senior officials",90,59,31
E01004722,2. Professional occupations,190,105,85
E01004722,3. Associate professional and technical occupations,169,38,131
E01004722,4. Administrative and secretarial occupations,75,86,-11
E01004722,5. Skilled trades occupations,83,84,-1
E01004722,"6. Caring, leisure and other service occupations",125,99,26
E01004722,7. Sales and customer service occupations,100,107,-7
E01004722,"8. Process, plant and machine operatives",63,48,15
E01004722,9. Elementary occupations,134,133,1
E01004723,"1. Managers, directors and senior officials",149,88,61
E01004723,2. Professional occupations,282,243,39
E01004723,3. Associate professional and technical occupations,182,59,123
E01004723,4. Administrative and secretarial occupations,87,97,-10
E01004723,5. Skilled trades occupations,68,67,1
E01004723,"6. Caring, leisure and other service occupations",79,97,-18
E01004723,7. Sales and customer service occupations,82,72,10
E01004723,"8. Process, plant and machine operatives",46,34,12
E01004723,9. Elementary occupations,88,103,-15
E01004724,"1. Managers, directors and senior officials",310,196,114
E01004724,2. Professional occupations,267,240,27
E01004724,3. Associate professional and technical occupations,180,33,147
E01004724,4. Administrative and secretarial occupations,84,86,-2
E01004724,5. Skilled trades occupations,22,22,0
E01004724,"6. Caring, leisure and other service occupations",31,37,-6
E01004724,7. Sales and customer service occupations,31,45,-14
E01004724,"8. Process, plant and machine operatives",12,14,-2
E01004724,9. Elementary occupations,38,55,-17
E01004725,"1. Managers, directors and senior officials",118,105,13
E01004725,2. Professional occupations,134,123,11
E01004725,3. Associate professional and technical occupations,99,22,77
E01004725,4. Administrative and secretarial occupations,37,63,-26
E01004725,5. Skilled trades occupations,15,29,-14
E01004725,"6. Caring, leisure and other service occupations",43,38,5
E01004725,7. Sales and customer service occupations,34,24,10
E01004725,"8. Process, plant and machine operatives",13,22,-9
E01004725,9. Elementary occupations,18,29,-11
E01004726,"1. Managers, directors and senior officials",290,226,64
E01004726,2. Professional occupations,251,227,24
E01004726,3. Associate professional and technical occupations,117,47,70
E01004726,4. Administrative and secretarial occupations,45,75,-30
E01004726,5. Skilled trades occupations,9,28,-19
E01004726,"6. Caring, leisure and other service occupations",41,36,5
E01004726,7. Sales and customer service occupations,18,27,-9
E01004726,"8. Process, plant and machine operatives",12,7,5
E01004726,9. Elementary occupations,29,39,-10
E01004727,"1. Managers, directors and senior officials",226,280,-54
E01004727,2. Professional occupations,292,290,2
E01004727,3. Associate professional and technical occupations,102,37,65
E01004727,4. Administrative and secretarial occupations,74,75,-1
E01004727,5. Skilled trades occupations,15,14,1
E01004727,"6. Caring, leisure and other service occupations",51,40,11
E01004727,7. Sales and customer service occupations,20,27,-7
E01004727,"8. Process, plant and machine operatives",5,9,-4
E01004727,9. Elementary occupations,31,34,-3
E01004728,"1. Managers, directors and senior officials",172,140,32
E01004728,2. Professional occupations,250,169,81
E01004728,3. Associate professional and technical occupations,119,34,85
E01004728,4. Administrative and secretarial occupations,47,86,-39
E01004728,5. Skilled trades occupations,20,25,-5
E01004728,"6. Caring, leisure and other service occupations",26,31,-5
E01004728,7. Sales and customer service occupations,22,32,-10
E01004728,"8. Process, plant and machine operatives",19,14,5
E01004728,9. Elementary occupations,30,37,-7
E01004729,"1. Managers, directors and senior officials",129,117,12
E01004729,2. Professional occupations,166,146,20
E01004729,3. Associate professional and technical occupations,127,35,92
E01004729,4. Administrative and secretarial occupations,42,75,-33
E01004729,5. Skilled trades occupations,20,17,3
E01004729,"6. Caring, leisure and other service occupations",42,46,-4
E01004729,7. Sales and customer service occupations,36,36,0
E01004729,"8. Process, plant and machine operatives",10,24,-14
E01004729,9. Elementary occupations,32,33,-1
E01004730,"1. Managers, directors and senior officials",200,191,9
E01004730,2. Professional occupations,260,191,69
E01004730,3. Associate professional and technical occupations,117,37,80
E01004730,4. Administrative and secretarial occupations,47,70,-23
E01004730,5. Skilled trades occupations,5,14,-9
E01004730,"6. Caring, leisure and other service occupations",37,44,-7
E01004730,7. Sales and customer service occupations,11,20,-9
E01004730,"8. Process, plant and machine operatives",15,8,7
E01004730,9. Elementary occupations,13,35,-22
E01004731,"1. Managers, directors and senior officials",340,284,56
E01004731,2. Professional occupations,411,289,122
E01004731,3. Associate professional and technical occupations,195,61,134
E01004731,4. Administrative and secretarial occupations,73,113,-40
E01004731,5. Skilled trades occupations,40,39,1
E01004731,"6. Caring, leisure and other service occupations",54,42,12
E01004731,7. Sales and customer service occupations,39,32,7
E01004731,"8. Process, plant and machine operatives",15,19,-4
E01004731,9. Elementary occupations,71,65,6
E01004732,"1. Managers, directors and senior officials",72,72,0
E01004732,2. Professional occupations,116,103,13
E01004732,3. Associate professional and technical occupations,73,37,36
E01004732,4. Administrative and secretarial occupations,54,68,-14
E01004732,5. Skilled trades occupations,36,37,-1
E01004732,"6. Caring, leisure and other service occupations",54,62,-8
E01004732,7. Sales and customer service occupations,33,42,-9
E01004732,"8. Process, plant and machine operatives",18,20,-2
E01004732,9. Elementary occupations,63,69,-6
E01004733,"1. Managers, directors and senior officials",249,266,-17
E01004733,2. Professional occupations,494,297,197
E01004733,3. Associate professional and technical occupations,190,58,132
E01004733,4. Administrative and secretarial occupations,57,106,-49
E01004733,5. Skilled trades occupations,24,24,0
E01004733,"6. Caring, leisure and other service occupations",43,52,-9
E01004733,7. Sales and customer service occupations,32,35,-3
E01004733,"8. Process, plant and machine operatives",6,16,-10
E01004733,9. Elementary occupations,37,33,4
E01004734,"1. Managers, directors and senior officials",200,243,-43
E01004734,2. Professional occupations,293,238,55
E01004734,3. Associate professional and technical occupations,162,62,100
E01004734,4. Administrative and secretarial occupations,56,71,-15
E01004734,5. Skilled trades occupations,45,68,-23
E01004734,"6. Caring, leisure and other service occupations",37,42,-5
E01004734,7. Sales and customer service occupations,36,45,-9
E01004734,"8. Process, plant and machine operatives",17,18,-1
E01004734,9. Elementary occupations,47,109,-62
E01004735,"1. Managers, directors and senior officials",212,191,21
E01004735,2. Professional occupations,302,266,36
E01004735,3. Associate professional and technical occupations,186,50,136
E01004735,4. Administrative and secretarial occupations,62,89,-27
E01004735,5. Skilled trades occupations,41,29,12
E01004735,"6. Caring, leisure and other service occupations",79,43,36
E01004735,7. Sales and customer service occupations,47,37,10
E01004735,"8. Process, plant and machine operatives",14,10,4
E01004735,9. Elementary occupations,31,83,-52
E01004736,"1. Managers, directors and senior officials",227,276,-49
E01004736,2. Professional occupations,223,214,9
E01004736,3. Associate professional and technical occupations,251,241,10
E01004736,4. Administrative and secretarial occupations,28,65,-37
E01004736,5. Skilled trades occupations,19,29,-10
E01004736,"6. Caring, leisure and other service occupations",39,50,-11
E01004736,7. Sales and customer service occupations,21,18,3
E01004736,"8. Process, plant and machine operatives",3,13,-10
E01004736,9. Elementary occupations,61,54,7
E01004737,"1. Managers, directors and senior officials",125,133,-8
E01004737,2. Professional occupations,150,133,17
E01004737,3. Associate professional and technical occupations,80,32,48
E01004737,4. Administrative and secretarial occupations,62,63,-1
E01004737,5. Skilled trades occupations,30,34,-4
E01004737,"6. Caring, leisure and other service occupations",42,48,-6
E01004737,7. Sales and customer service occupations,21,41,-20
E01004737,"8. Process, plant and machine operatives",33,22,11
E01004737,9. Elementary occupations,45,46,-1
E01004740,"1. Managers, directors and senior officials",81,70,11
E01004740,2. Professional occupations,151,163,-12
E01004740,3. Associate professional and technical occupations,86,50,36
E01004740,4. Administrative and secretarial occupations,56,85,-29
E01004740,5. Skilled trades occupations,26,34,-8
E01004740,"6. Caring, leisure and other service occupations",34,45,-11
E01004740,7. Sales and customer service occupations,40,33,7
E01004740,"8. Process, plant and machine operatives",30,22,8
E01004740,9. Elementary occupations,56,61,-5
E01004741,"1. Managers, directors and senior officials",118,102,16
E01004741,2. Professional occupations,255,199,56
E01004741,3. Associate professional and technical occupations,137,33,104
E01004741,4. Administrative and secretarial occupations,64,71,-7
E01004741,5. Skilled trades occupations,33,40,-7
E01004741,"6. Caring, leisure and other service occupations",47,47,0
E01004741,7. Sales and customer service occupations,18,44,-26
E01004741,"8. Process, plant and machine operatives",24,20,4
E01004741,9. Elementary occupations,26,48,-22
E01004742,"1. Managers, directors and senior officials",151,201,-50
E01004742,2. Professional occupations,357,295,62
E01004742,3. Associate professional and technical occupations,132,48,84
E01004742,4. Administrative and secretarial occupations,42,105,-63
E01004742,5. Skilled trades occupations,36,16,20
E01004742,"6. Caring, leisure and other service occupations",26,23,3
E01004742,7. Sales and customer service occupations,28,23,5
E01004742,"8. Process, plant and machine operatives",45,10,35
E01004742,9. Elementary occupations,21,24,-3
E01004743,"1. Managers, directors and senior officials",142,120,22
E01004743,2. Professional occupations,214,172,42
E01004743,3. Associate professional and technical occupations,100,38,62
E01004743,4. Administrative and secretarial occupations,78,72,6
E01004743,5. Skilled trades occupations,30,32,-2
E01004743,"6. Caring, leisure and other service occupations",42,37,5
E01004743,7. Sales and customer service occupations,54,41,13
E01004743,"8. Process, plant and machine operatives",27,19,8
E01004743,9. Elementary occupations,59,65,-6
E01004744,"1. Managers, directors and senior officials",121,103,18
E01004744,2. Professional occupations,170,142,28
E01004744,3. Associate professional and technical occupations,155,111,44
E01004744,4. Administrative and secretarial occupations,51,78,-27
E01004744,5. Skilled trades occupations,25,21,4
E01004744,"6. Caring, leisure and other service occupations",37,40,-3
E01004744,7. Sales and customer service occupations,29,30,-1
E01004744,"8. Process, plant and machine operatives",16,14,2
E01004744,9. Elementary occupations,41,42,-1
E01004746,"1. Managers, directors and senior officials",72,81,-9
E01004746,2. Professional occupations,157,149,8
E01004746,3. Associate professional and technical occupations,102,28,74
E01004746,4. Administrative and secretarial occupations,37,87,-50
E01004746,5. Skilled trades occupations,25,36,-11
E01004746,"6. Caring, leisure and other service occupations",55,47,8
E01004746,7. Sales and customer service occupations,34,40,-6
E01004746,"8. Process, plant and machine operatives",34,39,-5
E01004746,9. Elementary occupations,42,62,-20
E01004747,"1. Managers, directors and senior officials",201,229,-28
E01004747,2. Professional occupations,445,357,88
E01004747,3. Associate professional and technical occupations,164,56,108
E01004747,4. Administrative and secretarial occupations,86,122,-36
E01004747,5. Skilled trades occupations,15,36,-21
E01004747,"6. Caring, leisure and other service occupations",60,38,22
E01004747,7. Sales and customer service occupations,79,43,36
E01004747,"8. Process, plant and machine operatives",33,13,20
E01004747,9. Elementary occupations,72,62,10
E01004748,"1. Managers, directors and senior officials",145,197,-52
E01004748,2. Professional occupations,223,218,5
E01004748,3. Associate professional and technical occupations,98,41,57
E01004748,4. Administrative and secretarial occupations,37,65,-28
E01004748,5. Skilled trades occupations,13,11,2
E01004748,"6. Caring, leisure and other service occupations",16,34,-18
E01004748,7. Sales and customer service occupations,16,17,-1
E01004748,"8. Process, plant and machine operatives",4,7,-3
E01004748,9. Elementary occupations,13,29,-16
E01004749,"1. Managers, directors and senior officials",337,294,43
E01004749,2. Professional occupations,459,372,87
E01004749,3. Associate professional and technical occupations,181,62,119
E01004749,4. Administrative and secretarial occupations,65,149,-84
E01004749,5. Skilled trades occupations,32,44,-12
E01004749,"6. Caring, leisure and other service occupations",71,51,20
E01004749,7. Sales and customer service occupations,49,60,-11
E01004749,"8. Process, plant and machine operatives",15,15,0
E01004749,9. Elementary occupations,43,53,-10
E01004750,"1. Managers, directors and senior officials",162,187,-25
E01004750,2. Professional occupations,245,207,38
E01004750,3. Associate professional and technical occupations,102,42,60
E01004750,4. Administrative and secretarial occupations,41,87,-46
E01004750,5. Skilled trades occupations,23,42,-19
E01004750,"6. Caring, leisure and other service occupations",40,49,-9
E01004750,7. Sales and customer service occupations,41,43,-2
E01004750,"8. Process, plant and machine operatives",30,19,11
E01004750,9. Elementary occupations,33,74,-41
E01004751,"1. Managers, directors and senior officials",239,277,-38
E01004751,2. Professional occupations,327,358,-31
E01004751,3. Associate professional and technical occupations,172,67,105
E01004751,4. Administrative and secretarial occupations,55,97,-42
E01004751,5. Skilled trades occupations,24,18,6
E01004751,"6. Caring, leisure and other service occupations",33,26,7
E01004751,7. Sales and customer service occupations,27,26,1
E01004751,"8. Process, plant and machine operatives",8,14,-6
E01004751,9. Elementary occupations,22,36,-14
E01004752,"1. Managers, directors and senior officials",119,130,-11
E01004752,2. Professional occupations,249,269,-20
E01004752,3. Associate professional and technical occupations,161,51,110
E01004752,4. Administrative and secretarial occupations,54,113,-59
E01004752,5. Skilled trades occupations,55,44,11
E01004752,"6. Caring, leisure and other service occupations",42,46,-4
E01004752,7. Sales and customer service occupations,34,34,0
E01004752,"8. Process, plant and machine operatives",17,14,3
E01004752,9. Elementary occupations,54,62,-8
E01004753,"1. Managers, directors and senior officials",182,186,-4
E01004753,2. Professional occupations,317,327,-10
E01004753,3. Associate professional and technical occupations,226,55,171
E01004753,4. Administrative and secretarial occupations,108,144,-36
E01004753,5. Skilled trades occupations,38,48,-10
E01004753,"6. Caring, leisure and other service occupations",37,54,-17
E01004753,7. Sales and customer service occupations,64,44,20
E01004753,"8. Process, plant and machine operatives",28,24,4
E01004753,9. Elementary occupations,33,56,-23
E01004754,"1. Managers, directors and senior officials",80,39,41
E01004754,2. Professional occupations,134,86,48
E01004754,3. Associate professional and technical occupations,105,14,91
E01004754,4. Administrative and secretarial occupations,54,70,-16
E01004754,5. Skilled trades occupations,33,28,5
E01004754,"6. Caring, leisure and other service occupations",70,61,9
E01004754,7. Sales and customer service occupations,76,66,10
E01004754,"8. Process, plant and machine operatives",48,28,20
E01004754,9. Elementary occupations,58,77,-19
E01004755,"1. Managers, directors and senior officials",164,96,68
E01004755,2. Professional occupations,405,255,150
E01004755,3. Associate professional and technical occupations,173,56,117
E01004755,4. Administrative and secretarial occupations,71,58,13
E01004755,5. Skilled trades occupations,49,47,2
E01004755,"6. Caring, leisure and other service occupations",88,82,6
E01004755,7. Sales and customer service occupations,91,70,21
E01004755,"8. Process, plant and machine operatives",42,27,15
E01004755,9. Elementary occupations,83,57,26
E01004756,"1. Managers, directors and senior officials",191,199,-8
E01004756,2. Professional occupations,246,341,-95
E01004756,3. Associate professional and technical occupations,150,47,103
E01004756,4. Administrative and secretarial occupations,76,118,-42
E01004756,5. Skilled trades occupations,29,35,-6
E01004756,"6. Caring, leisure and other service occupations",39,57,-18
E01004756,7. Sales and customer service occupations,42,71,-29
E01004756,"8. Process, plant and machine operatives",32,37,-5
E01004756,9. Elementary occupations,49,79,-30
E01004757,"1. Managers, directors and senior officials",69,56,13
E01004757,2. Professional occupations,151,103,48
E01004757,3. Associate professional and technical occupations,105,17,88
E01004757,4. Administrative and secretarial occupations,56,62,-6
E01004757,5. Skilled trades occupations,48,29,19
E01004757,"6. Caring, leisure and other service occupations",56,50,6
E01004757,7. Sales and customer service occupations,60,49,11
E01004757,"8. Process, plant and machine operatives",43,25,18
E01004757,9. Elementary occupations,63,83,-20
E01004760,"1. Managers, directors and senior officials",159,117,42
E01004760,2. Professional occupations,189,217,-28
E01004760,3. Associate professional and technical occupations,166,44,122
E01004760,4. Administrative and secretarial occupations,68,72,-4
E01004760,5. Skilled trades occupations,40,34,6
E01004760,"6. Caring, leisure and other service occupations",71,53,18
E01004760,7. Sales and customer service occupations,68,57,11
E01004760,"8. Process, plant and machine operatives",19,16,3
E01004760,9. Elementary occupations,63,52,11
E01004761,"1. Managers, directors and senior officials",241,399,-158
E01004761,2. Professional occupations,163,249,-86
E01004761,3. Associate professional and technical occupations,76,44,32
E01004761,4. Administrative and secretarial occupations,28,52,-24
E01004761,5. Skilled trades occupations,15,15,0
E01004761,"6. Caring, leisure and other service occupations",48,80,-32
E01004761,7. Sales and customer service occupations,21,24,-3
E01004761,"8. Process, plant and machine operatives",9,15,-6
E01004761,9. Elementary occupations,28,57,-29
E01004762,"1. Managers, directors and senior officials",260,327,-67
E01004762,2. Professional occupations,150,196,-46
E01004762,3. Associate professional and technical occupations,101,30,71
E01004762,4. Administrative and secretarial occupations,53,68,-15
E01004762,5. Skilled trades occupations,17,29,-12
E01004762,"6. Caring, leisure and other service occupations",71,88,-17
E01004762,7. Sales and customer service occupations,21,61,-40
E01004762,"8. Process, plant and machine operatives",10,23,-13
E01004762,9. Elementary occupations,78,68,10
E01004763,"1. Managers, directors and senior officials",296,263,33
E01004763,2. Professional occupations,464,522,-58
E01004763,3. Associate professional and technical occupations,183,80,103
E01004763,4. Administrative and secretarial occupations,45,69,-24
E01004763,5. Skilled trades occupations,28,70,-42
E01004763,"6. Caring, leisure and other service occupations",51,54,-3
E01004763,7. Sales and customer service occupations,44,57,-13
E01004763,"8. Process, plant and machine operatives",11,8,3
E01004763,9. Elementary occupations,56,83,-27
E01004765,"1. Managers, directors and senior officials",270,263,7
E01004765,2. Professional occupations,344,326,18
E01004765,3. Associate professional and technical occupations,155,59,96
E01004765,4. Administrative and secretarial occupations,46,78,-32
E01004765,5. Skilled trades occupations,21,39,-18
E01004765,"6. Caring, leisure and other service occupations",33,33,0
E01004765,7. Sales and customer service occupations,40,43,-3
E01004765,"8. Process, plant and machine operatives",12,21,-9
E01004765,9. Elementary occupations,51,62,-11
E01032512,"1. Managers, directors and senior officials",111,87,24
E01032512,2. Professional occupations,193,148,45
E01032512,3. Associate professional and technical occupations,93,40,53
E01032512,4. Administrative and secretarial occupations,100,92,8
E01032512,5. Skilled trades occupations,35,62,-27
E01032512,"6. Caring, leisure and other service occupations",92,86,6
E01032512,7. Sales and customer service occupations,63,85,-22
E01032512,"8. Process, plant and machine operatives",75,50,25
E01032512,9. Elementary occupations,107,122,-15
E01032513,"1. Managers, directors and senior officials",47,55,-8
E01032513,2. Professional occupations,107,93,14
E01032513,3. Associate professional and technical occupations,78,24,54
E01032513,4. Administrative and secretarial occupations,22,57,-35
E01032513,5. Skilled trades occupations,37,25,12
E01032513,"6. Caring, leisure and other service occupations",67,45,22
E01032513,7. Sales and customer service occupations,52,35,17
E01032513,"8. Process, plant and machine operatives",23,17,6
E01032513,9. Elementary occupations,61,59,2
E01032562,"1. Managers, directors and senior officials",66,48,18
E01032562,2. Professional occupations,134,86,48
E01032562,3. Associate professional and technical occupations,64,31,33
E01032562,4. Administrative and secretarial occupations,60,81,-21
E01032562,5. Skilled trades occupations,73,77,-4
E01032562,"6. Caring, leisure and other service occupations",114,74,40
E01032562,7. Sales and customer service occupations,80,67,13
E01032562,"8. Process, plant and machine operatives",37,31,6
E01032562,9. Elementary occupations,76,86,-10
E01032563,"1. Managers, directors and senior officials",151,114,37
E01032563,2. Professional occupations,184,156,28
E01032563,3. Associate professional and technical occupations,111,34,77
E01032563,4. Administrative and secretarial occupations,46,79,-33
E01032563,5. Skilled trades occupations,37,52,-15
E01032563,"6. Caring, leisure and other service occupations",35,39,-4
E01032563,7. Sales and customer service occupations,30,40,-10
E01032563,"8. Process, plant and machine operatives",14,25,-11
E01032563,9. Elementary occupations,34,38,-4
E01032564,"1. Managers, directors and senior officials",50,41,9
E01032564,2. Professional occupations,102,73,29
E01032564,3. Associate professional and technical occupations,77,26,51
E01032564,4. Administrative and secretarial occupations,48,67,-19
E01032564,5. Skilled trades occupations,59,53,6
E01032564,"6. Caring, leisure and other service occupations",89,64,25
E01032564,7. Sales and customer service occupations,68,62,6
E01032564,"8. Process, plant and machine operatives",40,32,8
E01032564,9. Elementary occupations,66,69,-3
E01032565,"1. Managers, directors and senior officials",75,52,23
E01032565,2. Professional occupations,97,67,30
E01032565,3. Associate professional and technical occupations,70,30,40
E01032565,4. Administrative and secretarial occupations,72,66,6
E01032565,5. Skilled trades occupations,61,59,2
E01032565,"6. Caring, leisure and other service occupations",74,77,-3
E01032565,7. Sales and customer service occupations,71,58,13
E01032565,"8. Process, plant and machine operatives",65,25,40
E01032565,9. Elementary occupations,83,64,19
E01032566,"1. Managers, directors and senior officials",85,59,26
E01032566,2. Professional occupations,159,99,60
E01032566,3. Associate professional and technical occupations,115,41,74
E01032566,4. Administrative and secretarial occupations,119,138,-19
E01032566,5. Skilled trades occupations,107,87,20
E01032566,"6. Caring, leisure and other service occupations",79,72,7
E01032566,7. Sales and customer service occupations,62,53,9
E01032566,"8. Process, plant and machine operatives",63,52,11
E01032566,9. Elementary occupations,107,96,11
E01032567,"1. Managers, directors and senior officials",87,56,31
E01032567,2. Professional occupations,160,108,52
E01032567,3. Associate professional and technical occupations,101,41,60
E01032567,4. Administrative and secretarial occupations,91,122,-31
E01032567,5. Skilled trades occupations,80,94,-14
E01032567,"6. Caring, leisure and other service occupations",81,77,4
E01032567,7. Sales and customer service occupations,71,51,20
E01032567,"8. Process, plant and machine operatives",54,56,-2
E01032567,9. Elementary occupations,75,79,-4
E01032568,"1. Managers, directors and senior officials",102,54,48
E01032568,2. Professional occupations,159,120,39
E01032568,3. Associate professional and technical occupations,103,60,43
E01032568,4. Administrative and secretarial occupations,97,120,-23
E01032568,5. Skilled trades occupations,60,61,-1
E01032568,"6. Caring, leisure and other service occupations",82,74,8
E01032568,7. Sales and customer service occupations,45,57,-12
E01032568,"8. Process, plant and machine operatives",38,38,0
E01032568,9. Elementary occupations,53,65,-12
E01032569,"1. Managers, directors and senior officials",66,47,19
E01032569,2. Professional occupations,122,73,49
E01032569,3. Associate professional and technical occupations,91,38,53
E01032569,4. Administrative and secretarial occupations,89,88,1
E01032569,5. Skilled trades occupations,68,63,5
E01032569,"6. Caring, leisure and other service occupations",100,84,16
E01032569,7. Sales and customer service occupations,80,81,-1
E01032569,"8. Process, plant and machine operatives",61,60,1
E01032569,9. Elementary occupations,102,104,-2
E01032570,"1. Managers, directors and senior officials",130,105,25
E01032570,2. Professional occupations,129,119,10
E01032570,3. Associate professional and technical occupations,111,73,38
E01032570,4. Administrative and secretarial occupations,97,112,-15
E01032570,5. Skilled trades occupations,88,78,10
E01032570,"6. Caring, leisure and other service occupations",70,77,-7
E01032570,7. Sales and customer service occupations,47,54,-7
E01032570,"8. Process, plant and machine operatives",35,32,3
E01032570,9. Elementary occupations,33,32,1
E01032572,"1. Managers, directors and senior officials",205,168,37
E01032572,2. Professional occupations,281,290,-9
E01032572,3. Associate professional and technical occupations,169,74,95
E01032572,4. Administrative and secretarial occupations,60,88,-28
E01032572,5. Skilled trades occupations,61,28,33
E01032572,"6. Caring, leisure and other service occupations",51,63,-12
E01032572,7. Sales and customer service occupations,48,46,2
E01032572,"8. Process, plant and machine operatives",25,18,7
E01032572,9. Elementary occupations,54,49,5
E01032573,"1. Managers, directors and senior officials",237,195,42
E01032573,2. Professional occupations,338,403,-65
E01032573,3. Associate professional and technical occupations,205,82,123
E01032573,4. Administrative and secretarial occupations,63,97,-34
E01032573,5. Skilled trades occupations,36,42,-6
E01032573,"6. Caring, leisure and other service occupations",41,70,-29
E01032573,7. Sales and customer service occupations,46,34,12
E01032573,"8. Process, plant and machine operatives",20,17,3
E01032573,9. Elementary occupations,52,29,23
E01032574,"1. Managers, directors and senior officials",55,44,11
E01032574,2. Professional occupations,176,149,27
E01032574,3. Associate professional and technical occupations,87,45,42
E01032574,4. Administrative and secretarial occupations,78,85,-7
E01032574,5. Skilled trades occupations,103,88,15
E01032574,"6. Caring, leisure and other service occupations",114,96,18
E01032574,7. Sales and customer service occupations,65,73,-8
E01032574,"8. Process, plant and machine operatives",59,68,-9
E01032574,9. Elementary occupations,123,112,11
E01032575,"1. Managers, directors and senior officials",60,44,16
E01032575,2. Professional occupations,125,105,20
E01032575,3. Associate professional and technical occupations,106,36,70
E01032575,4. Administrative and secretarial occupations,71,63,8
E01032575,5. Skilled trades occupations,75,72,3
E01032575,"6. Caring, leisure and other service occupations",114,93,21
E01032575,7. Sales and customer service occupations,61,59,2
E01032575,"8. Process, plant and machine operatives",67,58,9
E01032575,9. Elementary occupations,195,111,84
E01032576,"1. Managers, directors and senior officials",124,87,37
E01032576,2. Professional occupations,189,192,-3
E01032576,3. Associate professional and technical occupations,108,46,62
E01032576,4. Administrative and secretarial occupations,91,108,-17
E01032576,5. Skilled trades occupations,92,67,25
E01032576,"6. Caring, leisure and other service occupations",56,70,-14
E01032576,7. Sales and customer service occupations,80,78,2
E01032576,"8. Process, plant and machine operatives",47,41,6
E01032576,9. Elementary occupations,68,60,8
E01032577,"1. Managers, directors and senior officials",119,89,30
E01032577,2. Professional occupations,191,131,60
E01032577,3. Associate professional and technical occupations,131,62,69
E01032577,4. Administrative and secretarial occupations,105,107,-2
E01032577,5. Skilled trades occupations,103,96,7
E01032577,"6. Caring, leisure and other service occupations",75,95,-20
E01032577,7. Sales and customer service occupations,53,71,-18
E01032577,"8. Process, plant and machine operatives",49,59,-10
E01032577,9. Elementary occupations,60,67,-7
E01032579,"1. Managers, directors and senior officials",148,56,92
E01032579,2. Professional occupations,319,107,212
E01032579,3. Associate professional and technical occupations,272,55,217
E01032579,4. Administrative and secretarial occupations,57,81,-24
E01032579,5. Skilled trades occupations,66,52,14
E01032579,"6. Caring, leisure and other service occupations",108,82,26
E01032579,7. Sales and customer service occupations,49,61,-12
E01032579,"8. Process, plant and machine operatives",43,24,19
E01032579,9. Elementary occupations,138,121,17
E01032580,"1. Managers, directors and senior officials",45,40,5
E01032580,2. Professional occupations,86,54,32
E01032580,3. Associate professional and technical occupations,53,25,28
E01032580,4. Administrative and secretarial occupations,63,64,-1
E01032580,5. Skilled trades occupations,71,60,11
E01032580,"6. Caring, leisure and other service occupations",82,65,17
E01032580,7. Sales and customer service occupations,57,57,0
E01032580,"8. Process, plant and machine operatives",69,53,16
E01032580,9. Elementary occupations,105,84,21
E01032581,"1. Managers, directors and senior officials",88,80,8
E01032581,2. Professional occupations,122,111,11
E01032581,3. Associate professional and technical occupations,101,50,51
E01032581,4. Administrative and secretarial occupations,76,121,-45
E01032581,5. Skilled trades occupations,99,59,40
E01032581,"6. Caring, leisure and other service occupations",108,65,43
E01032581,7. Sales and customer service occupations,80,69,11
E01032581,"8. Process, plant and machine operatives",80,49,31
E01032581,9. Elementary occupations,131,94,37
E01032582,"1. Managers, directors and senior officials",186,120,66
E01032582,2. Professional occupations,470,295,175
E01032582,3. Associate professional and technical occupations,190,64,126
E01032582,4. Administrative and secretarial occupations,88,100,-12
E01032582,5. Skilled trades occupations,42,49,-7
E01032582,"6. Caring, leisure and other service occupations",69,69,0
E01032582,7. Sales and customer service occupations,66,58,8
E01032582,"8. Process, plant and machine operatives",36,30,6
E01032582,9. Elementary occupations,94,106,-12
E01032583,"1. Managers, directors and senior officials",182,94,88
E01032583,2. Professional occupations,378,244,134
E01032583,3. Associate professional and technical occupations,188,49,139
E01032583,4. Administrative and secretarial occupations,88,75,13
E01032583,5. Skilled trades occupations,32,32,0
E01032583,"6. Caring, leisure and other service occupations",57,45,12
E01032583,7. Sales and customer service occupations,63,66,-3
E01032583,"8. Process, plant and machine operatives",34,27,7
E01032583,9. Elementary occupations,84,101,-17
E01032584,"1. Managers, directors and senior officials",91,85,6
E01032584,2. Professional occupations,207,193,14
E01032584,3. Associate professional and technical occupations,114,36,78
E01032584,4. Administrative and secretarial occupations,57,69,-12
E01032584,5. Skilled trades occupations,20,21,-1
E01032584,"6. Caring, leisure and other service occupations",52,48,4
E01032584,7. Sales and customer service occupations,51,51,0
E01032584,"8. Process, plant and machine operatives",29,25,4
E01032584,9. Elementary occupations,60,68,-8
E01032623,"1. Managers, directors and senior officials",215,162,53
E01032623,2. Professional occupations,285,248,37
E01032623,3. Associate professional and technical occupations,94,23,71
E01032623,4. Administrative and secretarial occupations,77,86,-9
E01032623,5. Skilled trades occupations,35,33,2
E01032623,"6. Caring, leisure and other service occupations",30,50,-20
E01032623,7. Sales and customer service occupations,22,44,-22
E01032623,"8. Process, plant and machine operatives",12,23,-11
E01032623,9. Elementary occupations,18,22,-4
E01032637,"1. Managers, directors and senior officials",196,213,-17
E01032637,2. Professional occupations,340,358,-18
E01032637,3. Associate professional and technical occupations,160,47,113
E01032637,4. Administrative and secretarial occupations,30,76,-46
E01032637,5. Skilled trades occupations,13,4,9
E01032637,"6. Caring, leisure and other service occupations",11,12,-1
E01032637,7. Sales and customer service occupations,9,11,-2
E01032637,"8. Process, plant and machine operatives",2,5,-3
E01032637,9. Elementary occupations,10,4,6
E01032638,"1. Managers, directors and senior officials",186,219,-33
E01032638,2. Professional occupations,405,363,42
E01032638,3. Associate professional and technical occupations,167,36,131
E01032638,4. Administrative and secretarial occupations,51,59,-8
E01032638,5. Skilled trades occupations,14,12,2
E01032638,"6. Caring, leisure and other service occupations",5,12,-7
E01032638,7. Sales and customer service occupations,7,11,-4
E01032638,"8. Process, plant and machine operatives",10,5,5
E01032638,9. Elementary occupations,9,13,-4
E01032639,"1. Managers, directors and senior officials",171,85,86
E01032639,2. Professional occupations,421,247,174
E01032639,3. Associate professional and technical occupations,199,67,132
E01032639,4. Administrative and secretarial occupations,80,83,-3
E01032639,5. Skilled trades occupations,41,58,-17
E01032639,"6. Caring, leisure and other service occupations",56,56,0
E01032639,7. Sales and customer service occupations,52,67,-15
E01032639,"8. Process, plant and machine operatives",25,30,-5
E01032639,9. Elementary occupations,71,97,-26
E01032640,"1. Managers, directors and senior officials",208,229,-21
E01032640,2. Professional occupations,394,339,55
E01032640,3. Associate professional and technical occupations,143,46,97
E01032640,4. Administrative and secretarial occupations,34,55,-21
E01032640,5. Skilled trades occupations,15,15,0
E01032640,"6. Caring, leisure and other service occupations",12,15,-3
E01032640,7. Sales and customer service occupations,3,16,-13
E01032640,"8. Process, plant and machine operatives",10,10,0
E01032640,9. Elementary occupations,9,25,-16
E01032646,"1. Managers, directors and senior officials",184,219,-35
E01032646,2. Professional occupations,459,402,57
E01032646,3. Associate professional and technical occupations,200,59,141
E01032646,4. Administrative and secretarial occupations,60,60,0
E01032646,5. Skilled trades occupations,23,35,-12
E01032646,"6. Caring, leisure and other service occupations",40,40,0
E01032646,7. Sales and customer service occupations,34,34,0
E01032646,"8. Process, plant and machine operatives",13,16,-3
E01032646,9. Elementary occupations,45,52,-7
E01032719,"1. Managers, directors and senior officials",108,51,57
E01032719,2. Professional occupations,267,131,136
E01032719,3. Associate professional and technical occupations,107,39,68
E01032719,4. Administrative and secretarial occupations,50,52,-2
E01032719,5. Skilled trades occupations,49,48,1
E01032719,"6. Caring, leisure and other service occupations",67,30,37
E01032719,7. Sales and customer service occupations,51,32,19
E01032719,"8. Process, plant and machine operatives",32,27,5
E01032719,9. Elementary occupations,84,81,3
E01032739,"1. Managers, directors and senior officials",253,180,73
E01032739,2. Professional occupations,540,283,257
E01032739,3. Associate professional and technical occupations,216,31,185
E01032739,4. Administrative and secretarial occupations,48,51,-3
E01032739,5. Skilled trades occupations,23,22,1
E01032739,"6. Caring, leisure and other service occupations",37,27,10
E01032739,7. Sales and customer service occupations,40,11,29
E01032739,"8. Process, plant and machine operatives",6,8,-2
E01032739,9. Elementary occupations,21,11,10
E01032740,"1. Managers, directors and senior officials",200,189,11
E01032740,2. Professional occupations,468,367,101
E01032740,3. Associate professional and technical occupations,162,35,127
E01032740,4. Administrative and secretarial occupations,33,39,-6
E01032740,5. Skilled trades occupations,18,15,3
E01032740,"6. Caring, leisure and other service occupations",15,7,8
E01032740,7. Sales and customer service occupations,8,12,-4
E01032740,"8. Process, plant and machine operatives",10,2,8
E01032740,9. Elementary occupations,18,23,-5
E01032741,"1. Managers, directors and senior officials",74,56,18
E01032741,2. Professional occupations,202,155,47
E01032741,3. Associate professional and technical occupations,131,61,70
E01032741,4. Administrative and secretarial occupations,81,102,-21
E01032741,5. Skilled trades occupations,88,52,36
E01032741,"6. Caring, leisure and other service occupations",67,33,34
E01032741,7. Sales and customer service occupations,46,40,6
E01032741,"8. Process, plant and machine operatives",54,37,17
E01032741,9. Elementary occupations,94,63,31
E01032742,"1. Managers, directors and senior officials",106,73,33
E01032742,2. Professional occupations,261,133,128
E01032742,3. Associate professional and technical occupations,138,46,92
E01032742,4. Administrative and secretarial occupations,109,125,-16
E01032742,5. Skilled trades occupations,71,55,16
E01032742,"6. Caring, leisure and other service occupations",70,54,16
E01032742,7. Sales and customer service occupations,43,33,10
E01032742,"8. Process, plant and machine operatives",45,26,19
E01032742,9. Elementary occupations,81,35,46
E01032743,"1. Managers, directors and senior officials",119,104,15
E01032743,2. Professional occupations,171,159,12
E01032743,3. Associate professional and technical occupations,85,61,24
E01032743,4. Administrative and secretarial occupations,104,108,-4
E01032743,5. Skilled trades occupations,109,77,32
E01032743,"6. Caring, leisure and other service occupations",79,84,-5
E01032743,7. Sales and customer service occupations,85,88,-3
E01032743,"8. Process, plant and machine operatives",111,66,45
E01032743,9. Elementary occupations,117,115,2
E01032744,"1. Managers, directors and senior officials",82,47,35
E01032744,2. Professional occupations,98,86,12
E01032744,3. Associate professional and technical occupations,55,23,32
E01032744,4. Administrative and secretarial occupations,56,71,-15
E01032744,5. Skilled trades occupations,68,51,17
E01032744,"6. Caring, leisure and other service occupations",63,69,-6
E01032744,7. Sales and customer service occupations,71,65,6
E01032744,"8. Process, plant and machine operatives",69,59,10
E01032744,9. Elementary occupations,92,102,-10
E01032764,"1. Managers, directors and senior officials",252,82,170
E01032764,2. Professional occupations,516,250,266
E01032764,3. Associate professional and technical occupations,296,59,237
E01032764,4. Administrative and secretarial occupations,71,76,-5
E01032764,5. Skilled trades occupations,51,37,14
E01032764,"6. Caring, leisure and other service occupations",54,51,3
E01032764,7. Sales and customer service occupations,66,51,15
E01032764,"8. Process, plant and machine operatives",35,25,10
E01032764,9. Elementary occupations,81,60,21
E01032765,"1. Managers, directors and senior officials",130,58,72
E01032765,2. Professional occupations,278,155,123
E01032765,3. Associate professional and technical occupations,163,49,114
E01032765,4. Administrative and secretarial occupations,79,68,11
E01032765,5. Skilled trades occupations,44,29,15
E01032765,"6. Caring, leisure and other service occupations",77,50,27
E01032765,7. Sales and customer service occupations,48,62,-14
E01032765,"8. Process, plant and machine operatives",38,26,12
E01032765,9. Elementary occupations,66,52,14
E01032767,"1. Managers, directors and senior officials",193,211,-18
E01032767,2. Professional occupations,520,390,130
E01032767,3. Associate professional and technical occupations,225,72,153
E01032767,4. Administrative and secretarial occupations,52,82,-30
E01032767,5. Skilled trades occupations,19,16,3
E01032767,"6. Caring, leisure and other service occupations",18,18,0
E01032767,7. Sales and customer service occupations,38,42,-4
E01032767,"8. Process, plant and machine operatives",17,8,9
E01032767,9. Elementary occupations,57,35,22
E01032768,"1. Managers, directors and senior officials",216,202,14
E01032768,2. Professional occupations,431,342,89
E01032768,3. Associate professional and technical occupations,200,50,150
E01032768,4. Administrative and secretarial occupations,66,75,-9
E01032768,5. Skilled trades occupations,12,9,3
E01032768,"6. Caring, leisure and other service occupations",21,19,2
E01032768,7. Sales and customer service occupations,20,23,-3
E01032768,"8. Process, plant and machine operatives",6,12,-6
E01032768,9. Elementary occupations,28,21,7
E01032769,"1. Managers, directors and senior officials",144,158,-14
E01032769,2. Professional occupations,312,234,78
E01032769,3. Associate professional and technical occupations,154,28,126
E01032769,4. Administrative and secretarial occupations,63,76,-13
E01032769,5. Skilled trades occupations,44,25,19
E01032769,"6. Caring, leisure and other service occupations",33,23,10
E01032769,7. Sales and customer service occupations,46,34,12
E01032769,"8. Process, plant and machine operatives",20,13,7
E01032769,9. Elementary occupations,35,28,7
E01032770,"1. Managers, directors and senior officials",217,117,100
E01032770,2. Professional occupations,674,259,415
E01032770,3. Associate professional and technical occupations,252,26,226
E01032770,4. Administrative and secretarial occupations,96,57,39
E01032770,5. Skilled trades occupations,39,16,23
E01032770,"6. Caring, leisure and other service occupations",43,23,20
E01032770,7. Sales and customer service occupations,62,32,30
E01032770,"8. Process, plant and machine operatives",29,14,15
E01032770,9. Elementary occupations,53,33,20
E01032771,"1. Managers, directors and senior officials",183,136,47
E01032771,2. Professional occupations,440,194,246
E01032771,3. Associate professional and technical occupations,144,29,115
E01032771,4. Administrative and secretarial occupations,78,52,26
E01032771,5. Skilled trades occupations,19,14,5
E01032771,"6. Caring, leisure and other service occupations",30,19,11
E01032771,7. Sales and customer service occupations,30,19,11
E01032771,"8. Process, plant and machine operatives",14,6,8
E01032771,9. Elementary occupations,25,16,9
E01032772,"1. Managers, directors and senior officials",204,97,107
E01032772,2. Professional occupations,483,165,318
E01032772,3. Associate professional and technical occupations,210,31,179
E01032772,4. Administrative and secretarial occupations,88,62,26
E01032772,5. Skilled trades occupations,32,25,7
E01032772,"6. Caring, leisure and other service occupations",58,23,35
E01032772,7. Sales and customer service occupations,71,25,46
E01032772,"8. Process, plant and machine operatives",43,15,28
E01032772,9. Elementary occupations,58,45,13
E01032774,"1. Managers, directors and senior officials",141,83,58
E01032774,2. Professional occupations,316,165,151
E01032774,3. Associate professional and technical occupations,150,38,112
E01032774,4. Administrative and secretarial occupations,63,67,-4
E01032774,5. Skilled trades occupations,48,32,16
E01032774,"6. Caring, leisure and other service occupations",54,50,4
E01032774,7. Sales and customer service occupations,56,53,3
E01032774,"8. Process, plant and machine operatives",30,17,13
E01032774,9. Elementary occupations,74,41,33
E01032775,"1. Managers, directors and senior officials",190,108,82
E01032775,2. Professional occupations,339,209,130
E01032775,3. Associate professional and technical occupations,129,25,104
E01032775,4. Administrative and secretarial occupations,32,62,-30
E01032775,5. Skilled trades occupations,27,19,8
E01032775,"6. Caring, leisure and other service occupations",12,15,-3
E01032775,7. Sales and customer service occupations,30,30,0
E01032775,"8. Process, plant and machine operatives",12,4,8
E01032775,9. Elementary occupations,36,12,24
E01032776,"1. Managers, directors and senior officials",278,144,134
E01032776,2. Professional occupations,552,254,298
E01032776,3. Associate professional and technical occupations,253,38,215
E01032776,4. Administrative and secretarial occupations,86,62,24
E01032776,5. Skilled trades occupations,32,25,7
E01032776,"6. Caring, leisure and other service occupations",31,14,17
E01032776,7. Sales and customer service occupations,55,16,39
E01032776,"8. Process, plant and machine operatives",18,7,11
E01032776,9. Elementary occupations,55,32,23
E01032777,"1. Managers, directors and senior officials",135,91,44
E01032777,2. Professional occupations,259,218,41
E01032777,3. Associate professional and technical occupations,125,51,74
E01032777,4. Administrative and secretarial occupations,57,77,-20
E01032777,5. Skilled trades occupations,25,28,-3
E01032777,"6. Caring, leisure and other service occupations",35,26,9
E01032777,7. Sales and customer service occupations,48,36,12
E01032777,"8. Process, plant and machine operatives",21,7,14
E01032777,9. Elementary occupations,49,40,9
E01032779,"1. Managers, directors and senior officials",167,157,10
E01032779,2. Professional occupations,392,216,176
E01032779,3. Associate professional and technical occupations,145,47,98
E01032779,4. Administrative and secretarial occupations,53,46,7
E01032779,5. Skilled trades occupations,13,12,1
E01032779,"6. Caring, leisure and other service occupations",36,24,12
E01032779,7. Sales and customer service occupations,36,19,17
E01032779,"8. Process, plant and machine operatives",24,9,15
E01032779,9. Elementary occupations,26,27,-1
E01032780,"1. Managers, directors and senior officials",263,187,76
E01032780,2. Professional occupations,571,349,222
E01032780,3. Associate professional and technical occupations,259,62,197
E01032780,4. Administrative and secretarial occupations,70,80,-10
E01032780,5. Skilled trades occupations,31,24,7
E01032780,"6. Caring, leisure and other service occupations",25,20,5
E01032780,7. Sales and customer service occupations,51,15,36
E01032780,"8. Process, plant and machine operatives",34,8,26
E01032780,9. Elementary occupations,48,21,27
E01032781,"1. Managers, directors and senior officials",224,238,-14
E01032781,2. Professional occupations,377,388,-11
E01032781,3. Associate professional and technical occupations,187,68,119
E01032781,4. Administrative and secretarial occupations,66,115,-49
E01032781,5. Skilled trades occupations,29,22,7
E01032781,"6. Caring, leisure and other service occupations",36,35,1
E01032781,7. Sales and customer service occupations,36,34,2
E01032781,"8. Process, plant and machine operatives",19,17,2
E01032781,9. Elementary occupations,46,40,6
E01032782,"1. Managers, directors and senior officials",242,138,104
E01032782,2. Professional occupations,584,224,360
E01032782,3. Associate professional and technical occupations,268,33,235
E01032782,4. Administrative and secretarial occupations,79,75,4
E01032782,5. Skilled trades occupations,29,18,11
E01032782,"6. Caring, leisure and other service occupations",39,35,4
E01032782,7. Sales and customer service occupations,75,43,32
E01032782,"8. Process, plant and machine operatives",36,17,19
E01032782,9. Elementary occupations,53,47,6
E01032783,"1. Managers, directors and senior officials",103,154,-51
E01032783,2. Professional occupations,228,340,-112
E01032783,3. Associate professional and technical occupations,116,71,45
E01032783,4. Administrative and secretarial occupations,52,110,-58
E01032783,5. Skilled trades occupations,57,39,18
E01032783,"6. Caring, leisure and other service occupations",37,45,-8
E01032783,7. Sales and customer service occupations,43,51,-8
E01032783,"8. Process, plant and machine operatives",32,25,7
E01032783,9. Elementary occupations,54,53,1
E01032784,"1. Managers, directors and senior officials",123,94,29
E01032784,2. Professional occupations,399,315,84
E01032784,3. Associate professional and technical occupations,240,80,160
E01032784,4. Administrative and secretarial occupations,63,104,-41
E01032784,5. Skilled trades occupations,34,45,-11
E01032784,"6. Caring, leisure and other service occupations",40,65,-25
E01032784,7. Sales and customer service occupations,66,61,5
E01032784,"8. Process, plant and machine operatives",33,18,15
E01032784,9. Elementary occupations,71,71,0
E01032785,"1. Managers, directors and senior officials",244,101,143
E01032785,2. Professional occupations,562,297,265
E01032785,3. Associate professional and technical occupations,304,80,224
E01032785,4. Administrative and secretarial occupations,73,62,11
E01032785,5. Skilled trades occupations,44,34,10
E01032785,"6. Caring, leisure and other service occupations",76,34,42
E01032785,7. Sales and customer service occupations,71,39,32
E01032785,"8. Process, plant and machine operatives",36,18,18
E01032785,9. Elementary occupations,49,28,21
E01032786,"1. Managers, directors and senior officials",73,71,2
E01032786,2. Professional occupations,181,164,17
E01032786,3. Associate professional and technical occupations,111,54,57
E01032786,4. Administrative and secretarial occupations,45,65,-20
E01032786,5. Skilled trades occupations,47,49,-2
E01032786,"6. Caring, leisure and other service occupations",52,52,0
E01032786,7. Sales and customer service occupations,40,56,-16
E01032786,"8. Process, plant and machine operatives",51,29,22
E01032786,9. Elementary occupations,81,88,-7
E01032787,"1. Managers, directors and senior officials",90,65,25
E01032787,2. Professional occupations,256,133,123
E01032787,3. Associate professional and technical occupations,135,58,77
E01032787,4. Administrative and secretarial occupations,88,95,-7
E01032787,5. Skilled trades occupations,84,77,7
E01032787,"6. Caring, leisure and other service occupations",85,85,0
E01032787,7. Sales and customer service occupations,137,147,-10
E01032787,"8. Process, plant and machine operatives",71,54,17
E01032787,9. Elementary occupations,114,128,-14
E01032788,"1. Managers, directors and senior officials",234,80,154
E01032788,2. Professional occupations,255,116,139
E01032788,3. Associate professional and technical occupations,197,48,149
E01032788,4. Administrative and secretarial occupations,79,71,8
E01032788,5. Skilled trades occupations,42,35,7
E01032788,"6. Caring, leisure and other service occupations",42,39,3
E01032788,7. Sales and customer service occupations,48,48,0
E01032788,"8. Process, plant and machine operatives",21,11,10
E01032788,9. Elementary occupations,38,43,-5
E01032789,"1. Managers, directors and senior officials",144,119,25
E01032789,2. Professional occupations,233,226,7
E01032789,3. Associate professional and technical occupations,120,45,75
E01032789,4. Administrative and secretarial occupations,64,68,-4
E01032789,5. Skilled trades occupations,16,25,-9
E01032789,"6. Caring, leisure and other service occupations",48,39,9
E01032789,7. Sales and customer service occupations,22,23,-1
E01032789,"8. Process, plant and machine operatives",8,7,1
E01032789,9. Elementary occupations,25,15,10
E01032790,"1. Managers, directors and senior officials",121,137,-16
E01032790,2. Professional occupations,155,116,39
E01032790,3. Associate professional and technical occupations,91,31,60
E01032790,4. Administrative and secretarial occupations,44,34,10
E01032790,5. Skilled trades occupations,13,16,-3
E01032790,"6. Caring, leisure and other service occupations",30,30,0
E01032790,7. Sales and customer service occupations,20,17,3
E01032790,"8. Process, plant and machine operatives",10,12,-2
E01032790,9. Elementary occupations,26,13,13
E01032803,"1. Managers, directors and senior officials",214,159,55
E01032803,2. Professional occupations,491,411,80
E01032803,3. Associate professional and technical occupations,182,56,126
E01032803,4. Administrative and secretarial occupations,57,74,-17
E01032803,5. Skilled trades occupations,16,15,1
E01032803,"6. Caring, leisure and other service occupations",29,22,7
E01032803,7. Sales and customer service occupations,36,26,10
E01032803,"8. Process, plant and machine operatives",18,6,12
E01032803,9. Elementary occupations,43,27,16
E01032834,"1. Managers, directors and senior officials",186,216,-30
E01032834,2. Professional occupations,371,338,33
E01032834,3. Associate professional and technical occupations,161,48,113
E01032834,4. Administrative and secretarial occupations,36,54,-18
E01032834,5. Skilled trades occupations,16,12,4
E01032834,"6. Caring, leisure and other service occupations",7,22,-15
E01032834,7. Sales and customer service occupations,12,10,2
E01032834,"8. Process, plant and machine operatives",2,6,-4
E01032834,9. Elementary occupations,7,14,-7
E01033000,"1. Managers, directors and senior officials",67,46,21
E01033000,2. Professional occupations,96,86,10
E01033000,3. Associate professional and technical occupations,72,35,37
E01033000,4. Administrative and secretarial occupations,51,74,-23
E01033000,5. Skilled trades occupations,70,54,16
E01033000,"6. Caring, leisure and other service occupations",92,104,-12
E01033000,7. Sales and customer service occupations,70,81,-11
E01033000,"8. Process, plant and machine operatives",68,81,-13
E01033000,9. Elementary occupations,146,142,4
E01033030,"1. Managers, directors and senior officials",85,75,10
E01033030,2. Professional occupations,374,374,0
E01033030,3. Associate professional and technical occupations,133,77,56
E01033030,4. Administrative and secretarial occupations,88,115,-27
E01033030,5. Skilled trades occupations,48,49,-1
E01033030,"6. Caring, leisure and other service occupations",54,55,-1
E01033030,7. Sales and customer service occupations,55,49,6
E01033030,"8. Process, plant and machine operatives",49,36,13
E01033030,9. Elementary occupations,102,75,27
E01033081,"1. Managers, directors and senior officials",172,134,38
E01033081,2. Professional occupations,274,185,89
E01033081,3. Associate professional and technical occupations,165,44,121
E01033081,4. Administrative and secretarial occupations,65,58,7
E01033081,5. Skilled trades occupations,33,40,-7
E01033081,"6. Caring, leisure and other service occupations",60,45,15
E01033081,7. Sales and customer service occupations,44,38,6
E01033081,"8. Process, plant and machine operatives",36,17,19
E01033081,9. Elementary occupations,44,44,0
E01033082,"1. Managers, directors and senior officials",72,71,1
E01033082,2. Professional occupations,154,152,2
E01033082,3. Associate professional and technical occupations,84,37,47
E01033082,4. Administrative and secretarial occupations,48,69,-21
E01033082,5. Skilled trades occupations,54,57,-3
E01033082,"6. Caring, leisure and other service occupations",47,50,-3
E01033082,7. Sales and customer service occupations,24,40,-16
E01033082,"8. Process, plant and machine operatives",32,26,6
E01033082,9. Elementary occupations,54,60,-6
E01033083,"1. Managers, directors and senior officials",108,86,22
E01033083,2. Professional occupations,420,405,15
E01033083,3. Associate professional and technical occupations,114,55,59
E01033083,4. Administrative and secretarial occupations,77,83,-6
E01033083,5. Skilled trades occupations,92,49,43
E01033083,"6. Caring, leisure and other service occupations",80,59,21
E01033083,7. Sales and customer service occupations,73,79,-6
E01033083,"8. Process, plant and machine operatives",44,23,21
E01033083,9. Elementary occupations,146,85,61
E01033084,"1. Managers, directors and senior officials",66,73,-7
E01033084,2. Professional occupations,162,174,-12
E01033084,3. Associate professional and technical occupations,92,49,43
E01033084,4. Administrative and secretarial occupations,73,63,10
E01033084,5. Skilled trades occupations,87,85,2
E01033084,"6. Caring, leisure and other service occupations",81,88,-7
E01033084,7. Sales and customer service occupations,85,103,-18
E01033084,"8. Process, plant and machine operatives",80,45,35
E01033084,9. Elementary occupations,168,161,7
E01033086,"1. Managers, directors and senior officials",46,33,13
E01033086,2. Professional occupations,93,59,34
E01033086,3. Associate professional and technical occupations,79,23,56
E01033086,4. Administrative and secretarial occupations,36,47,-11
E01033086,5. Skilled trades occupations,45,32,13
E01033086,"6. Caring, leisure and other service occupations",53,25,28
E01033086,7. Sales and customer service occupations,45,49,-4
E01033086,"8. Process, plant and machine operatives",27,20,7
E01033086,9. Elementary occupations,71,59,12
E01033098,"1. Managers, directors and senior officials",299,141,158
E01033098,2. Professional occupations,454,171,283
E01033098,3. Associate professional and technical occupations,256,39,217
E01033098,4. Administrative and secretarial occupations,61,55,6
E01033098,5. Skilled trades occupations,7,9,-2
E01033098,"6. Caring, leisure and other service occupations",23,20,3
E01033098,7. Sales and customer service occupations,33,24,9
E01033098,"8. Process, plant and machine operatives",8,4,4
E01033098,9. Elementary occupations,14,30,-16
E01033099,"1. Managers, directors and senior officials",227,85,142
E01033099,2. Professional occupations,390,144,246
E01033099,3. Associate professional and technical occupations,269,46,223
E01033099,4. Administrative and secretarial occupations,100,60,40
E01033099,5. Skilled trades occupations,44,33,11
E01033099,"6. Caring, leisure and other service occupations",60,44,16
E01033099,7. Sales and customer service occupations,58,29,29
E01033099,"8. Process, plant and machine operatives",26,18,8
E01033099,9. Elementary occupations,65,67,-2
E01033100,"1. Managers, directors and senior officials",162,83,79
E01033100,2. Professional occupations,362,119,243
E01033100,3. Associate professional and technical occupations,232,45,187
E01033100,4. Administrative and secretarial occupations,73,86,-13
E01033100,5. Skilled trades occupations,74,61,13
E01033100,"6. Caring, leisure and other service occupations",72,81,-9
E01033100,7. Sales and customer service occupations,69,51,18
E01033100,"8. Process, plant and machine operatives",34,27,7
E01033100,9. Elementary occupations,84,98,-14
E01033132,"1. Managers, directors and senior officials",349,86,263
E01033132,2. Professional occupations,426,187,239
E01033132,3. Associate professional and technical occupations,260,38,222
E01033132,4. Administrative and secretarial occupations,78,60,18
E01033132,5. Skilled trades occupations,39,24,15
E01033132,"6. Caring, leisure and other service occupations",73,42,31
E01033132,7. Sales and customer service occupations,54,38,16
E01033132,"8. Process, plant and machine operatives",29,13,16
E01033132,9. Elementary occupations,42,49,-7
E01033133,"1. Managers, directors and senior officials",182,158,24
E01033133,2. Professional occupations,313,268,45
E01033133,3. Associate professional and technical occupations,164,49,115
E01033133,4. Administrative and secretarial occupations,50,85,-35
E01033133,5. Skilled trades occupations,22,26,-4
E01033133,"6. Caring, leisure and other service occupations",38,31,7
E01033133,7. Sales and customer service occupations,19,23,-4
E01033133,"8. Process, plant and machine operatives",17,14,3
E01033133,9. Elementary occupations,23,24,-1
E01033135,"1. Managers, directors and senior officials",171,149,22
E01033135,2. Professional occupations,307,264,43
E01033135,3. Associate professional and technical occupations,166,35,131
E01033135,4. Administrative and secretarial occupations,44,54,-10
E01033135,5. Skilled trades occupations,21,19,2
E01033135,"6. Caring, leisure and other service occupations",20,19,1
E01033135,7. Sales and customer service occupations,14,17,-3
E01033135,"8. Process, plant and machine operatives",2,12,-10
E01033135,9. Elementary occupations,9,12,-3
E01033146,"1. Managers, directors and senior officials",37,45,-8
E01033146,2. Professional occupations,94,64,30
E01033146,3. Associate professional and technical occupations,64,23,41
E01033146,4. Administrative and secretarial occupations,45,79,-34
E01033146,5. Skilled trades occupations,74,64,10
E01033146,"6. Caring, leisure and other service occupations",86,65,21
E01033146,7. Sales and customer service occupations,58,60,-2
E01033146,"8. Process, plant and machine operatives",52,42,10
E01033146,9. Elementary occupations,90,94,-4
E01033148,"1. Managers, directors and senior officials",121,72,49
E01033148,2. Professional occupations,179,126,53
E01033148,3. Associate professional and technical occupations,95,39,56
E01033148,4. Administrative and secretarial occupations,59,88,-29
E01033148,5. Skilled trades occupations,125,73,52
E01033148,"6. Caring, leisure and other service occupations",84,71,13
E01033148,7. Sales and customer service occupations,77,77,0
E01033148,"8. Process, plant and machine operatives",65,49,16
E01033148,9. Elementary occupations,157,87,70
E01033150,"1. Managers, directors and senior officials",80,81,-1
E01033150,2. Professional occupations,138,154,-16
E01033150,3. Associate professional and technical occupations,98,62,36
E01033150,4. Administrative and secretarial occupations,50,82,-32
E01033150,5. Skilled trades occupations,46,44,2
E01033150,"6. Caring, leisure and other service occupations",85,74,11
E01033150,7. Sales and customer service occupations,55,59,-4
E01033150,"8. Process, plant and machine operatives",45,35,10
E01033150,9. Elementary occupations,78,81,-3
E01033151,"1. Managers, directors and senior officials",33,35,-2
E01033151,2. Professional occupations,70,51,19
E01033151,3. Associate professional and technical occupations,45,11,34
E01033151,4. Administrative and secretarial occupations,37,55,-18
E01033151,5. Skilled trades occupations,43,50,-7
E01033151,"6. Caring, leisure and other service occupations",80,66,14
E01033151,7. Sales and customer service occupations,59,63,-4
E01033151,"8. Process, plant and machine operatives",57,39,18
E01033151,9. Elementary occupations,81,82,-1
E01033208,"1. Managers, directors and senior officials",194,193,1
E01033208,2. Professional occupations,436,340,96
E01033208,3. Associate professional and technical occupations,201,74,127
E01033208,4. Administrative and secretarial occupations,66,116,-50
E01033208,5. Skilled trades occupations,31,21,10
E01033208,"6. Caring, leisure and other service occupations",38,33,5
E01033208,7. Sales and customer service occupations,35,35,0
E01033208,"8. Process, plant and machine operatives",25,22,3
E01033208,9. Elementary occupations,39,39,0
E01033320,"1. Managers, directors and senior officials",101,71,30
E01033320,2. Professional occupations,246,189,57
E01033320,3. Associate professional and technical occupations,130,68,62
E01033320,4. Administrative and secretarial occupations,76,111,-35
E01033320,5. Skilled trades occupations,63,45,18
E01033320,"6. Caring, leisure and other service occupations",68,50,18
E01033320,7. Sales and customer service occupations,39,62,-23
E01033320,"8. Process, plant and machine operatives",30,19,11
E01033320,9. Elementary occupations,68,61,7
E01033322,"1. Managers, directors and senior officials",106,90,16
E01033322,2. Professional occupations,245,242,3
E01033322,3. Associate professional and technical occupations,143,58,85
E01033322,4. Administrative and secretarial occupations,50,92,-42
E01033322,5. Skilled trades occupations,48,38,10
E01033322,"6. Caring, leisure and other service occupations",48,50,-2
E01033322,7. Sales and customer service occupations,38,44,-6
E01033322,"8. Process, plant and machine operatives",25,21,4
E01033322,9. Elementary occupations,58,46,12
E01033324,"1. Managers, directors and senior officials",100,76,24
E01033324,2. Professional occupations,229,195,34
E01033324,3. Associate professional and technical occupations,155,47,108
E01033324,4. Administrative and secretarial occupations,61,104,-43
E01033324,5. Skilled trades occupations,47,49,-2
E01033324,"6. Caring, leisure and other service occupations",72,61,11
E01033324,7. Sales and customer service occupations,36,72,-36
E01033324,"8. Process, plant and machine operatives",33,21,12
E01033324,9. Elementary occupations,51,63,-12
E01033325,"1. Managers, directors and senior officials",135,136,-1
E01033325,2. Professional occupations,384,373,11
E01033325,3. Associate professional and technical occupations,226,82,144
E01033325,4. Administrative and secretarial occupations,73,76,-3
E01033325,5. Skilled trades occupations,35,26,9
E01033325,"6. Caring, leisure and other service occupations",41,24,17
E01033325,7. Sales and customer service occupations,43,44,-1
E01033325,"8. Process, plant and machine operatives",22,5,17
E01033325,9. Elementary occupations,66,34,32
E01033327,"1. Managers, directors and senior officials",153,87,66
E01033327,2. Professional occupations,444,191,253
E01033327,3. Associate professional and technical occupations,250,66,184
E01033327,4. Administrative and secretarial occupations,81,92,-11
E01033327,5. Skilled trades occupations,71,59,12
E01033327,"6. Caring, leisure and other service occupations",73,66,7
E01033327,7. Sales and customer service occupations,61,69,-8
E01033327,"8. Process, plant and machine operatives",28,18,10
E01033327,9. Elementary occupations,139,98,41
E01033341,"1. Managers, directors and senior officials",57,53,4
E01033341,2. Professional occupations,147,130,17
E01033341,3. Associate professional and technical occupations,100,44,56
E01033341,4. Administrative and secretarial occupations,62,56,6
E01033341,5. Skilled trades occupations,57,54,3
E01033341,"6. Caring, leisure and other service occupations",61,60,1
E01033341,7. Sales and customer service occupations,36,55,-19
E01033341,"8. Process, plant and machine operatives",24,23,1
E01033341,9. Elementary occupations,83,74,9
E01033455,"1. Managers, directors and senior officials",43,31,12
E01033455,2. Professional occupations,52,47,5
E01033455,3. Associate professional and technical occupations,58,27,31
E01033455,4. Administrative and secretarial occupations,36,42,-6
E01033455,5. Skilled trades occupations,68,74,-6
E01033455,"6. Caring, leisure and other service occupations",61,69,-8
E01033455,7. Sales and customer service occupations,35,44,-9
E01033455,"8. Process, plant and machine operatives",31,44,-13
E01033455,9. Elementary occupations,139,123,16
E01033456,"1. Managers, directors and senior officials",69,39,30
E01033456,2. Professional occupations,176,103,73
E01033456,3. Associate professional and technical occupations,115,21,94
E01033456,4. Administrative and secretarial occupations,75,85,-10
E01033456,5. Skilled trades occupations,56,44,12
E01033456,"6. Caring, leisure and other service occupations",145,94,51
E01033456,7. Sales and customer service occupations,109,106,3
E01033456,"8. Process, plant and machine operatives",98,78,20
E01033456,9. Elementary occupations,130,118,12
E01033457,"1. Managers, directors and senior officials",89,103,-14
E01033457,2. Professional occupations,145,181,-36
E01033457,3. Associate professional and technical occupations,125,50,75
E01033457,4. Administrative and secretarial occupations,98,77,21
E01033457,5. Skilled trades occupations,117,94,23
E01033457,"6. Caring, leisure and other service occupations",90,60,30
E01033457,7. Sales and customer service occupations,71,88,-17
E01033457,"8. Process, plant and machine operatives",131,66,65
E01033457,9. Elementary occupations,193,148,45
E01033463,"1. Managers, directors and senior officials",231,147,84
E01033463,2. Professional occupations,309,257,52
E01033463,3. Associate professional and technical occupations,169,61,108
E01033463,4. Administrative and secretarial occupations,187,185,2
E01033463,5. Skilled trades occupations,282,147,135
E01033463,"6. Caring, leisure and other service occupations",95,90,5
E01033463,7. Sales and customer service occupations,103,143,-40
E01033463,"8. Process, plant and machine operatives",94,82,12
E01033463,9. Elementary occupations,156,129,27
E01033485,"1. Managers, directors and senior officials",81,60,21
E01033485,2. Professional occupations,120,110,10
E01033485,3. Associate professional and technical occupations,101,43,58
E01033485,4. Administrative and secretarial occupations,60,69,-9
E01033485,5. Skilled trades occupations,68,84,-16
E01033485,"6. Caring, leisure and other service occupations",107,97,10
E01033485,7. Sales and customer service occupations,56,77,-21
E01033485,"8. Process, plant and machine operatives",56,66,-10
E01033485,9. Elementary occupations,134,153,-19
E01033486,"1. Managers, directors and senior officials",61,48,13
E01033486,2. Professional occupations,162,148,14
E01033486,3. Associate professional and technical occupations,93,39,54
E01033486,4. Administrative and secretarial occupations,34,53,-19
E01033486,5. Skilled trades occupations,30,20,10
E01033486,"6. Caring, leisure and other service occupations",41,38,3
E01033486,7. Sales and customer service occupations,34,36,-2
E01033486,"8. Process, plant and machine operatives",12,15,-3
E01033486,9. Elementary occupations,42,55,-13
E01033487,"1. Managers, directors and senior officials",151,110,41
E01033487,2. Professional occupations,420,401,19
E01033487,3. Associate professional and technical occupations,179,50,129
E01033487,4. Administrative and secretarial occupations,43,56,-13
E01033487,5. Skilled trades occupations,23,13,10
E01033487,"6. Caring, leisure and other service occupations",25,15,10
E01033487,7. Sales and customer service occupations,29,37,-8
E01033487,"8. Process, plant and machine operatives",3,4,-1
E01033487,9. Elementary occupations,24,23,1
E01033488,"1. Managers, directors and senior officials",82,58,24
E01033488,2. Professional occupations,319,208,111
E01033488,3. Associate professional and technical occupations,171,51,120
E01033488,4. Administrative and secretarial occupations,53,50,3
E01033488,5. Skilled trades occupations,36,29,7
E01033488,"6. Caring, leisure and other service occupations",64,40,24
E01033488,7. Sales and customer service occupations,31,41,-10
E01033488,"8. Process, plant and machine operatives",20,17,3
E01033488,9. Elementary occupations,62,40,22
E01033489,"1. Managers, directors and senior officials",195,199,-4
E01033489,2. Professional occupations,382,359,23
E01033489,3. Associate professional and technical occupations,163,46,117
E01033489,4. Administrative and secretarial occupations,29,36,-7
E01033489,5. Skilled trades occupations,19,12,7
E01033489,"6. Caring, leisure and other service occupations",23,23,0
E01033489,7. Sales and customer service occupations,27,47,-20
E01033489,"8. Process, plant and machine operatives",12,7,5
E01033489,9. Elementary occupations,19,45,-26
E01033490,"1. Managers, directors and senior officials",103,102,1
E01033490,2. Professional occupations,270,215,55
E01033490,3. Associate professional and technical occupations,122,43,79
E01033490,4. Administrative and secretarial occupations,24,56,-32
E01033490,5. Skilled trades occupations,21,22,-1
E01033490,"6. Caring, leisure and other service occupations",36,28,8
E01033490,7. Sales and customer service occupations,34,58,-24
E01033490,"8. Process, plant and machine operatives",20,12,8
E01033490,9. Elementary occupations,30,29,1
E01033491,"1. Managers, directors and senior officials",168,112,56
E01033491,2. Professional occupations,420,297,123
E01033491,3. Associate professional and technical occupations,267,59,208
E01033491,4. Administrative and secretarial occupations,63,82,-19
E01033491,5. Skilled trades occupations,57,56,1
E01033491,"6. Caring, leisure and other service occupations",58,68,-10
E01033491,7. Sales and customer service occupations,54,66,-12
E01033491,"8. Process, plant and machine operatives",29,23,6
E01033491,9. Elementary occupations,82,68,14
E01033493,"1. Managers, directors and senior officials",239,139,100
E01033493,2. Professional occupations,461,424,37
E01033493,3. Associate professional and technical occupations,227,70,157
E01033493,4. Administrative and secretarial occupations,49,84,-35
E01033493,5. Skilled trades occupations,11,15,-4
E01033493,"6. Caring, leisure and other service occupations",14,15,-1
E01033493,7. Sales and customer service occupations,9,30,-21
E01033493,"8. Process, plant and machine operatives",5,11,-6
E01033493,9. Elementary occupations,9,22,-13
E01033494,"1. Managers, directors and senior officials",169,127,42
E01033494,2. Professional occupations,380,354,26
E01033494,3. Associate professional and technical occupations,178,67,111
E01033494,4. Administrative and secretarial occupations,46,73,-27
E01033494,5. Skilled trades occupations,26,40,-14
E01033494,"6. Caring, leisure and other service occupations",16,31,-15
E01033494,7. Sales and customer service occupations,32,30,2
E01033494,"8. Process, plant and machine operatives",15,17,-2
E01033494,9. Elementary occupations,32,37,-5
E01033569,"1. Managers, directors and senior officials",203,142,61
E01033569,2. Professional occupations,327,284,43
E01033569,3. Associate professional and technical occupations,172,61,111
E01033569,4. Administrative and secretarial occupations,56,80,-24
E01033569,5. Skilled trades occupations,41,41,0
E01033569,"6. Caring, leisure and other service occupations",52,51,1
E01033569,7. Sales and customer service occupations,56,78,-22
E01033569,"8. Process, plant and machine operatives",19,19,0
E01033569,9. Elementary occupations,38,55,-17
E01033570,"1. Managers, directors and senior officials",281,220,61
E01033570,2. Professional occupations,349,223,126
E01033570,3. Associate professional and technical occupations,170,53,117
E01033570,4. Administrative and secretarial occupations,59,67,-8
E01033570,5. Skilled trades occupations,32,27,5
E01033570,"6. Caring, leisure and other service occupations",41,36,5
E01033570,7. Sales and customer service occupations,31,26,5
E01033570,"8. Process, plant and machine operatives",14,15,-1
E01033570,9. Elementary occupations,24,27,-3
E01033571,"1. Managers, directors and senior officials",149,126,23
E01033571,2. Professional occupations,213,209,4
E01033571,3. Associate professional and technical occupations,130,38,92
E01033571,4. Administrative and secretarial occupations,60,77,-17
E01033571,5. Skilled trades occupations,33,36,-3
E01033571,"6. Caring, leisure and other service occupations",49,52,-3
E01033571,7. Sales and customer service occupations,21,36,-15
E01033571,"8. Process, plant and machine operatives",22,22,0
E01033571,9. Elementary occupations,20,35,-15
E01033579,"1. Managers, directors and senior officials",183,76,107
E01033579,2. Professional occupations,484,226,258
E01033579,3. Associate professional and technical occupations,243,59,184
E01033579,4. Administrative and secretarial occupations,96,95,1
E01033579,5. Skilled trades occupations,61,44,17
E01033579,"6. Caring, leisure and other service occupations",61,46,15
E01033579,7. Sales and customer service occupations,53,47,6
E01033579,"8. Process, plant and machine operatives",36,20,16
E01033579,9. Elementary occupations,98,81,17
E01033580,"1. Managers, directors and senior officials",171,175,-4
E01033580,2. Professional occupations,310,293,17
E01033580,3. Associate professional and technical occupations,135,81,54
E01033580,4. Administrative and secretarial occupations,73,94,-21
E01033580,5. Skilled trades occupations,76,61,15
E01033580,"6. Caring, leisure and other service occupations",50,72,-22
E01033580,7. Sales and customer service occupations,26,67,-41
E01033580,"8. Process, plant and machine operatives",24,17,7
E01033580,9. Elementary occupations,88,90,-2
E01033581,"1. Managers, directors and senior officials",77,64,13
E01033581,2. Professional occupations,144,115,29
E01033581,3. Associate professional and technical occupations,106,49,57
E01033581,4. Administrative and secretarial occupations,84,93,-9
E01033581,5. Skilled trades occupations,93,72,21
E01033581,"6. Caring, leisure and other service occupations",102,78,24
E01033581,7. Sales and customer service occupations,81,66,15
E01033581,"8. Process, plant and machine operatives",74,64,10
E01033581,9. Elementary occupations,123,155,-32
E01033582,"1. Managers, directors and senior officials",121,116,5
E01033582,2. Professional occupations,217,253,-36
E01033582,3. Associate professional and technical occupations,114,72,42
E01033582,4. Administrative and secretarial occupations,92,89,3
E01033582,5. Skilled trades occupations,99,73,26
E01033582,"6. Caring, leisure and other service occupations",71,48,23
E01033582,7. Sales and customer service occupations,53,45,8
E01033582,"8. Process, plant and machine operatives",59,38,21
E01033582,9. Elementary occupations,123,96,27
E01033584,"1. Managers, directors and senior officials",44,40,4
E01033584,2. Professional occupations,104,85,19
E01033584,3. Associate professional and technical occupations,86,27,59
E01033584,4. Administrative and secretarial occupations,63,68,-5
E01033584,5. Skilled trades occupations,83,79,4
E01033584,"6. Caring, leisure and other service occupations",105,72,33
E01033584,7. Sales and customer service occupations,66,53,13
E01033584,"8. Process, plant and machine operatives",52,48,4
E01033584,9. Elementary occupations,123,137,-14
E01033586,"1. Managers, directors and senior officials",140,63,77
E01033586,2. Professional occupations,325,134,191
E01033586,3. Associate professional and technical occupations,189,41,148
E01033586,4. Administrative and secretarial occupations,82,92,-10
E01033586,5. Skilled trades occupations,89,55,34
E01033586,"6. Caring, leisure and other service occupations",104,61,43
E01033586,7. Sales and customer service occupations,86,65,21
E01033586,"8. Process, plant and machine operatives",65,39,26
E01033586,9. Elementary occupations,130,116,14
E01033587,"1. Managers, directors and senior officials",114,46,68
E01033587,2. Professional occupations,283,135,148
E01033587,3. Associate professional and technical occupations,194,35,159
E01033587,4. Administrative and secretarial occupations,107,83,24
E01033587,5. Skilled trades occupations,104,54,50
E01033587,"6. Caring, leisure and other service occupations",128,61,67
E01033587,7. Sales and customer service occupations,80,61,19
E01033587,"8. Process, plant and machine operatives",93,62,31
E01033587,9. Elementary occupations,147,128,19
E01033589,"1. Managers, directors and senior officials",57,72,-15
E01033589,2. Professional occupations,306,310,-4
E01033589,3. Associate professional and technical occupations,88,51,37
E01033589,4. Administrative and secretarial occupations,53,56,-3
E01033589,5. Skilled trades occupations,54,35,19
E01033589,"6. Caring, leisure and other service occupations",34,24,10
E01033589,7. Sales and customer service occupations,57,42,15
E01033589,"8. Process, plant and machine operatives",35,19,16
E01033589,9. Elementary occupations,106,35,71
E01033590,"1. Managers, directors and senior officials",67,49,18
E01033590,2. Professional occupations,102,128,-26
E01033590,3. Associate professional and technical occupations,56,41,15
E01033590,4. Administrative and secretarial occupations,61,62,-1
E01033590,5. Skilled trades occupations,36,41,-5
E01033590,"6. Caring, leisure and other service occupations",41,42,-1
E01033590,7. Sales and customer service occupations,40,42,-2
E01033590,"8. Process, plant and machine operatives",46,23,23
E01033590,9. Elementary occupations,88,36,52
E01033591,"1. Managers, directors and senior officials",119,60,59
E01033591,2. Professional occupations,232,139,93
E01033591,3. Associate professional and technical occupations,109,51,58
E01033591,4. Administrative and secretarial occupations,127,107,20
E01033591,5. Skilled trades occupations,143,75,68
E01033591,"6. Caring, leisure and other service occupations",89,63,26
E01033591,7. Sales and customer service occupations,128,118,10
E01033591,"8. Process, plant and machine operatives",96,50,46
E01033591,9. Elementary occupations,222,98,124
E01033592,"1. Managers, directors and senior officials",80,95,-15
E01033592,2. Professional occupations,236,207,29
E01033592,3. Associate professional and technical occupations,102,68,34
E01033592,4. Administrative and secretarial occupations,106,129,-23
E01033592,5. Skilled trades occupations,83,66,17
E01033592,"6. Caring, leisure and other service occupations",60,71,-11
E01033592,7. Sales and customer service occupations,87,89,-2
E01033592,"8. Process, plant and machine operatives",57,68,-11
E01033592,9. Elementary occupations,91,85,6
E01033593,"1. Managers, directors and senior officials",196,93,103
E01033593,2. Professional occupations,354,129,225
E01033593,3. Associate professional and technical occupations,141,17,124
E01033593,4. Administrative and secretarial occupations,68,32,36
E01033593,5. Skilled trades occupations,32,18,14
E01033593,"6. Caring, leisure and other service occupations",31,25,6
E01033593,7. Sales and customer service occupations,32,33,-1
E01033593,"8. Process, plant and machine operatives",21,14,7
E01033593,9. Elementary occupations,28,19,9
E01033594,"1. Managers, directors and senior officials",147,135,12
E01033594,2. Professional occupations,255,185,70
E01033594,3. Associate professional and technical occupations,107,35,72
E01033594,4. Administrative and secretarial occupations,37,65,-28
E01033594,5. Skilled trades occupations,21,35,-14
E01033594,"6. Caring, leisure and other service occupations",38,33,5
E01033594,7. Sales and customer service occupations,33,23,10
E01033594,"8. Process, plant and machine operatives",14,15,-1
E01033594,9. Elementary occupations,44,54,-10
E01033597,"1. Managers, directors and senior officials",110,90,20
E01033597,2. Professional occupations,134,80,54
E01033597,3. Associate professional and technical occupations,74,25,49
E01033597,4. Administrative and secretarial occupations,33,42,-9
E01033597,5. Skilled trades occupations,34,18,16
E01033597,"6. Caring, leisure and other service occupations",37,26,11
E01033597,7. Sales and customer service occupations,36,15,21
E01033597,"8. Process, plant and machine operatives",19,5,14
E01033597,9. Elementary occupations,23,28,-5
E01033598,"1. Managers, directors and senior officials",66,44,22
E01033598,2. Professional occupations,93,70,23
E01033598,3. Associate professional and technical occupations,56,18,38
E01033598,4. Administrative and secretarial occupations,45,39,6
E01033598,5. Skilled trades occupations,42,22,20
E01033598,"6. Caring, leisure and other service occupations",46,29,17
E01033598,7. Sales and customer service occupations,42,40,2
E01033598,"8. Process, plant and machine operatives",22,14,8
E01033598,9. Elementary occupations,54,52,2
E01033599,"1. Managers, directors and senior officials",74,46,28
E01033599,2. Professional occupations,136,127,9
E01033599,3. Associate professional and technical occupations,69,42,27
E01033599,4. Administrative and secretarial occupations,52,68,-16
E01033599,5. Skilled trades occupations,39,40,-1
E01033599,"6. Caring, leisure and other service occupations",61,50,11
E01033599,7. Sales and customer service occupations,40,39,1
E01033599,"8. Process, plant and machine operatives",27,33,-6
E01033599,9. Elementary occupations,69,73,-4
E01033601,"1. Managers, directors and senior officials",90,59,31
E01033601,2. Professional occupations,105,78,27
E01033601,3. Associate professional and technical occupations,102,35,67
E01033601,4. Administrative and secretarial occupations,84,79,5
E01033601,5. Skilled trades occupations,52,44,8
E01033601,"6. Caring, leisure and other service occupations",89,42,47
E01033601,7. Sales and customer service occupations,103,73,30
E01033601,"8. Process, plant and machine operatives",35,26,9
E01033601,9. Elementary occupations,76,65,11
E01033602,"1. Managers, directors and senior officials",41,44,-3
E01033602,2. Professional occupations,94,75,19
E01033602,3. Associate professional and technical occupations,66,15,51
E01033602,4. Administrative and secretarial occupations,45,60,-15
E01033602,5. Skilled trades occupations,40,37,3
E01033602,"6. Caring, leisure and other service occupations",58,52,6
E01033602,7. Sales and customer service occupations,51,55,-4
E01033602,"8. Process, plant and machine operatives",39,26,13
E01033602,9. Elementary occupations,86,80,6
E01033603,"1. Managers, directors and senior officials",83,83,0
E01033603,2. Professional occupations,203,145,58
E01033603,3. Associate professional and technical occupations,118,30,88
E01033603,4. Administrative and secretarial occupations,28,52,-24
E01033603,5. Skilled trades occupations,29,34,-5
E01033603,"6. Caring, leisure and other service occupations",39,39,0
E01033603,7. Sales and customer service occupations,44,41,3
E01033603,"8. Process, plant and machine operatives",14,15,-1
E01033603,9. Elementary occupations,31,51,-20
E01033604,"1. Managers, directors and senior officials",65,57,8
E01033604,2. Professional occupations,115,82,33
E01033604,3. Associate professional and technical occupations,55,30,25
E01033604,4. Administrative and secretarial occupations,35,46,-11
E01033604,5. Skilled trades occupations,53,68,-15
E01033604,"6. Caring, leisure and other service occupations",47,42,5
E01033604,7. Sales and customer service occupations,48,49,-1
E01033604,"8. Process, plant and machine operatives",25,26,-1
E01033604,9. Elementary occupations,72,88,-16
E01033605,"1. Managers, directors and senior officials",87,56,31
E01033605,2. Professional occupations,118,108,10
E01033605,3. Associate professional and technical occupations,86,31,55
E01033605,4. Administrative and secretarial occupations,50,52,-2
E01033605,5. Skilled trades occupations,29,53,-24
E01033605,"6. Caring, leisure and other service occupations",60,61,-1
E01033605,7. Sales and customer service occupations,66,57,9
E01033605,"8. Process, plant and machine operatives",35,30,5
E01033605,9. Elementary occupations,67,105,-38
E01033699,"1. Managers, directors and senior officials",169,80,89
E01033699,2. Professional occupations,353,184,169
E01033699,3. Associate professional and technical occupations,233,83,150
E01033699,4. Administrative and secretarial occupations,55,51,4
E01033699,5. Skilled trades occupations,30,42,-12
E01033699,"6. Caring, leisure and other service occupations",56,44,12
E01033699,7. Sales and customer service occupations,33,37,-4
E01033699,"8. Process, plant and machine operatives",23,21,2
E01033699,9. Elementary occupations,49,84,-35
E01033700,"1. Managers, directors and senior officials",289,96,193
E01033700,2. Professional occupations,672,272,400
E01033700,3. Associate professional and technical occupations,459,98,361
E01033700,4. Administrative and secretarial occupations,82,64,18
E01033700,5. Skilled trades occupations,48,42,6
E01033700,"6. Caring, leisure and other service occupations",64,43,21
E01033700,7. Sales and customer service occupations,66,61,5
E01033700,"8. Process, plant and machine operatives",26,19,7
E01033700,9. Elementary occupations,64,70,-6
E01033702,"1. Managers, directors and senior officials",75,41,34
E01033702,2. Professional occupations,193,114,79
E01033702,3. Associate professional and technical occupations,136,33,103
E01033702,4. Administrative and secretarial occupations,66,60,6
E01033702,5. Skilled trades occupations,35,33,2
E01033702,"6. Caring, leisure and other service occupations",52,35,17
E01033702,7. Sales and customer service occupations,30,41,-11
E01033702,"8. Process, plant and machine operatives",18,21,-3
E01033702,9. Elementary occupations,53,57,-4
E01033703,"1. Managers, directors and senior officials",108,56,52
E01033703,2. Professional occupations,211,120,91
E01033703,3. Associate professional and technical occupations,202,72,130
E01033703,4. Administrative and secretarial occupations,39,61,-22
E01033703,5. Skilled trades occupations,33,48,-15
E01033703,"6. Caring, leisure and other service occupations",61,53,8
E01033703,7. Sales and customer service occupations,34,59,-25
E01033703,"8. Process, plant and machine operatives",36,22,14
E01033703,9. Elementary occupations,59,71,-12
E01033704,"1. Managers, directors and senior officials",318,115,203
E01033704,2. Professional occupations,607,334,273
E01033704,3. Associate professional and technical occupations,379,111,268
E01033704,4. Administrative and secretarial occupations,72,86,-14
E01033704,5. Skilled trades occupations,83,58,25
E01033704,"6. Caring, leisure and other service occupations",85,46,39
E01033704,7. Sales and customer service occupations,55,56,-1
E01033704,"8. Process, plant and machine operatives",19,12,7
E01033704,9. Elementary occupations,85,62,23
E01033705,"1. Managers, directors and senior officials",84,38,46
E01033705,2. Professional occupations,199,113,86
E01033705,3. Associate professional and technical occupations,139,57,82
E01033705,4. Administrative and secretarial occupations,42,55,-13
E01033705,5. Skilled trades occupations,35,46,-11
E01033705,"6. Caring, leisure and other service occupations",64,53,11
E01033705,7. Sales and customer service occupations,37,50,-13
E01033705,"8. Process, plant and machine operatives",22,26,-4
E01033705,9. Elementary occupations,49,89,-40
E01033706,"1. Managers, directors and senior officials",216,159,57
E01033706,2. Professional occupations,406,333,73
E01033706,3. Associate professional and technical occupations,234,92,142
E01033706,4. Administrative and secretarial occupations,42,55,-13
E01033706,5. Skilled trades occupations,22,35,-13
E01033706,"6. Caring, leisure and other service occupations",33,37,-4
E01033706,7. Sales and customer service occupations,36,46,-10
E01033706,"8. Process, plant and machine operatives",14,14,0
E01033706,9. Elementary occupations,36,40,-4
E01033708,"1. Managers, directors and senior officials",273,213,60
E01033708,2. Professional occupations,468,371,97
E01033708,3. Associate professional and technical occupations,315,89,226
E01033708,4. Administrative and secretarial occupations,49,60,-11
E01033708,5. Skilled trades occupations,19,37,-18
E01033708,"6. Caring, leisure and other service occupations",27,26,1
E01033708,7. Sales and customer service occupations,38,43,-5
E01033708,"8. Process, plant and machine operatives",19,9,10
E01033708,9. Elementary occupations,53,48,5
E01033709,"1. Managers, directors and senior officials",138,69,69
E01033709,2. Professional occupations,349,300,49
E01033709,3. Associate professional and technical occupations,221,87,134
E01033709,4. Administrative and secretarial occupations,80,78,2
E01033709,5. Skilled trades occupations,53,50,3
E01033709,"6. Caring, leisure and other service occupations",78,72,6
E01033709,7. Sales and customer service occupations,63,65,-2
E01033709,"8. Process, plant and machine operatives",23,18,5
E01033709,9. Elementary occupations,94,92,2
E01033710,"1. Managers, directors and senior officials",82,49,33
E01033710,2. Professional occupations,194,127,67
E01033710,3. Associate professional and technical occupations,139,43,96
E01033710,4. Administrative and secretarial occupations,32,54,-22
E01033710,5. Skilled trades occupations,29,50,-21
E01033710,"6. Caring, leisure and other service occupations",52,32,20
E01033710,7. Sales and customer service occupations,21,30,-9
E01033710,"8. Process, plant and machine operatives",20,22,-2
E01033710,9. Elementary occupations,63,84,-21
E01033711,"1. Managers, directors and senior officials",234,69,165
E01033711,2. Professional occupations,460,210,250
E01033711,3. Associate professional and technical occupations,255,44,211
E01033711,4. Administrative and secretarial occupations,54,49,5
E01033711,5. Skilled trades occupations,17,22,-5
E01033711,"6. Caring, leisure and other service occupations",25,32,-7
E01033711,7. Sales and customer service occupations,46,47,-1
E01033711,"8. Process, plant and machine operatives",13,10,3
E01033711,9. Elementary occupations,40,39,1
E01033712,"1. Managers, directors and senior officials",154,78,76
E01033712,2. Professional occupations,272,203,69
E01033712,3. Associate professional and technical occupations,202,86,116
E01033712,4. Administrative and secretarial occupations,48,69,-21
E01033712,5. Skilled trades occupations,32,63,-31
E01033712,"6. Caring, leisure and other service occupations",54,59,-5
E01033712,7. Sales and customer service occupations,44,53,-9
E01033712,"8. Process, plant and machine operatives",23,26,-3
E01033712,9. Elementary occupations,72,80,-8
E01033713,"1. Managers, directors and senior officials",144,61,83
E01033713,2. Professional occupations,278,153,125
E01033713,3. Associate professional and technical occupations,190,62,128
E01033713,4. Administrative and secretarial occupations,50,64,-14
E01033713,5. Skilled trades occupations,33,46,-13
E01033713,"6. Caring, leisure and other service occupations",34,48,-14
E01033713,7. Sales and customer service occupations,36,36,0
E01033713,"8. Process, plant and machine operatives",21,25,-4
E01033713,9. Elementary occupations,57,78,-21
E01033727,"1. Managers, directors and senior officials",166,84,82
E01033727,2. Professional occupations,418,220,198
E01033727,3. Associate professional and technical occupations,266,72,194
E01033727,4. Administrative and secretarial occupations,81,106,-25
E01033727,5. Skilled trades occupations,50,47,3
E01033727,"6. Caring, leisure and other service occupations",118,101,17
E01033727,7. Sales and customer service occupations,73,80,-7
E01033727,"8. Process, plant and machine operatives",45,34,11
E01033727,9. Elementary occupations,100,119,-19
E01033728,"1. Managers, directors and senior officials",238,146,92
E01033728,2. Professional occupations,478,344,134
E01033728,3. Associate professional and technical occupations,239,59,180
E01033728,4. Administrative and secretarial occupations,71,74,-3
E01033728,5. Skilled trades occupations,32,22,10
E01033728,"6. Caring, leisure and other service occupations",47,14,33
E01033728,7. Sales and customer service occupations,38,18,20
E01033728,"8. Process, plant and machine operatives",26,8,18
E01033728,9. Elementary occupations,71,23,48
E01033729,"1. Managers, directors and senior officials",104,53,51
E01033729,2. Professional occupations,144,92,52
E01033729,3. Associate professional and technical occupations,93,76,17
E01033729,4. Administrative and secretarial occupations,89,106,-17
E01033729,5. Skilled trades occupations,88,82,6
E01033729,"6. Caring, leisure and other service occupations",115,106,9
E01033729,7. Sales and customer service occupations,85,155,-70
E01033729,"8. Process, plant and machine operatives",49,53,-4
E01033729,9. Elementary occupations,98,166,-68
E01033732,"1. Managers, directors and senior officials",110,96,14
E01033732,2. Professional occupations,245,203,42
E01033732,3. Associate professional and technical occupations,127,40,87
E01033732,4. Administrative and secretarial occupations,49,75,-26
E01033732,5. Skilled trades occupations,19,18,1
E01033732,"6. Caring, leisure and other service occupations",29,34,-5
E01033732,7. Sales and customer service occupations,33,27,6
E01033732,"8. Process, plant and machine operatives",9,6,3
E01033732,9. Elementary occupations,54,30,24
E01033734,"1. Managers, directors and senior officials",149,101,48
E01033734,2. Professional occupations,322,234,88
E01033734,3. Associate professional and technical occupations,185,73,112
E01033734,4. Administrative and secretarial occupations,72,73,-1
E01033734,5. Skilled trades occupations,42,26,16
E01033734,"6. Caring, leisure and other service occupations",38,37,1
E01033734,7. Sales and customer service occupations,47,49,-2
E01033734,"8. Process, plant and machine operatives",20,12,8
E01033734,9. Elementary occupations,62,49,13
E01033735,"1. Managers, directors and senior officials",76,47,29
E01033735,2. Professional occupations,155,109,46
E01033735,3. Associate professional and technical occupations,84,31,53
E01033735,4. Administrative and secretarial occupations,69,49,20
E01033735,5. Skilled trades occupations,73,39,34
E01033735,"6. Caring, leisure and other service occupations",59,60,-1
E01033735,7. Sales and customer service occupations,42,54,-12
E01033735,"8. Process, plant and machine operatives",39,24,15
E01033735,9. Elementary occupations,117,90,27
E01033736,"1. Managers, directors and senior officials",307,136,171
E01033736,2. Professional occupations,694,284,410
E01033736,3. Associate professional and technical occupations,325,71,254
E01033736,4. Administrative and secretarial occupations,120,78,42
E01033736,5. Skilled trades occupations,47,26,21
E01033736,"6. Caring, leisure and other service occupations",58,28,30
E01033736,7. Sales and customer service occupations,78,33,45
E01033736,"8. Process, plant and machine operatives",20,10,10
E01033736,9. Elementary occupations,61,26,35
E01033737,"1. Managers, directors and senior officials",105,41,64
E01033737,2. Professional occupations,234,81,153
E01033737,3. Associate professional and technical occupations,122,23,99
E01033737,4. Administrative and secretarial occupations,88,55,33
E01033737,5. Skilled trades occupations,63,40,23
E01033737,"6. Caring, leisure and other service occupations",128,78,50
E01033737,7. Sales and customer service occupations,73,62,11
E01033737,"8. Process, plant and machine operatives",58,43,15
E01033737,9. Elementary occupations,145,153,-8
E01033738,"1. Managers, directors and senior officials",181,71,110
E01033738,2. Professional occupations,311,145,166
E01033738,3. Associate professional and technical occupations,205,37,168
E01033738,4. Administrative and secretarial occupations,81,61,20
E01033738,5. Skilled trades occupations,62,48,14
E01033738,"6. Caring, leisure and other service occupations",62,39,23
E01033738,7. Sales and customer service occupations,65,46,19
E01033738,"8. Process, plant and machine operatives",23,13,10
E01033738,9. Elementary occupations,91,67,24
E01033739,"1. Managers, directors and senior officials",87,64,23
E01033739,2. Professional occupations,163,114,49
E01033739,3. Associate professional and technical occupations,113,46,67
E01033739,4. Administrative and secretarial occupations,74,67,7
E01033739,5. Skilled trades occupations,62,54,8
E01033739,"6. Caring, leisure and other service occupations",131,80,51
E01033739,7. Sales and customer service occupations,53,58,-5
E01033739,"8. Process, plant and machine operatives",58,53,5
E01033739,9. Elementary occupations,92,116,-24
E01033740,"1. Managers, directors and senior officials",84,83,1
E01033740,2. Professional occupations,180,139,41
E01033740,3. Associate professional and technical occupations,90,41,49
E01033740,4. Administrative and secretarial occupations,57,76,-19
E01033740,5. Skilled trades occupations,63,50,13
E01033740,"6. Caring, leisure and other service occupations",90,74,16
E01033740,7. Sales and customer service occupations,58,57,1
E01033740,"8. Process, plant and machine operatives",55,59,-4
E01033740,9. Elementary occupations,100,103,-3
E01033741,"1. Managers, directors and senior officials",93,73,20
E01033741,2. Professional occupations,208,168,40
E01033741,3. Associate professional and technical occupations,109,63,46
E01033741,4. Administrative and secretarial occupations,86,90,-4
E01033741,5. Skilled trades occupations,74,66,8
E01033741,"6. Caring, leisure and other service occupations",131,66,65
E01033741,7. Sales and customer service occupations,80,75,5
E01033741,"8. Process, plant and machine operatives",63,61,2
E01033741,9. Elementary occupations,171,157,14
E01033742,"1. Managers, directors and senior officials",109,73,36
E01033742,2. Professional occupations,200,198,2
E01033742,3. Associate professional and technical occupations,111,42,69
E01033742,4. Administrative and secretarial occupations,75,104,-29
E01033742,5. Skilled trades occupations,66,56,10
E01033742,"6. Caring, leisure and other service occupations",68,43,25
E01033742,7. Sales and customer service occupations,48,58,-10
E01033742,"8. Process, plant and machine operatives",48,27,21
E01033742,9. Elementary occupations,91,79,12
E01033743,"1. Managers, directors and senior officials",77,61,16
E01033743,2. Professional occupations,178,176,2
E01033743,3. Associate professional and technical occupations,79,50,29
E01033743,4. Administrative and secretarial occupations,72,100,-28
E01033743,5. Skilled trades occupations,60,47,13
E01033743,"6. Caring, leisure and other service occupations",129,92,37
E01033743,7. Sales and customer service occupations,79,75,4
E01033743,"8. Process, plant and machine operatives",74,56,18
E01033743,9. Elementary occupations,111,109,2
E01033744,"1. Managers, directors and senior officials",93,47,46
E01033744,2. Professional occupations,134,116,18
E01033744,3. Associate professional and technical occupations,103,45,58
E01033744,4. Administrative and secretarial occupations,73,104,-31
E01033744,5. Skilled trades occupations,58,72,-14
E01033744,"6. Caring, leisure and other service occupations",120,95,25
E01033744,7. Sales and customer service occupations,63,61,2
E01033744,"8. Process, plant and machine operatives",73,48,25
E01033744,9. Elementary occupations,125,124,1
E01033745,"1. Managers, directors and senior officials",65,69,-4
E01033745,2. Professional occupations,173,145,28
E01033745,3. Associate professional and technical occupations,130,47,83
E01033745,4. Administrative and secretarial occupations,57,85,-28
E01033745,5. Skilled trades occupations,74,68,6
E01033745,"6. Caring, leisure and other service occupations",103,107,-4
E01033745,7. Sales and customer service occupations,76,74,2
E01033745,"8. Process, plant and machine operatives",49,60,-11
E01033745,9. Elementary occupations,108,104,4
E01033746,"1. Managers, directors and senior officials",176,140,36
E01033746,2. Professional occupations,275,279,-4
E01033746,3. Associate professional and technical occupations,124,48,76
E01033746,4. Administrative and secretarial occupations,48,59,-11
E01033746,5. Skilled trades occupations,22,33,-11
E01033746,"6. Caring, leisure and other service occupations",34,31,3
E01033746,7. Sales and customer service occupations,42,18,24
E01033746,"8. Process, plant and machine operatives",18,3,15
E01033746,9. Elementary occupations,30,33,-3
E01033784,"1. Managers, directors and senior officials",106,78,28
E01033784,2. Professional occupations,191,125,66
E01033784,3. Associate professional and technical occupations,115,53,62
E01033784,4. Administrative and secretarial occupations,113,153,-40
E01033784,5. Skilled trades occupations,96,71,25
E01033784,"6. Caring, leisure and other service occupations",60,44,16
E01033784,7. Sales and customer service occupations,57,55,2
E01033784,"8. Process, plant and machine operatives",52,40,12
E01033784,9. Elementary occupations,47,53,-6
E01033785,"1. Managers, directors and senior officials",129,8,121
E01033785,2. Professional occupations,273,29,244
E01033785,3. Associate professional and technical occupations,169,11,158
E01033785,4. Administrative and secretarial occupations,95,21,74
E01033785,5. Skilled trades occupations,57,14,43
E01033785,"6. Caring, leisure and other service occupations",47,9,38
E01033785,7. Sales and customer service occupations,44,6,38
E01033785,"8. Process, plant and machine operatives",21,11,10
E01033785,9. Elementary occupations,40,15,25
E01033786,"1. Managers, directors and senior officials",68,6,62
E01033786,2. Professional occupations,269,43,226
E01033786,3. Associate professional and technical occupations,86,4,82
E01033786,4. Administrative and secretarial occupations,66,20,46
E01033786,5. Skilled trades occupations,66,17,49
E01033786,"6. Caring, leisure and other service occupations",63,19,44
E01033786,7. Sales and customer service occupations,41,13,28
E01033786,"8. Process, plant and machine operatives",26,5,21
E01033786,9. Elementary occupations,55,11,44
E01033787,"1. Managers, directors and senior officials",69,12,57
E01033787,2. Professional occupations,328,118,210
E01033787,3. Associate professional and technical occupations,86,15,71
E01033787,4. Administrative and secretarial occupations,78,20,58
E01033787,5. Skilled trades occupations,60,17,43
E01033787,"6. Caring, leisure and other service occupations",58,19,39
E01033787,7. Sales and customer service occupations,42,16,26
E01033787,"8. Process, plant and machine operatives",45,17,28
E01033787,9. Elementary occupations,64,22,42
E01033788,"1. Managers, directors and senior officials",75,62,13
E01033788,2. Professional occupations,157,82,75
E01033788,3. Associate professional and technical occupations,89,39,50
E01033788,4. Administrative and secretarial occupations,74,106,-32
E01033788,5. Skilled trades occupations,82,71,11
E01033788,"6. Caring, leisure and other service occupations",62,56,6
E01033788,7. Sales and customer service occupations,52,51,1
E01033788,"8. Process, plant and machine operatives",54,39,15
E01033788,9. Elementary occupations,85,61,24
E01033789,"1. Managers, directors and senior officials",125,8,117
E01033789,2. Professional occupations,263,12,251
E01033789,3. Associate professional and technical occupations,126,10,116
E01033789,4. Administrative and secretarial occupations,79,28,51
E01033789,5. Skilled trades occupations,49,21,28
E01033789,"6. Caring, leisure and other service occupations",96,14,82
E01033789,7. Sales and customer service occupations,45,18,27
E01033789,"8. Process, plant and machine operatives",50,12,38
E01033789,9. Elementary occupations,63,19,44
E01033790,"1. Managers, directors and senior officials",51,32,19
E01033790,2. Professional occupations,92,62,30
E01033790,3. Associate professional and technical occupations,64,24,40
E01033790,4. Administrative and secretarial occupations,58,71,-13
E01033790,5. Skilled trades occupations,68,48,20
E01033790,"6. Caring, leisure and other service occupations",70,52,18
E01033790,7. Sales and customer service occupations,74,58,16
E01033790,"8. Process, plant and machine operatives",52,59,-7
E01033790,9. Elementary occupations,66,64,2
E01033791,"1. Managers, directors and senior officials",65,37,28
E01033791,2. Professional occupations,119,30,89
E01033791,3. Associate professional and technical occupations,78,31,47
E01033791,4. Administrative and secretarial occupations,73,67,6
E01033791,5. Skilled trades occupations,67,42,25
E01033791,"6. Caring, leisure and other service occupations",69,26,43
E01033791,7. Sales and customer service occupations,52,29,23
E01033791,"8. Process, plant and machine operatives",59,40,19
E01033791,9. Elementary occupations,89,52,37
E01033792,"1. Managers, directors and senior officials",121,80,41
E01033792,2. Professional occupations,170,110,60
E01033792,3. Associate professional and technical occupations,105,52,53
E01033792,4. Administrative and secretarial occupations,98,136,-38
E01033792,5. Skilled trades occupations,81,67,14
E01033792,"6. Caring, leisure and other service occupations",43,48,-5
E01033792,7. Sales and customer service occupations,48,62,-14
E01033792,"8. Process, plant and machine operatives",22,33,-11
E01033792,9. Elementary occupations,40,37,3
E01033862,"1. Managers, directors and senior officials",157,82,75
E01033862,2. Professional occupations,326,170,156
E01033862,3. Associate professional and technical occupations,164,22,142
E01033862,4. Administrative and secretarial occupations,55,35,20
E01033862,5. Skilled trades occupations,22,11,11
E01033862,"6. Caring, leisure and other service occupations",27,25,2
E01033862,7. Sales and customer service occupations,31,27,4
E01033862,"8. Process, plant and machine operatives",12,11,1
E01033862,9. Elementary occupations,43,26,17
E01033863,"1. Managers, directors and senior officials",69,70,-1
E01033863,2. Professional occupations,120,137,-17
E01033863,3. Associate professional and technical occupations,96,41,55
E01033863,4. Administrative and secretarial occupations,45,68,-23
E01033863,5. Skilled trades occupations,39,49,-10
E01033863,"6. Caring, leisure and other service occupations",70,71,-1
E01033863,7. Sales and customer service occupations,57,54,3
E01033863,"8. Process, plant and machine operatives",39,34,5
E01033863,9. Elementary occupations,97,103,-6
E01033864,"1. Managers, directors and senior officials",40,34,6
E01033864,2. Professional occupations,115,89,26
E01033864,3. Associate professional and technical occupations,77,24,53
E01033864,4. Administrative and secretarial occupations,32,36,-4
E01033864,5. Skilled trades occupations,36,36,0
E01033864,"6. Caring, leisure and other service occupations",70,47,23
E01033864,7. Sales and customer service occupations,33,43,-10
E01033864,"8. Process, plant and machine operatives",30,20,10
E01033864,9. Elementary occupations,61,82,-21
E01033865,"1. Managers, directors and senior officials",148,48,100
E01033865,2. Professional occupations,288,112,176
E01033865,3. Associate professional and technical occupations,174,32,142
E01033865,4. Administrative and secretarial occupations,56,38,18
E01033865,5. Skilled trades occupations,20,13,7
E01033865,"6. Caring, leisure and other service occupations",45,15,30
E01033865,7. Sales and customer service occupations,27,22,5
E01033865,"8. Process, plant and machine operatives",9,17,-8
E01033865,9. Elementary occupations,27,29,-2
E01033866,"1. Managers, directors and senior officials",142,0,142
E01033866,2. Professional occupations,305,0,305
E01033866,3. Associate professional and technical occupations,146,0,146
E01033866,4. Administrative and secretarial occupations,59,0,59
E01033866,5. Skilled trades occupations,10,0,10
E01033866,"6. Caring, leisure and other service occupations",21,0,21
E01033866,7. Sales and customer service occupations,19,0,19
E01033866,"8. Process, plant and machine operatives",12,0,12
E01033866,9. Elementary occupations,20,0,20
E01033867,"1. Managers, directors and senior officials",121,79,42
E01033867,2. Professional occupations,264,207,57
E01033867,3. Associate professional and technical occupations,144,36,108
E01033867,4. Administrative and secretarial occupations,43,57,-14
E01033867,5. Skilled trades occupations,28,25,3
E01033867,"6. Caring, leisure and other service occupations",45,56,-11
E01033867,7. Sales and customer service occupations,41,55,-14
E01033867,"8. Process, plant and machine operatives",30,23,7
E01033867,9. Elementary occupations,46,81,-35
E01033868,"1. Managers, directors and senior officials",137,84,53
E01033868,2. Professional occupations,330,250,80
E01033868,3. Associate professional and technical occupations,152,40,112
E01033868,4. Administrative and secretarial occupations,34,50,-16
E01033868,5. Skilled trades occupations,13,19,-6
E01033868,"6. Caring, leisure and other service occupations",17,20,-3
E01033868,7. Sales and customer service occupations,21,15,6
E01033868,"8. Process, plant and machine operatives",8,10,-2
E01033868,9. Elementary occupations,24,24,0
E01033869,"1. Managers, directors and senior officials",106,58,48
E01033869,2. Professional occupations,197,137,60
E01033869,3. Associate professional and technical occupations,117,44,73
E01033869,4. Administrative and secretarial occupations,61,65,-4
E01033869,5. Skilled trades occupations,41,36,5
E01033869,"6. Caring, leisure and other service occupations",60,43,17
E01033869,7. Sales and customer service occupations,37,37,0
E01033869,"8. Process, plant and machine operatives",36,17,19
E01033869,9. Elementary occupations,70,59,11
E01033870,"1. Managers, directors and senior officials",229,57,172
E01033870,2. Professional occupations,455,115,340
E01033870,3. Associate professional and technical occupations,234,22,212
E01033870,4. Administrative and secretarial occupations,65,23,42
E01033870,5. Skilled trades occupations,45,18,27
E01033870,"6. Caring, leisure and other service occupations",55,27,28
E01033870,7. Sales and customer service occupations,41,18,23
E01033870,"8. Process, plant and machine operatives",31,5,26
E01033870,9. Elementary occupations,80,29,51
E01033871,"1. Managers, directors and senior officials",113,85,28
E01033871,2. Professional occupations,283,215,68
E01033871,3. Associate professional and technical occupations,123,51,72
E01033871,4. Administrative and secretarial occupations,61,99,-38
E01033871,5. Skilled trades occupations,43,45,-2
E01033871,"6. Caring, leisure and other service occupations",52,57,-5
E01033871,7. Sales and customer service occupations,39,43,-4
E01033871,"8. Process, plant and machine operatives",32,27,5
E01033871,9. Elementary occupations,59,73,-14
E01033872,"1. Managers, directors and senior officials",105,73,32
E01033872,2. Professional occupations,263,203,60
E01033872,3. Associate professional and technical occupations,145,40,105
E01033872,4. Administrative and secretarial occupations,50,58,-8
E01033872,5. Skilled trades occupations,40,35,5
E01033872,"6. Caring, leisure and other service occupations",48,45,3
E01033872,7. Sales and customer service occupations,44,32,12
E01033872,"8. Process, plant and machine operatives",51,22,29
E01033872,9. Elementary occupations,47,48,-1
E01033873,"1. Managers, directors and senior officials",82,52,30
E01033873,2. Professional occupations,196,158,38
E01033873,3. Associate professional and technical occupations,131,61,70
E01033873,4. Administrative and secretarial occupations,59,55,4
E01033873,5. Skilled trades occupations,32,71,-39
E01033873,"6. Caring, leisure and other service occupations",82,81,1
E01033873,7. Sales and customer service occupations,54,90,-36
E01033873,"8. Process, plant and machine operatives",42,26,16
E01033873,9. Elementary occupations,149,165,-16
E01033874,"1. Managers, directors and senior officials",104,0,104
E01033874,2. Professional occupations,335,0,335
E01033874,3. Associate professional and technical occupations,145,0,145
E01033874,4. Administrative and secretarial occupations,41,0,41
E01033874,5. Skilled trades occupations,18,0,18
E01033874,"6. Caring, leisure and other service occupations",4,0,4
E01033874,7. Sales and customer service occupations,17,0,17
E01033874,"8. Process, plant and machine operatives",5,0,5
E01033874,9. Elementary occupations,21,0,21
E01033875,"1. Managers, directors and senior officials",112,29,83
E01033875,2. Professional occupations,250,50,200
E01033875,3. Associate professional and technical occupations,132,20,112
E01033875,4. Administrative and secretarial occupations,50,46,4
E01033875,5. Skilled trades occupations,26,14,12
E01033875,"6. Caring, leisure and other service occupations",38,25,13
E01033875,7. Sales and customer service occupations,38,29,9
E01033875,"8. Process, plant and machine operatives",23,10,13
E01033875,9. Elementary occupations,57,35,22
E01033876,"1. Managers, directors and senior officials",133,28,105
E01033876,2. Professional occupations,364,68,296
E01033876,3. Associate professional and technical occupations,167,25,142
E01033876,4. Administrative and secretarial occupations,54,29,25
E01033876,5. Skilled trades occupations,29,21,8
E01033876,"6. Caring, leisure and other service occupations",30,25,5
E01033876,7. Sales and customer service occupations,25,21,4
E01033876,"8. Process, plant and machine operatives",16,9,7
E01033876,9. Elementary occupations,40,28,12
E01033877,"1. Managers, directors and senior officials",128,43,85
E01033877,2. Professional occupations,260,95,165
E01033877,3. Associate professional and technical occupations,154,25,129
E01033877,4. Administrative and secretarial occupations,61,54,7
E01033877,5. Skilled trades occupations,43,37,6
E01033877,"6. Caring, leisure and other service occupations",47,48,-1
E01033877,7. Sales and customer service occupations,55,47,8
E01033877,"8. Process, plant and machine operatives",27,27,0
E01033877,9. Elementary occupations,110,83,27
E01033878,"1. Managers, directors and senior officials",49,39,10
E01033878,2. Professional occupations,122,61,61
E01033878,3. Associate professional and technical occupations,71,27,44
E01033878,4. Administrative and secretarial occupations,30,51,-21
E01033878,5. Skilled trades occupations,27,34,-7
E01033878,"6. Caring, leisure and other service occupations",59,56,3
E01033878,7. Sales and customer service occupations,28,43,-15
E01033878,"8. Process, plant and machine operatives",20,20,0
E01033878,9. Elementary occupations,110,89,21
E01033879,"1. Managers, directors and senior officials",61,55,6
E01033879,2. Professional occupations,132,131,1
E01033879,3. Associate professional and technical occupations,110,46,64
E01033879,4. Administrative and secretarial occupations,79,101,-22
E01033879,5. Skilled trades occupations,66,90,-24
E01033879,"6. Caring, leisure and other service occupations",175,173,2
E01033879,7. Sales and customer service occupations,92,119,-27
E01033879,"8. Process, plant and machine operatives",76,76,0
E01033879,9. Elementary occupations,202,236,-34
E01033880,"1. Managers, directors and senior officials",133,42,91
E01033880,2. Professional occupations,220,90,130
E01033880,3. Associate professional and technical occupations,144,29,115
E01033880,4. Administrative and secretarial occupations,49,43,6
E01033880,5. Skilled trades occupations,122,40,82
E01033880,"6. Caring, leisure and other service occupations",102,45,57
E01033880,7. Sales and customer service occupations,62,47,15
E01033880,"8. Process, plant and machine operatives",102,13,89
E01033880,9. Elementary occupations,352,92,260
E01033881,"1. Managers, directors and senior officials",70,91,-21
E01033881,2. Professional occupations,180,161,19
E01033881,3. Associate professional and technical occupations,99,51,48
E01033881,4. Administrative and secretarial occupations,68,118,-50
E01033881,5. Skilled trades occupations,65,93,-28
E01033881,"6. Caring, leisure and other service occupations",89,206,-117
E01033881,7. Sales and customer service occupations,78,136,-58
E01033881,"8. Process, plant and machine operatives",34,76,-42
E01033881,9. Elementary occupations,143,308,-165
E01033882,"1. Managers, directors and senior officials",82,44,38
E01033882,2. Professional occupations,191,93,98
E01033882,3. Associate professional and technical occupations,127,33,94
E01033882,4. Administrative and secretarial occupations,46,54,-8
E01033882,5. Skilled trades occupations,52,62,-10
E01033882,"6. Caring, leisure and other service occupations",49,91,-42
E01033882,7. Sales and customer service occupations,61,76,-15
E01033882,"8. Process, plant and machine operatives",37,25,12
E01033882,9. Elementary occupations,102,120,-18
E01033883,"1. Managers, directors and senior officials",81,27,54
E01033883,2. Professional occupations,239,62,177
E01033883,3. Associate professional and technical occupations,151,18,133
E01033883,4. Administrative and secretarial occupations,75,44,31
E01033883,5. Skilled trades occupations,42,35,7
E01033883,"6. Caring, leisure and other service occupations",90,65,25
E01033883,7. Sales and customer service occupations,63,50,13
E01033883,"8. Process, plant and machine operatives",38,25,13
E01033883,9. Elementary occupations,73,69,4
E01033884,"1. Managers, directors and senior officials",192,72,120
E01033884,2. Professional occupations,247,138,109
E01033884,3. Associate professional and technical occupations,134,34,100
E01033884,4. Administrative and secretarial occupations,38,34,4
E01033884,5. Skilled trades occupations,18,16,2
E01033884,"6. Caring, leisure and other service occupations",23,15,8
E01033884,7. Sales and customer service occupations,21,23,-2
E01033884,"8. Process, plant and machine operatives",9,9,0
E01033884,9. Elementary occupations,33,28,5
E01033885,"1. Managers, directors and senior officials",99,87,12
E01033885,2. Professional occupations,229,224,5
E01033885,3. Associate professional and technical occupations,120,37,83
E01033885,4. Administrative and secretarial occupations,61,75,-14
E01033885,5. Skilled trades occupations,33,26,7
E01033885,"6. Caring, leisure and other service occupations",60,69,-9
E01033885,7. Sales and customer service occupations,37,45,-8
E01033885,"8. Process, plant and machine operatives",25,28,-3
E01033885,9. Elementary occupations,74,51,23
E01033911,"1. Managers, directors and senior officials",210,124,86
E01033911,2. Professional occupations,265,158,107
E01033911,3. Associate professional and technical occupations,143,51,92
E01033911,4. Administrative and secretarial occupations,81,93,-12
E01033911,5. Skilled trades occupations,57,56,1
E01033911,"6. Caring, leisure and other service occupations",51,62,-11
E01033911,7. Sales and customer service occupations,46,36,10
E01033911,"8. Process, plant and machine operatives",28,32,-4
E01033911,9. Elementary occupations,31,56,-25
E01033912,"1. Managers, directors and senior officials",194,43,151
E01033912,2. Professional occupations,301,48,253
E01033912,3. Associate professional and technical occupations,144,20,124
E01033912,4. Administrative and secretarial occupations,71,17,54
E01033912,5. Skilled trades occupations,20,15,5
E01033912,"6. Caring, leisure and other service occupations",36,20,16
E01033912,7. Sales and customer service occupations,39,21,18
E01033912,"8. Process, plant and machine operatives",28,7,21
E01033912,9. Elementary occupations,27,16,11
E01033913,"1. Managers, directors and senior officials",55,44,11
E01033913,2. Professional occupations,91,134,-43
E01033913,3. Associate professional and technical occupations,66,47,19
E01033913,4. Administrative and secretarial occupations,36,61,-25
E01033913,5. Skilled trades occupations,67,44,23
E01033913,"6. Caring, leisure and other service occupations",76,47,29
E01033913,7. Sales and customer service occupations,46,60,-14
E01033913,"8. Process, plant and machine operatives",53,37,16
E01033913,9. Elementary occupations,88,70,18
E01033914,"1. Managers, directors and senior officials",55,40,15
E01033914,2. Professional occupations,107,64,43
E01033914,3. Associate professional and technical occupations,64,23,41
E01033914,4. Administrative and secretarial occupations,51,59,-8
E01033914,5. Skilled trades occupations,99,65,34
E01033914,"6. Caring, leisure and other service occupations",101,76,25
E01033914,7. Sales and customer service occupations,67,54,13
E01033914,"8. Process, plant and machine operatives",90,58,32
E01033914,9. Elementary occupations,138,118,20
E01033915,"1. Managers, directors and senior officials",58,0,58
E01033915,2. Professional occupations,153,0,153
E01033915,3. Associate professional and technical occupations,91,0,91
E01033915,4. Administrative and secretarial occupations,37,0,37
E01033915,5. Skilled trades occupations,53,0,53
E01033915,"6. Caring, leisure and other service occupations",56,0,56
E01033915,7. Sales and customer service occupations,33,0,33
E01033915,"8. Process, plant and machine operatives",23,0,23
E01033915,9. Elementary occupations,47,0,47
E01033916,"1. Managers, directors and senior officials",67,99,-32
E01033916,2. Professional occupations,139,161,-22
E01033916,3. Associate professional and technical occupations,71,46,25
E01033916,4. Administrative and secretarial occupations,90,68,22
E01033916,5. Skilled trades occupations,106,103,3
E01033916,"6. Caring, leisure and other service occupations",75,84,-9
E01033916,7. Sales and customer service occupations,70,81,-11
E01033916,"8. Process, plant and machine operatives",64,60,4
E01033916,9. Elementary occupations,147,113,34
E01033917,"1. Managers, directors and senior officials",133,50,83
E01033917,2. Professional occupations,256,88,168
E01033917,3. Associate professional and technical occupations,156,38,118
E01033917,4. Administrative and secretarial occupations,80,38,42
E01033917,5. Skilled trades occupations,44,20,24
E01033917,"6. Caring, leisure and other service occupations",58,30,28
E01033917,7. Sales and customer service occupations,51,21,30
E01033917,"8. Process, plant and machine operatives",31,14,17
E01033917,9. Elementary occupations,53,23,30
E01033918,"1. Managers, directors and senior officials",144,34,110
E01033918,2. Professional occupations,273,79,194
E01033918,3. Associate professional and technical occupations,124,20,104
E01033918,4. Administrative and secretarial occupations,64,28,36
E01033918,5. Skilled trades occupations,32,12,20
E01033918,"6. Caring, leisure and other service occupations",49,19,30
E01033918,7. Sales and customer service occupations,53,46,7
E01033918,"8. Process, plant and machine operatives",22,9,13
E01033918,9. Elementary occupations,54,29,25
E01033919,"1. Managers, directors and senior officials",146,12,134
E01033919,2. Professional occupations,282,23,259
E01033919,3. Associate professional and technical occupations,151,11,140
E01033919,4. Administrative and secretarial occupations,51,2,49
E01033919,5. Skilled trades occupations,33,5,28
E01033919,"6. Caring, leisure and other service occupations",36,4,32
E01033919,7. Sales and customer service occupations,42,6,36
E01033919,"8. Process, plant and machine operatives",17,1,16
E01033919,9. Elementary occupations,43,6,37
E01033920,"1. Managers, directors and senior officials",133,10,123
E01033920,2. Professional occupations,289,25,264
E01033920,3. Associate professional and technical occupations,142,11,131
E01033920,4. Administrative and secretarial occupations,72,20,52
E01033920,5. Skilled trades occupations,70,36,34
E01033920,"6. Caring, leisure and other service occupations",44,22,22
E01033920,7. Sales and customer service occupations,49,13,36
E01033920,"8. Process, plant and machine operatives",38,20,18
E01033920,9. Elementary occupations,68,28,40
E01033921,"1. Managers, directors and senior officials",97,0,97
E01033921,2. Professional occupations,329,0,329
E01033921,3. Associate professional and technical occupations,131,0,131
E01033921,4. Administrative and secretarial occupations,67,0,67
E01033921,5. Skilled trades occupations,47,0,47
E01033921,"6. Caring, leisure and other service occupations",70,0,70
E01033921,7. Sales and customer service occupations,58,0,58
E01033921,"8. Process, plant and machine operatives",54,0,54
E01033921,9. Elementary occupations,65,0,65
E01033922,"1. Managers, directors and senior officials",158,12,146
E01033922,2. Professional occupations,309,28,281
E01033922,3. Associate professional and technical occupations,134,12,122
E01033922,4. Administrative and secretarial occupations,61,10,51
E01033922,5. Skilled trades occupations,58,14,44
E01033922,"6. Caring, leisure and other service occupations",78,14,64
E01033922,7. Sales and customer service occupations,55,16,39
E01033922,"8. Process, plant and machine operatives",67,9,58
E01033922,9. Elementary occupations,77,27,50
E01033923,"1. Managers, directors and senior officials",78,22,56
E01033923,2. Professional occupations,163,58,105
E01033923,3. Associate professional and technical occupations,115,12,103
E01033923,4. Administrative and secretarial occupations,49,27,22
E01033923,5. Skilled trades occupations,72,32,40
E01033923,"6. Caring, leisure and other service occupations",67,17,50
E01033923,7. Sales and customer service occupations,50,21,29
E01033923,"8. Process, plant and machine operatives",49,11,38
E01033923,9. Elementary occupations,74,43,31
E01033924,"1. Managers, directors and senior officials",73,44,29
E01033924,2. Professional occupations,91,67,24
E01033924,3. Associate professional and technical occupations,62,28,34
E01033924,4. Administrative and secretarial occupations,61,58,3
E01033924,5. Skilled trades occupations,66,62,4
E01033924,"6. Caring, leisure and other service occupations",81,48,33
E01033924,7. Sales and customer service occupations,57,81,-24
E01033924,"8. Process, plant and machine operatives",71,44,27
E01033924,9. Elementary occupations,100,61,39
E01033925,"1. Managers, directors and senior officials",118,57,61
E01033925,2. Professional occupations,204,75,129
E01033925,3. Associate professional and technical occupations,112,22,90
E01033925,4. Administrative and secretarial occupations,64,68,-4
E01033925,5. Skilled trades occupations,106,72,34
E01033925,"6. Caring, leisure and other service occupations",66,33,33
E01033925,7. Sales and customer service occupations,67,53,14
E01033925,"8. Process, plant and machine operatives",47,33,14
E01033925,9. Elementary occupations,88,71,17
E01033926,"1. Managers, directors and senior officials",83,69,14
E01033926,2. Professional occupations,165,119,46
E01033926,3. Associate professional and technical occupations,114,53,61
E01033926,4. Administrative and secretarial occupations,79,126,-47
E01033926,5. Skilled trades occupations,89,100,-11
E01033926,"6. Caring, leisure and other service occupations",132,120,12
E01033926,7. Sales and customer service occupations,89,144,-55
E01033926,"8. Process, plant and machine operatives",100,94,6
E01033926,9. Elementary occupations,155,192,-37
E01033927,"1. Managers, directors and senior officials",118,62,56
E01033927,2. Professional occupations,157,166,-9
E01033927,3. Associate professional and technical occupations,91,44,47
E01033927,4. Administrative and secretarial occupations,79,83,-4
E01033927,5. Skilled trades occupations,104,59,45
E01033927,"6. Caring, leisure and other service occupations",63,52,11
E01033927,7. Sales and customer service occupations,39,60,-21
E01033927,"8. Process, plant and machine operatives",49,25,24
E01033927,9. Elementary occupations,120,67,53
E01033928,"1. Managers, directors and senior officials",89,74,15
E01033928,2. Professional occupations,169,196,-27
E01033928,3. Associate professional and technical occupations,86,47,39
E01033928,4. Administrative and secretarial occupations,56,58,-2
E01033928,5. Skilled trades occupations,73,37,36
E01033928,"6. Caring, leisure and other service occupations",55,50,5
E01033928,7. Sales and customer service occupations,40,41,-1
E01033928,"8. Process, plant and machine operatives",40,19,21
E01033928,9. Elementary occupations,74,53,21
E01033929,"1. Managers, directors and senior officials",90,14,76
E01033929,2. Professional occupations,254,33,221
E01033929,3. Associate professional and technical occupations,115,9,106
E01033929,4. Administrative and secretarial occupations,65,27,38
E01033929,5. Skilled trades occupations,40,17,23
E01033929,"6. Caring, leisure and other service occupations",36,12,24
E01033929,7. Sales and customer service occupations,52,16,36
E01033929,"8. Process, plant and machine operatives",33,12,21
E01033929,9. Elementary occupations,45,19,26
E01033930,"1. Managers, directors and senior officials",78,58,20
E01033930,2. Professional occupations,132,118,14
E01033930,3. Associate professional and technical occupations,90,37,53
E01033930,4. Administrative and secretarial occupations,90,102,-12
E01033930,5. Skilled trades occupations,103,108,-5
E01033930,"6. Caring, leisure and other service occupations",83,80,3
E01033930,7. Sales and customer service occupations,96,80,16
E01033930,"8. Process, plant and machine operatives",79,72,7
E01033930,9. Elementary occupations,117,82,35
E01033931,"1. Managers, directors and senior officials",61,38,23
E01033931,2. Professional occupations,104,130,-26
E01033931,3. Associate professional and technical occupations,47,19,28
E01033931,4. Administrative and secretarial occupations,41,58,-17
E01033931,5. Skilled trades occupations,69,41,28
E01033931,"6. Caring, leisure and other service occupations",68,41,27
E01033931,7. Sales and customer service occupations,44,55,-11
E01033931,"8. Process, plant and machine operatives",56,31,25
E01033931,9. Elementary occupations,85,79,6
E01033932,"1. Managers, directors and senior officials",55,50,5
E01033932,2. Professional occupations,122,90,32
E01033932,3. Associate professional and technical occupations,74,24,50
E01033932,4. Administrative and secretarial occupations,66,82,-16
E01033932,5. Skilled trades occupations,76,55,21
E01033932,"6. Caring, leisure and other service occupations",101,61,40
E01033932,7. Sales and customer service occupations,61,83,-22
E01033932,"8. Process, plant and machine operatives",61,45,16
E01033932,9. Elementary occupations,89,90,-1
E01033933,"1. Managers, directors and senior officials",47,60,-13
E01033933,2. Professional occupations,69,84,-15
E01033933,3. Associate professional and technical occupations,35,30,5
E01033933,4. Administrative and secretarial occupations,41,71,-30
E01033933,5. Skilled trades occupations,57,122,-65
E01033933,"6. Caring, leisure and other service occupations",60,57,3
E01033933,7. Sales and customer service occupations,58,94,-36
E01033933,"8. Process, plant and machine operatives",51,70,-19
E01033933,9. Elementary occupations,69,102,-33
E01033934,"1. Managers, directors and senior officials",50,43,7
E01033934,2. Professional occupations,83,47,36
E01033934,3. Associate professional and technical occupations,62,17,45
E01033934,4. Administrative and secretarial occupations,56,46,10
E01033934,5. Skilled trades occupations,84,69,15
E01033934,"6. Caring, leisure and other service occupations",55,36,19
E01033934,7. Sales and customer service occupations,68,54,14
E01033934,"8. Process, plant and machine operatives",64,43,21
E01033934,9. Elementary occupations,80,53,27
E01033935,"1. Managers, directors and senior officials",91,60,31
E01033935,2. Professional occupations,117,86,31
E01033935,3. Associate professional and technical occupations,73,19,54
E01033935,4. Administrative and secretarial occupations,93,77,16
E01033935,5. Skilled trades occupations,120,72,48
E01033935,"6. Caring, leisure and other service occupations",77,75,2
E01033935,7. Sales and customer service occupations,108,95,13
E01033935,"8. Process, plant and machine operatives",143,86,57
E01033935,9. Elementary occupations,239,180,59
E01033936,"1. Managers, directors and senior officials",72,34,38
E01033936,2. Professional occupations,181,75,106
E01033936,3. Associate professional and technical occupations,117,17,100
E01033936,4. Administrative and secretarial occupations,68,44,24
E01033936,5. Skilled trades occupations,59,48,11
E01033936,"6. Caring, leisure and other service occupations",62,20,42
E01033936,7. Sales and customer service occupations,86,39,47
E01033936,"8. Process, plant and machine operatives",83,27,56
E01033936,9. Elementary occupations,152,61,91
E01033937,"1. Managers, directors and senior officials",52,23,29
E01033937,2. Professional occupations,74,26,48
E01033937,3. Associate professional and technical occupations,45,15,30
E01033937,4. Administrative and secretarial occupations,45,30,15
E01033937,5. Skilled trades occupations,32,36,-4
E01033937,"6. Caring, leisure and other service occupations",89,44,45
E01033937,7. Sales and customer service occupations,55,44,11
E01033937,"8. Process, plant and machine operatives",53,35,18
E01033937,9. Elementary occupations,67,74,-7
E01033938,"1. Managers, directors and senior officials",45,8,37
E01033938,2. Professional occupations,100,43,57
E01033938,3. Associate professional and technical occupations,69,13,56
E01033938,4. Administrative and secretarial occupations,45,28,17
E01033938,5. Skilled trades occupations,27,15,12
E01033938,"6. Caring, leisure and other service occupations",63,31,32
E01033938,7. Sales and customer service occupations,39,24,15
E01033938,"8. Process, plant and machine operatives",41,15,26
E01033938,9. Elementary occupations,58,41,17
E01033939,"1. Managers, directors and senior officials",154,16,138
E01033939,2. Professional occupations,325,46,279
E01033939,3. Associate professional and technical occupations,152,11,141
E01033939,4. Administrative and secretarial occupations,81,11,70
E01033939,5. Skilled trades occupations,41,7,34
E01033939,"6. Caring, leisure and other service occupations",57,15,42
E01033939,7. Sales and customer service occupations,78,10,68
E01033939,"8. Process, plant and machine operatives",56,9,47
E01033939,9. Elementary occupations,46,10,36
E01033940,"1. Managers, directors and senior officials",155,0,155
E01033940,2. Professional occupations,427,0,427
E01033940,3. Associate professional and technical occupations,191,0,191
E01033940,4. Administrative and secretarial occupations,63,0,63
E01033940,5. Skilled trades occupations,42,0,42
E01033940,"6. Caring, leisure and other service occupations",52,0,52
E01033940,7. Sales and customer service occupations,65,0,65
E01033940,"8. Process, plant and machine operatives",23,0,23
E01033940,9. Elementary occupations,64,0,64
E01033941,"1. Managers, directors and senior officials",117,80,37
E01033941,2. Professional occupations,307,189,118
E01033941,3. Associate professional and technical occupations,110,30,80
E01033941,4. Administrative and secretarial occupations,59,60,-1
E01033941,5. Skilled trades occupations,46,47,-1
E01033941,"6. Caring, leisure and other service occupations",52,43,9
E01033941,7. Sales and customer service occupations,32,54,-22
E01033941,"8. Process, plant and machine operatives",45,39,6
E01033941,9. Elementary occupations,53,51,2
E01033942,"1. Managers, directors and senior officials",131,0,131
E01033942,2. Professional occupations,356,0,356
E01033942,3. Associate professional and technical occupations,175,0,175
E01033942,4. Administrative and secretarial occupations,47,0,47
E01033942,5. Skilled trades occupations,20,0,20
E01033942,"6. Caring, leisure and other service occupations",33,0,33
E01033942,7. Sales and customer service occupations,50,0,50
E01033942,"8. Process, plant and machine operatives",27,0,27
E01033942,9. Elementary occupations,48,0,48
E01033943,"1. Managers, directors and senior officials",132,47,85
E01033943,2. Professional occupations,311,84,227
E01033943,3. Associate professional and technical occupations,183,24,159
E01033943,4. Administrative and secretarial occupations,92,52,40
E01033943,5. Skilled trades occupations,196,60,136
E01033943,"6. Caring, leisure and other service occupations",80,52,28
E01033943,7. Sales and customer service occupations,108,61,47
E01033943,"8. Process, plant and machine operatives",78,30,48
E01033943,9. Elementary occupations,220,119,101
E01033944,"1. Managers, directors and senior officials",86,7,79
E01033944,2. Professional occupations,246,18,228
E01033944,3. Associate professional and technical occupations,160,8,152
E01033944,4. Administrative and secretarial occupations,82,14,68
E01033944,5. Skilled trades occupations,72,17,55
E01033944,"6. Caring, leisure and other service occupations",78,15,63
E01033944,7. Sales and customer service occupations,102,24,78
E01033944,"8. Process, plant and machine operatives",65,12,53
E01033944,9. Elementary occupations,131,39,92
E01033945,"1. Managers, directors and senior officials",121,90,31
E01033945,2. Professional occupations,282,254,28
E01033945,3. Associate professional and technical occupations,160,69,91
E01033945,4. Administrative and secretarial occupations,63,75,-12
E01033945,5. Skilled trades occupations,46,38,8
E01033945,"6. Caring, leisure and other service occupations",65,45,20
E01033945,7. Sales and customer service occupations,39,48,-9
E01033945,"8. Process, plant and machine operatives",20,15,5
E01033945,9. Elementary occupations,37,46,-9
E01033946,"1. Managers, directors and senior officials",140,42,98
E01033946,2. Professional occupations,379,71,308
E01033946,3. Associate professional and technical occupations,202,27,175
E01033946,4. Administrative and secretarial occupations,35,35,0
E01033946,5. Skilled trades occupations,40,18,22
E01033946,"6. Caring, leisure and other service occupations",45,13,32
E01033946,7. Sales and customer service occupations,31,17,14
E01033946,"8. Process, plant and machine operatives",28,2,26
E01033946,9. Elementary occupations,44,14,30
E01034026,"1. Managers, directors and senior officials",91,53,38
E01034026,2. Professional occupations,317,173,144
E01034026,3. Associate professional and technical occupations,141,30,111
E01034026,4. Administrative and secretarial occupations,67,72,-5
E01034026,5. Skilled trades occupations,41,23,18
E01034026,"6. Caring, leisure and other service occupations",64,30,34
E01034026,7. Sales and customer service occupations,80,25,55
E01034026,"8. Process, plant and machine operatives",27,22,5
E01034026,9. Elementary occupations,80,35,45
E01034027,"1. Managers, directors and senior officials",100,87,13
E01034027,2. Professional occupations,230,198,32
E01034027,3. Associate professional and technical occupations,137,94,43
E01034027,4. Administrative and secretarial occupations,93,143,-50
E01034027,5. Skilled trades occupations,135,127,8
E01034027,"6. Caring, leisure and other service occupations",110,85,25
E01034027,7. Sales and customer service occupations,85,68,17
E01034027,"8. Process, plant and machine operatives",63,56,7
E01034027,9. Elementary occupations,116,131,-15
E01034028,"1. Managers, directors and senior officials",98,73,25
E01034028,2. Professional occupations,164,171,-7
E01034028,3. Associate professional and technical occupations,127,43,84
E01034028,4. Administrative and secretarial occupations,72,80,-8
E01034028,5. Skilled trades occupations,65,70,-5
E01034028,"6. Caring, leisure and other service occupations",44,49,-5
E01034028,7. Sales and customer service occupations,42,38,4
E01034028,"8. Process, plant and machine operatives",41,19,22
E01034028,9. Elementary occupations,76,57,19
E01034029,"1. Managers, directors and senior officials",162,99,63
E01034029,2. Professional occupations,314,237,77
E01034029,3. Associate professional and technical occupations,153,35,118
E01034029,4. Administrative and secretarial occupations,53,67,-14
E01034029,5. Skilled trades occupations,33,28,5
E01034029,"6. Caring, leisure and other service occupations",40,28,12
E01034029,7. Sales and customer service occupations,37,43,-6
E01034029,"8. Process, plant and machine operatives",21,15,6
E01034029,9. Elementary occupations,47,53,-6
E01034030,"1. Managers, directors and senior officials",187,168,19
E01034030,2. Professional occupations,312,416,-104
E01034030,3. Associate professional and technical occupations,211,77,134
E01034030,4. Administrative and secretarial occupations,64,116,-52
E01034030,5. Skilled trades occupations,75,70,5
E01034030,"6. Caring, leisure and other service occupations",73,88,-15
E01034030,7. Sales and customer service occupations,57,49,8
E01034030,"8. Process, plant and machine operatives",34,24,10
E01034030,9. Elementary occupations,78,63,15
E01034031,"1. Managers, directors and senior officials",199,0,199
E01034031,2. Professional occupations,257,0,257
E01034031,3. Associate professional and technical occupations,97,0,97
E01034031,4. Administrative and secretarial occupations,42,0,42
E01034031,5. Skilled trades occupations,28,0,28
E01034031,"6. Caring, leisure and other service occupations",24,0,24
E01034031,7. Sales and customer service occupations,23,0,23
E01034031,"8. Process, plant and machine operatives",13,0,13
E01034031,9. Elementary occupations,31,0,31
E01034032,"1. Managers, directors and senior officials",126,90,36
E01034032,2. Professional occupations,210,133,77
E01034032,3. Associate professional and technical occupations,174,41,133
E01034032,4. Administrative and secretarial occupations,86,80,6
E01034032,5. Skilled trades occupations,75,48,27
E01034032,"6. Caring, leisure and other service occupations",67,72,-5
E01034032,7. Sales and customer service occupations,44,42,2
E01034032,"8. Process, plant and machine operatives",50,41,9
E01034032,9. Elementary occupations,77,71,6
E01034033,"1. Managers, directors and senior officials",208,112,96
E01034033,2. Professional occupations,389,169,220
E01034033,3. Associate professional and technical occupations,217,44,173
E01034033,4. Administrative and secretarial occupations,94,59,35
E01034033,5. Skilled trades occupations,39,24,15
E01034033,"6. Caring, leisure and other service occupations",61,31,30
E01034033,7. Sales and customer service occupations,48,29,19
E01034033,"8. Process, plant and machine operatives",37,20,17
E01034033,9. Elementary occupations,52,30,22
E01034034,"1. Managers, directors and senior officials",133,66,67
E01034034,2. Professional occupations,262,177,85
E01034034,3. Associate professional and technical occupations,151,36,115
E01034034,4. Administrative and secretarial occupations,79,57,22
E01034034,5. Skilled trades occupations,40,46,-6
E01034034,"6. Caring, leisure and other service occupations",63,46,17
E01034034,7. Sales and customer service occupations,46,26,20
E01034034,"8. Process, plant and machine operatives",47,21,26
E01034034,9. Elementary occupations,54,33,21
E01034035,"1. Managers, directors and senior officials",200,102,98
E01034035,2. Professional occupations,251,204,47
E01034035,3. Associate professional and technical occupations,138,63,75
E01034035,4. Administrative and secretarial occupations,74,87,-13
E01034035,5. Skilled trades occupations,57,70,-13
E01034035,"6. Caring, leisure and other service occupations",54,56,-2
E01034035,7. Sales and customer service occupations,29,34,-5
E01034035,"8. Process, plant and machine operatives",28,36,-8
E01034035,9. Elementary occupations,48,60,-12
E01034036,"1. Managers, directors and senior officials",78,50,28
E01034036,2. Professional occupations,160,118,42
E01034036,3. Associate professional and technical occupations,89,19,70
E01034036,4. Administrative and secretarial occupations,69,57,12
E01034036,5. Skilled trades occupations,87,55,32
E01034036,"6. Caring, leisure and other service occupations",67,45,22
E01034036,7. Sales and customer service occupations,95,69,26
E01034036,"8. Process, plant and machine operatives",61,28,33
E01034036,9. Elementary occupations,141,143,-2
E01034037,"1. Managers, directors and senior officials",92,37,55
E01034037,2. Professional occupations,203,91,112
E01034037,3. Associate professional and technical occupations,111,20,91
E01034037,4. Administrative and secretarial occupations,68,49,19
E01034037,5. Skilled trades occupations,88,25,63
E01034037,"6. Caring, leisure and other service occupations",79,42,37
E01034037,7. Sales and customer service occupations,83,36,47
E01034037,"8. Process, plant and machine operatives",51,20,31
E01034037,9. Elementary occupations,118,60,58
E01034038,"1. Managers, directors and senior officials",74,19,55
E01034038,2. Professional occupations,157,37,120
E01034038,3. Associate professional and technical occupations,81,4,77
E01034038,4. Administrative and secretarial occupations,84,32,52
E01034038,5. Skilled trades occupations,76,19,57
E01034038,"6. Caring, leisure and other service occupations",78,18,60
E01034038,7. Sales and customer service occupations,73,24,49
E01034038,"8. Process, plant and machine operatives",67,13,54
E01034038,9. Elementary occupations,121,43,78
E01034039,"1. Managers, directors and senior officials",71,35,36
E01034039,2. Professional occupations,113,86,27
E01034039,3. Associate professional and technical occupations,51,16,35
E01034039,4. Administrative and secretarial occupations,67,37,30
E01034039,5. Skilled trades occupations,55,26,29
E01034039,"6. Caring, leisure and other service occupations",73,48,25
E01034039,7. Sales and customer service occupations,91,45,46
E01034039,"8. Process, plant and machine operatives",63,37,26
E01034039,9. Elementary occupations,115,103,12
E01034040,"1. Managers, directors and senior officials",62,48,14
E01034040,2. Professional occupations,127,117,10
E01034040,3. Associate professional and technical occupations,55,20,35
E01034040,4. Administrative and secretarial occupations,66,62,4
E01034040,5. Skilled trades occupations,106,64,42
E01034040,"6. Caring, leisure and other service occupations",62,64,-2
E01034040,7. Sales and customer service occupations,74,88,-14
E01034040,"8. Process, plant and machine operatives",60,49,11
E01034040,9. Elementary occupations,177,149,28
E01034041,"1. Managers, directors and senior officials",64,70,-6
E01034041,2. Professional occupations,99,100,-1
E01034041,3. Associate professional and technical occupations,72,38,34
E01034041,4. Administrative and secretarial occupations,62,79,-17
E01034041,5. Skilled trades occupations,73,48,25
E01034041,"6. Caring, leisure and other service occupations",70,44,26
E01034041,7. Sales and customer service occupations,90,102,-12
E01034041,"8. Process, plant and machine operatives",66,51,15
E01034041,9. Elementary occupations,138,84,54
E01034042,"1. Managers, directors and senior officials",79,22,57
E01034042,2. Professional occupations,151,50,101
E01034042,3. Associate professional and technical occupations,100,11,89
E01034042,4. Administrative and secretarial occupations,46,33,13
E01034042,5. Skilled trades occupations,34,36,-2
E01034042,"6. Caring, leisure and other service occupations",59,39,20
E01034042,7. Sales and customer service occupations,50,24,26
E01034042,"8. Process, plant and machine operatives",28,25,3
E01034042,9. Elementary occupations,53,33,20
E01034043,"1. Managers, directors and senior officials",118,37,81
E01034043,2. Professional occupations,209,71,138
E01034043,3. Associate professional and technical occupations,119,14,105
E01034043,4. Administrative and secretarial occupations,44,36,8
E01034043,5. Skilled trades occupations,44,24,20
E01034043,"6. Caring, leisure and other service occupations",52,44,8
E01034043,7. Sales and customer service occupations,47,31,16
E01034043,"8. Process, plant and machine operatives",40,36,4
E01034043,9. Elementary occupations,54,53,1
E01034044,"1. Managers, directors and senior officials",181,53,128
E01034044,2. Professional occupations,207,69,138
E01034044,3. Associate professional and technical occupations,128,24,104
E01034044,4. Administrative and secretarial occupations,41,31,10
E01034044,5. Skilled trades occupations,39,7,32
E01034044,"6. Caring, leisure and other service occupations",29,18,11
E01034044,7. Sales and customer service occupations,16,28,-12
E01034044,"8. Process, plant and machine operatives",17,12,5
E01034044,9. Elementary occupations,24,23,1
E01034045,"1. Managers, directors and senior officials",177,70,107
E01034045,2. Professional occupations,377,136,241
E01034045,3. Associate professional and technical occupations,184,47,137
E01034045,4. Administrative and secretarial occupations,79,52,27
E01034045,5. Skilled trades occupations,65,19,46
E01034045,"6. Caring, leisure and other service occupations",89,38,51
E01034045,7. Sales and customer service occupations,85,34,51
E01034045,"8. Process, plant and machine operatives",35,26,9
E01034045,9. Elementary occupations,59,30,29
E01034046,"1. Managers, directors and senior officials",74,60,14
E01034046,2. Professional occupations,115,99,16
E01034046,3. Associate professional and technical occupations,82,26,56
E01034046,4. Administrative and secretarial occupations,64,79,-15
E01034046,5. Skilled trades occupations,63,78,-15
E01034046,"6. Caring, leisure and other service occupations",105,87,18
E01034046,7. Sales and customer service occupations,60,83,-23
E01034046,"8. Process, plant and machine operatives",62,54,8
E01034046,9. Elementary occupations,143,119,24
E01034139,"1. Managers, directors and senior officials",58,45,13
E01034139,2. Professional occupations,168,77,91
E01034139,3. Associate professional and technical occupations,89,23,66
E01034139,4. Administrative and secretarial occupations,62,70,-8
E01034139,5. Skilled trades occupations,75,35,40
E01034139,"6. Caring, leisure and other service occupations",109,59,50
E01034139,7. Sales and customer service occupations,86,77,9
E01034139,"8. Process, plant and machine operatives",86,39,47
E01034139,9. Elementary occupations,109,50,59
E01034140,"1. Managers, directors and senior officials",64,80,-16
E01034140,2. Professional occupations,160,149,11
E01034140,3. Associate professional and technical occupations,74,63,11
E01034140,4. Administrative and secretarial occupations,66,92,-26
E01034140,5. Skilled trades occupations,49,55,-6
E01034140,"6. Caring, leisure and other service occupations",58,77,-19
E01034140,7. Sales and customer service occupations,52,86,-34
E01034140,"8. Process, plant and machine operatives",28,51,-23
E01034140,9. Elementary occupations,85,91,-6
E01034141,"1. Managers, directors and senior officials",89,30,59
E01034141,2. Professional occupations,221,76,145
E01034141,3. Associate professional and technical occupations,115,19,96
E01034141,4. Administrative and secretarial occupations,56,33,23
E01034141,5. Skilled trades occupations,48,10,38
E01034141,"6. Caring, leisure and other service occupations",84,18,66
E01034141,7. Sales and customer service occupations,71,34,37
E01034141,"8. Process, plant and machine operatives",29,15,14
E01034141,9. Elementary occupations,82,27,55
E01034142,"1. Managers, directors and senior officials",84,50,34
E01034142,2. Professional occupations,161,151,10
E01034142,3. Associate professional and technical occupations,117,41,76
E01034142,4. Administrative and secretarial occupations,55,86,-31
E01034142,5. Skilled trades occupations,49,21,28
E01034142,"6. Caring, leisure and other service occupations",70,64,6
E01034142,7. Sales and customer service occupations,72,58,14
E01034142,"8. Process, plant and machine operatives",22,25,-3
E01034142,9. Elementary occupations,68,51,17
E01034143,"1. Managers, directors and senior officials",77,9,68
E01034143,2. Professional occupations,278,42,236
E01034143,3. Associate professional and technical occupations,135,8,127
E01034143,4. Administrative and secretarial occupations,70,17,53
E01034143,5. Skilled trades occupations,43,9,34
E01034143,"6. Caring, leisure and other service occupations",100,14,86
E01034143,7. Sales and customer service occupations,62,15,47
E01034143,"8. Process, plant and machine operatives",25,6,19
E01034143,9. Elementary occupations,53,11,42
E01034144,"1. Managers, directors and senior officials",107,32,75
E01034144,2. Professional occupations,196,45,151
E01034144,3. Associate professional and technical occupations,96,23,73
E01034144,4. Administrative and secretarial occupations,67,33,34
E01034144,5. Skilled trades occupations,59,31,28
E01034144,"6. Caring, leisure and other service occupations",67,30,37
E01034144,7. Sales and customer service occupations,57,36,21
E01034144,"8. Process, plant and machine operatives",41,39,2
E01034144,9. Elementary occupations,79,32,47
E01034145,"1. Managers, directors and senior officials",42,51,-9
E01034145,2. Professional occupations,121,85,36
E01034145,3. Associate professional and technical occupations,62,32,30
E01034145,4. Administrative and secretarial occupations,44,76,-32
E01034145,5. Skilled trades occupations,70,46,24
E01034145,"6. Caring, leisure and other service occupations",79,57,22
E01034145,7. Sales and customer service occupations,70,80,-10
E01034145,"8. Process, plant and machine operatives",29,21,8
E01034145,9. Elementary occupations,94,73,21
E01034146,"1. Managers, directors and senior officials",89,41,48
E01034146,2. Professional occupations,212,109,103
E01034146,3. Associate professional and technical occupations,123,35,88
E01034146,4. Administrative and secretarial occupations,84,63,21
E01034146,5. Skilled trades occupations,53,30,23
E01034146,"6. Caring, leisure and other service occupations",68,48,20
E01034146,7. Sales and customer service occupations,59,36,23
E01034146,"8. Process, plant and machine operatives",41,22,19
E01034146,9. Elementary occupations,52,29,23
E01034147,"1. Managers, directors and senior officials",111,0,111
E01034147,2. Professional occupations,321,0,321
E01034147,3. Associate professional and technical occupations,166,0,166
E01034147,4. Administrative and secretarial occupations,80,0,80
E01034147,5. Skilled trades occupations,22,0,22
E01034147,"6. Caring, leisure and other service occupations",48,0,48
E01034147,7. Sales and customer service occupations,54,0,54
E01034147,"8. Process, plant and machine operatives",10,0,10
E01034147,9. Elementary occupations,36,0,36
E01034148,"1. Managers, directors and senior officials",150,0,150
E01034148,2. Professional occupations,390,0,390
E01034148,3. Associate professional and technical occupations,202,0,202
E01034148,4. Administrative and secretarial occupations,75,0,75
E01034148,5. Skilled trades occupations,40,0,40
E01034148,"6. Caring, leisure and other service occupations",89,0,89
E01034148,7. Sales and customer service occupations,54,0,54
E01034148,"8. Process, plant and machine operatives",27,0,27
E01034148,9. Elementary occupations,48,0,48
E01034149,"1. Managers, directors and senior officials",149,103,46
E01034149,2. Professional occupations,337,269,68
E01034149,3. Associate professional and technical occupations,220,80,140
E01034149,4. Administrative and secretarial occupations,115,119,-4
E01034149,5. Skilled trades occupations,105,57,48
E01034149,"6. Caring, leisure and other service occupations",84,76,8
E01034149,7. Sales and customer service occupations,63,67,-4
E01034149,"8. Process, plant and machine operatives",45,38,7
E01034149,9. Elementary occupations,98,87,11
E01034150,"1. Managers, directors and senior officials",103,46,57
E01034150,2. Professional occupations,206,122,84
E01034150,3. Associate professional and technical occupations,134,23,111
E01034150,4. Administrative and secretarial occupations,67,43,24
E01034150,5. Skilled trades occupations,65,34,31
E01034150,"6. Caring, leisure and other service occupations",88,44,44
E01034150,7. Sales and customer service occupations,38,36,2
E01034150,"8. Process, plant and machine operatives",39,13,26
E01034150,9. Elementary occupations,73,44,29
E01034151,"1. Managers, directors and senior officials",99,30,69
E01034151,2. Professional occupations,244,92,152
E01034151,3. Associate professional and technical occupations,184,30,154
E01034151,4. Administrative and secretarial occupations,48,44,4
E01034151,5. Skilled trades occupations,33,29,4
E01034151,"6. Caring, leisure and other service occupations",54,18,36
E01034151,7. Sales and customer service occupations,26,25,1
E01034151,"8. Process, plant and machine operatives",22,9,13
E01034151,9. Elementary occupations,53,30,23
E01034152,"1. Managers, directors and senior officials",81,57,24
E01034152,2. Professional occupations,170,122,48
E01034152,3. Associate professional and technical occupations,109,49,60
E01034152,4. Administrative and secretarial occupations,66,87,-21
E01034152,5. Skilled trades occupations,91,90,1
E01034152,"6. Caring, leisure and other service occupations",92,66,26
E01034152,7. Sales and customer service occupations,70,62,8
E01034152,"8. Process, plant and machine operatives",44,30,14
E01034152,9. Elementary occupations,91,82,9
E01034153,"1. Managers, directors and senior officials",81,78,3
E01034153,2. Professional occupations,157,127,30
E01034153,3. Associate professional and technical occupations,110,52,58
E01034153,4. Administrative and secretarial occupations,99,116,-17
E01034153,5. Skilled trades occupations,87,76,11
E01034153,"6. Caring, leisure and other service occupations",71,68,3
E01034153,7. Sales and customer service occupations,45,67,-22
E01034153,"8. Process, plant and machine operatives",45,42,3
E01034153,9. Elementary occupations,64,46,18
E01034154,"1. Managers, directors and senior officials",145,9,136
E01034154,2. Professional occupations,311,23,288
E01034154,3. Associate professional and technical occupations,189,10,179
E01034154,4. Administrative and secretarial occupations,111,19,92
E01034154,5. Skilled trades occupations,55,18,37
E01034154,"6. Caring, leisure and other service occupations",64,8,56
E01034154,7. Sales and customer service occupations,40,9,31
E01034154,"8. Process, plant and machine operatives",31,10,21
E01034154,9. Elementary occupations,46,12,34
E01034155,"1. Managers, directors and senior officials",123,45,78
E01034155,2. Professional occupations,253,85,168
E01034155,3. Associate professional and technical occupations,120,41,79
E01034155,4. Administrative and secretarial occupations,86,75,11
E01034155,5. Skilled trades occupations,110,63,47
E01034155,"6. Caring, leisure and other service occupations",110,74,36
E01034155,7. Sales and customer service occupations,70,45,25
E01034155,"8. Process, plant and machine operatives",38,49,-11
E01034155,9. Elementary occupations,117,65,52
E01034156,"1. Managers, directors and senior officials",102,75,27
E01034156,2. Professional occupations,265,110,155
E01034156,3. Associate professional and technical occupations,123,50,73
E01034156,4. Administrative and secretarial occupations,68,61,7
E01034156,5. Skilled trades occupations,65,32,33
E01034156,"6. Caring, leisure and other service occupations",52,31,21
E01034156,7. Sales and customer service occupations,40,31,9
E01034156,"8. Process, plant and machine operatives",37,18,19
E01034156,9. Elementary occupations,60,34,26
E01034173,"1. Managers, directors and senior officials",52,56,-4
E01034173,2. Professional occupations,138,136,2
E01034173,3. Associate professional and technical occupations,70,46,24
E01034173,4. Administrative and secretarial occupations,45,109,-64
E01034173,5. Skilled trades occupations,66,106,-40
E01034173,"6. Caring, leisure and other service occupations",114,144,-30
E01034173,7. Sales and customer service occupations,74,128,-54
E01034173,"8. Process, plant and machine operatives",46,82,-36
E01034173,9. Elementary occupations,134,187,-53
E01034174,"1. Managers, directors and senior officials",155,20,135
E01034174,2. Professional occupations,225,33,192
E01034174,3. Associate professional and technical occupations,100,11,89
E01034174,4. Administrative and secretarial occupations,54,18,36
E01034174,5. Skilled trades occupations,24,15,9
E01034174,"6. Caring, leisure and other service occupations",20,11,9
E01034174,7. Sales and customer service occupations,18,11,7
E01034174,"8. Process, plant and machine operatives",19,5,14
E01034174,9. Elementary occupations,24,18,6
E01034175,"1. Managers, directors and senior officials",177,10,167
E01034175,2. Professional occupations,350,19,331
E01034175,3. Associate professional and technical occupations,209,6,203
E01034175,4. Administrative and secretarial occupations,68,15,53
E01034175,5. Skilled trades occupations,37,14,23
E01034175,"6. Caring, leisure and other service occupations",29,18,11
E01034175,7. Sales and customer service occupations,37,20,17
E01034175,"8. Process, plant and machine operatives",21,9,12
E01034175,9. Elementary occupations,17,23,-6
E01034176,"1. Managers, directors and senior officials",116,41,75
E01034176,2. Professional occupations,159,73,86
E01034176,3. Associate professional and technical occupations,115,38,77
E01034176,4. Administrative and secretarial occupations,64,98,-34
E01034176,5. Skilled trades occupations,103,72,31
E01034176,"6. Caring, leisure and other service occupations",82,64,18
E01034176,7. Sales and customer service occupations,60,72,-12
E01034176,"8. Process, plant and machine operatives",54,56,-2
E01034176,9. Elementary occupations,152,85,67
E01034177,"1. Managers, directors and senior officials",124,0,124
E01034177,2. Professional occupations,245,0,245
E01034177,3. Associate professional and technical occupations,152,0,152
E01034177,4. Administrative and secretarial occupations,70,0,70
E01034177,5. Skilled trades occupations,38,0,38
E01034177,"6. Caring, leisure and other service occupations",66,0,66
E01034177,7. Sales and customer service occupations,42,0,42
E01034177,"8. Process, plant and machine operatives",32,0,32
E01034177,9. Elementary occupations,68,0,68
E01034178,"1. Managers, directors and senior officials",189,0,189
E01034178,2. Professional occupations,473,0,473
E01034178,3. Associate professional and technical occupations,190,0,190
E01034178,4. Administrative and secretarial occupations,36,0,36
E01034178,5. Skilled trades occupations,20,0,20
E01034178,"6. Caring, leisure and other service occupations",48,0,48
E01034178,7. Sales and customer service occupations,35,0,35
E01034178,"8. Process, plant and machine operatives",21,0,21
E01034178,9. Elementary occupations,40,0,40
E01034179,"1. Managers, directors and senior officials",99,35,64
E01034179,2. Professional occupations,256,72,184
E01034179,3. Associate professional and technical occupations,121,28,93
E01034179,4. Administrative and secretarial occupations,55,43,12
E01034179,5. Skilled trades occupations,35,19,16
E01034179,"6. Caring, leisure and other service occupations",52,27,25
E01034179,7. Sales and customer service occupations,35,53,-18
E01034179,"8. Process, plant and machine operatives",28,25,3
E01034179,9. Elementary occupations,59,76,-17
E01034180,"1. Managers, directors and senior officials",40,38,2
E01034180,2. Professional occupations,130,119,11
E01034180,3. Associate professional and technical occupations,86,41,45
E01034180,4. Administrative and secretarial occupations,35,70,-35
E01034180,5. Skilled trades occupations,61,45,16
E01034180,"6. Caring, leisure and other service occupations",84,59,25
E01034180,7. Sales and customer service occupations,34,43,-9
E01034180,"8. Process, plant and machine operatives",18,22,-4
E01034180,9. Elementary occupations,83,78,5
E01034181,"1. Managers, directors and senior officials",202,53,149
E01034181,2. Professional occupations,462,139,323
E01034181,3. Associate professional and technical occupations,211,35,176
E01034181,4. Administrative and secretarial occupations,77,43,34
E01034181,5. Skilled trades occupations,19,10,9
E01034181,"6. Caring, leisure and other service occupations",30,18,12
E01034181,7. Sales and customer service occupations,60,20,40
E01034181,"8. Process, plant and machine operatives",7,6,1
E01034181,9. Elementary occupations,40,23,17
E01034182,"1. Managers, directors and senior officials",155,40,115
E01034182,2. Professional occupations,393,104,289
E01034182,3. Associate professional and technical occupations,158,27,131
E01034182,4. Administrative and secretarial occupations,48,36,12
E01034182,5. Skilled trades occupations,38,15,23
E01034182,"6. Caring, leisure and other service occupations",45,17,28
E01034182,7. Sales and customer service occupations,23,12,11
E01034182,"8. Process, plant and machine operatives",24,3,21
E01034182,9. Elementary occupations,31,16,15
E01034183,"1. Managers, directors and senior officials",194,27,167
E01034183,2. Professional occupations,344,92,252
E01034183,3. Associate professional and technical occupations,183,29,154
E01034183,4. Administrative and secretarial occupations,67,35,32
E01034183,5. Skilled trades occupations,21,21,0
E01034183,"6. Caring, leisure and other service occupations",33,25,8
E01034183,7. Sales and customer service occupations,46,22,24
E01034183,"8. Process, plant and machine operatives",13,12,1
E01034183,9. Elementary occupations,30,16,14
E01034184,"1. Managers, directors and senior officials",135,29,106
E01034184,2. Professional occupations,287,67,220
E01034184,3. Associate professional and technical occupations,139,16,123
E01034184,4. Administrative and secretarial occupations,52,23,29
E01034184,5. Skilled trades occupations,24,9,15
E01034184,"6. Caring, leisure and other service occupations",42,5,37
E01034184,7. Sales and customer service occupations,21,3,18
E01034184,"8. Process, plant and machine operatives",22,1,21
E01034184,9. Elementary occupations,45,5,40
E01034185,"1. Managers, directors and senior officials",149,69,80
E01034185,2. Professional occupations,302,162,140
E01034185,3. Associate professional and technical occupations,136,30,106
E01034185,4. Administrative and secretarial occupations,39,43,-4
E01034185,5. Skilled trades occupations,26,38,-12
E01034185,"6. Caring, leisure and other service occupations",32,17,15
E01034185,7. Sales and customer service occupations,31,13,18
E01034185,"8. Process, plant and machine operatives",12,7,5
E01034185,9. Elementary occupations,50,24,26
E01034186,"1. Managers, directors and senior officials",182,35,147
E01034186,2. Professional occupations,415,69,346
E01034186,3. Associate professional and technical occupations,224,8,216
E01034186,4. Administrative and secretarial occupations,76,16,60
E01034186,5. Skilled trades occupations,32,2,30
E01034186,"6. Caring, leisure and other service occupations",25,5,20
E01034186,7. Sales and customer service occupations,32,5,27
E01034186,"8. Process, plant and machine operatives",13,1,12
E01034186,9. Elementary occupations,42,8,34
E01034187,"1. Managers, directors and senior officials",108,50,58
E01034187,2. Professional occupations,259,142,117
E01034187,3. Associate professional and technical occupations,138,37,101
E01034187,4. Administrative and secretarial occupations,62,69,-7
E01034187,5. Skilled trades occupations,38,22,16
E01034187,"6. Caring, leisure and other service occupations",47,40,7
E01034187,7. Sales and customer service occupations,31,44,-13
E01034187,"8. Process, plant and machine operatives",15,20,-5
E01034187,9. Elementary occupations,45,39,6
E01034188,"1. Managers, directors and senior officials",186,0,186
E01034188,2. Professional occupations,344,0,344
E01034188,3. Associate professional and technical occupations,156,0,156
E01034188,4. Administrative and secretarial occupations,68,0,68
E01034188,5. Skilled trades occupations,20,0,20
E01034188,"6. Caring, leisure and other service occupations",34,0,34
E01034188,7. Sales and customer service occupations,33,0,33
E01034188,"8. Process, plant and machine operatives",12,0,12
E01034188,9. Elementary occupations,48,0,48
E01034189,"1. Managers, directors and senior officials",162,0,162
E01034189,2. Professional occupations,396,0,396
E01034189,3. Associate professional and technical occupations,157,0,157
E01034189,4. Administrative and secretarial occupations,31,0,31
E01034189,5. Skilled trades occupations,17,0,17
E01034189,"6. Caring, leisure and other service occupations",31,0,31
E01034189,7. Sales and customer service occupations,27,0,27
E01034189,"8. Process, plant and machine operatives",5,0,5
E01034189,9. Elementary occupations,17,0,17
E01034190,"1. Managers, directors and senior officials",98,59,39
E01034190,2. Professional occupations,164,96,68
E01034190,3. Associate professional and technical occupations,122,31,91
E01034190,4. Administrative and secretarial occupations,83,71,12
E01034190,5. Skilled trades occupations,59,59,0
E01034190,"6. Caring, leisure and other service occupations",103,56,47
E01034190,7. Sales and customer service occupations,57,64,-7
E01034190,"8. Process, plant and machine operatives",48,37,11
E01034190,9. Elementary occupations,98,109,-11
E01034191,"1. Managers, directors and senior officials",225,12,213
E01034191,2. Professional occupations,434,18,416
E01034191,3. Associate professional and technical occupations,172,8,164
E01034191,4. Administrative and secretarial occupations,70,25,45
E01034191,5. Skilled trades occupations,18,12,6
E01034191,"6. Caring, leisure and other service occupations",45,19,26
E01034191,7. Sales and customer service occupations,27,9,18
E01034191,"8. Process, plant and machine operatives",17,6,11
E01034191,9. Elementary occupations,24,14,10
E01034192,"1. Managers, directors and senior officials",208,127,81
E01034192,2. Professional occupations,452,277,175
E01034192,3. Associate professional and technical occupations,232,58,174
E01034192,4. Administrative and secretarial occupations,92,98,-6
E01034192,5. Skilled trades occupations,47,41,6
E01034192,"6. Caring, leisure and other service occupations",80,64,16
E01034192,7. Sales and customer service occupations,54,63,-9
E01034192,"8. Process, plant and machine operatives",26,22,4
E01034192,9. Elementary occupations,87,67,20
E01034193,"1. Managers, directors and senior officials",154,0,154
E01034193,2. Professional occupations,366,0,366
E01034193,3. Associate professional and technical occupations,175,0,175
E01034193,4. Administrative and secretarial occupations,72,0,72
E01034193,5. Skilled trades occupations,25,0,25
E01034193,"6. Caring, leisure and other service occupations",49,0,49
E01034193,7. Sales and customer service occupations,28,0,28
E01034193,"8. Process, plant and machine operatives",10,0,10
E01034193,9. Elementary occupations,35,0,35
E01034194,"1. Managers, directors and senior officials",150,57,93
E01034194,2. Professional occupations,374,101,273
E01034194,3. Associate professional and technical occupations,178,15,163
E01034194,4. Administrative and secretarial occupations,47,18,29
E01034194,5. Skilled trades occupations,26,3,23
E01034194,"6. Caring, leisure and other service occupations",26,5,21
E01034194,7. Sales and customer service occupations,36,10,26
E01034194,"8. Process, plant and machine operatives",10,0,10
E01034194,9. Elementary occupations,42,2,40
E01034195,"1. Managers, directors and senior officials",109,0,109
E01034195,2. Professional occupations,236,0,236
E01034195,3. Associate professional and technical occupations,112,0,112
E01034195,4. Administrative and secretarial occupations,44,0,44
E01034195,5. Skilled trades occupations,26,0,26
E01034195,"6. Caring, leisure and other service occupations",36,0,36
E01034195,7. Sales and customer service occupations,40,0,40
E01034195,"8. Process, plant and machine operatives",12,0,12
E01034195,9. Elementary occupations,36,0,36
E01034196,"1. Managers, directors and senior officials",164,94,70
E01034196,2. Professional occupations,340,235,105
E01034196,3. Associate professional and technical occupations,155,33,122
E01034196,4. Administrative and secretarial occupations,47,54,-7
E01034196,5. Skilled trades occupations,25,7,18
E01034196,"6. Caring, leisure and other service occupations",27,18,9
E01034196,7. Sales and customer service occupations,46,14,32
E01034196,"8. Process, plant and machine operatives",12,4,8
E01034196,9. Elementary occupations,43,13,30
E01034198,"1. Managers, directors and senior officials",122,127,-5
E01034198,2. Professional occupations,241,214,27
E01034198,3. Associate professional and technical occupations,162,68,94
E01034198,4. Administrative and secretarial occupations,91,129,-38
E01034198,5. Skilled trades occupations,109,99,10
E01034198,"6. Caring, leisure and other service occupations",145,135,10
E01034198,7. Sales and customer service occupations,96,116,-20
E01034198,"8. Process, plant and machine operatives",53,68,-15
E01034198,9. Elementary occupations,190,223,-33
E01034199,"1. Managers, directors and senior officials",62,80,-18
E01034199,2. Professional occupations,171,188,-17
E01034199,3. Associate professional and technical occupations,112,51,61
E01034199,4. Administrative and secretarial occupations,66,95,-29
E01034199,5. Skilled trades occupations,78,61,17
E01034199,"6. Caring, leisure and other service occupations",103,87,16
E01034199,7. Sales and customer service occupations,89,87,2
E01034199,"8. Process, plant and machine operatives",57,42,15
E01034199,9. Elementary occupations,165,161,4
E01034200,"1. Managers, directors and senior officials",91,64,27
E01034200,2. Professional occupations,387,152,235
E01034200,3. Associate professional and technical occupations,183,53,130
E01034200,4. Administrative and secretarial occupations,43,52,-9
E01034200,5. Skilled trades occupations,59,43,16
E01034200,"6. Caring, leisure and other service occupations",50,22,28
E01034200,7. Sales and customer service occupations,45,66,-21
E01034200,"8. Process, plant and machine operatives",23,15,8
E01034200,9. Elementary occupations,79,91,-12
E01034201,"1. Managers, directors and senior officials",52,27,25
E01034201,2. Professional occupations,101,34,67
E01034201,3. Associate professional and technical occupations,65,12,53
E01034201,4. Administrative and secretarial occupations,68,47,21
E01034201,5. Skilled trades occupations,77,34,43
E01034201,"6. Caring, leisure and other service occupations",46,35,11
E01034201,7. Sales and customer service occupations,63,39,24
E01034201,"8. Process, plant and machine operatives",52,28,24
E01034201,9. Elementary occupations,127,56,71
E01034202,"1. Managers, directors and senior officials",69,37,32
E01034202,2. Professional occupations,125,75,50
E01034202,3. Associate professional and technical occupations,79,24,55
E01034202,4. Administrative and secretarial occupations,66,52,14
E01034202,5. Skilled trades occupations,85,61,24
E01034202,"6. Caring, leisure and other service occupations",87,67,20
E01034202,7. Sales and customer service occupations,79,55,24
E01034202,"8. Process, plant and machine operatives",54,32,22
E01034202,9. Elementary occupations,157,120,37
E01034203,"1. Managers, directors and senior officials",74,12,62
E01034203,2. Professional occupations,177,18,159
E01034203,3. Associate professional and technical occupations,97,8,89
E01034203,4. Administrative and secretarial occupations,47,7,40
E01034203,5. Skilled trades occupations,68,16,52
E01034203,"6. Caring, leisure and other service occupations",112,14,98
E01034203,7. Sales and customer service occupations,61,24,37
E01034203,"8. Process, plant and machine operatives",21,10,11
E01034203,9. Elementary occupations,130,50,80
E01034204,"1. Managers, directors and senior officials",56,45,11
E01034204,2. Professional occupations,110,84,26
E01034204,3. Associate professional and technical occupations,75,29,46
E01034204,4. Administrative and secretarial occupations,69,83,-14
E01034204,5. Skilled trades occupations,80,71,9
E01034204,"6. Caring, leisure and other service occupations",69,69,0
E01034204,7. Sales and customer service occupations,96,128,-32
E01034204,"8. Process, plant and machine operatives",85,70,15
E01034204,9. Elementary occupations,193,170,23
E01034205,"1. Managers, directors and senior officials",75,63,12
E01034205,2. Professional occupations,126,115,11
E01034205,3. Associate professional and technical occupations,94,31,63
E01034205,4. Administrative and secretarial occupations,70,59,11
E01034205,5. Skilled trades occupations,108,99,9
E01034205,"6. Caring, leisure and other service occupations",72,84,-12
E01034205,7. Sales and customer service occupations,49,52,-3
E01034205,"8. Process, plant and machine operatives",57,46,11
E01034205,9. Elementary occupations,145,155,-10
E01034206,"1. Managers, directors and senior officials",107,4,103
E01034206,2. Professional occupations,264,15,249
E01034206,3. Associate professional and technical occupations,151,5,146
E01034206,4. Administrative and secretarial occupations,66,18,48
E01034206,5. Skilled trades occupations,64,8,56
E01034206,"6. Caring, leisure and other service occupations",69,15,54
E01034206,7. Sales and customer service occupations,63,14,49
E01034206,"8. Process, plant and machine operatives",41,7,34
E01034206,9. Elementary occupations,90,17,73
E01034207,"1. Managers, directors and senior officials",189,70,119
E01034207,2. Professional occupations,363,147,216
E01034207,3. Associate professional and technical occupations,185,42,143
E01034207,4. Administrative and secretarial occupations,64,61,3
E01034207,5. Skilled trades occupations,52,20,32
E01034207,"6. Caring, leisure and other service occupations",65,21,44
E01034207,7. Sales and customer service occupations,42,24,18
E01034207,"8. Process, plant and machine operatives",29,11,18
E01034207,9. Elementary occupations,59,31,28
E01034208,"1. Managers, directors and senior officials",60,32,28
E01034208,2. Professional occupations,133,78,55
E01034208,3. Associate professional and technical occupations,78,23,55
E01034208,4. Administrative and secretarial occupations,51,83,-32
E01034208,5. Skilled trades occupations,68,80,-12
E01034208,"6. Caring, leisure and other service occupations",95,101,-6
E01034208,7. Sales and customer service occupations,57,65,-8
E01034208,"8. Process, plant and machine operatives",58,76,-18
E01034208,9. Elementary occupations,153,194,-41
E01034209,"1. Managers, directors and senior officials",146,20,126
E01034209,2. Professional occupations,406,82,324
E01034209,3. Associate professional and technical occupations,187,32,155
E01034209,4. Administrative and secretarial occupations,71,40,31
E01034209,5. Skilled trades occupations,57,16,41
E01034209,"6. Caring, leisure and other service occupations",39,13,26
E01034209,7. Sales and customer service occupations,48,21,27
E01034209,"8. Process, plant and machine operatives",21,8,13
E01034209,9. Elementary occupations,74,36,38
E01034210,"1. Managers, directors and senior officials",152,72,80
E01034210,2. Professional occupations,344,127,217
E01034210,3. Associate professional and technical occupations,163,40,123
E01034210,4. Administrative and secretarial occupations,65,51,14
E01034210,5. Skilled trades occupations,62,37,25
E01034210,"6. Caring, leisure and other service occupations",56,32,24
E01034210,7. Sales and customer service occupations,54,36,18
E01034210,"8. Process, plant and machine operatives",37,26,11
E01034210,9. Elementary occupations,78,58,20
E01034211,"1. Managers, directors and senior officials",181,19,162
E01034211,2. Professional occupations,469,44,425
E01034211,3. Associate professional and technical occupations,237,16,221
E01034211,4. Administrative and secretarial occupations,85,19,66
E01034211,5. Skilled trades occupations,52,11,41
E01034211,"6. Caring, leisure and other service occupations",30,8,22
E01034211,7. Sales and customer service occupations,35,8,27
E01034211,"8. Process, plant and machine operatives",32,10,22
E01034211,9. Elementary occupations,31,26,5
E01034212,"1. Managers, directors and senior officials",256,244,12
E01034212,2. Professional occupations,522,480,42
E01034212,3. Associate professional and technical occupations,230,104,126
E01034212,4. Administrative and secretarial occupations,77,131,-54
E01034212,5. Skilled trades occupations,54,65,-11
E01034212,"6. Caring, leisure and other service occupations",67,26,41
E01034212,7. Sales and customer service occupations,48,76,-28
E01034212,"8. Process, plant and machine operatives",16,53,-37
E01034212,9. Elementary occupations,82,87,-5
E01034213,"1. Managers, directors and senior officials",190,0,190
E01034213,2. Professional occupations,427,0,427
E01034213,3. Associate professional and technical occupations,191,0,191
E01034213,4. Administrative and secretarial occupations,56,0,56
E01034213,5. Skilled trades occupations,23,0,23
E01034213,"6. Caring, leisure and other service occupations",51,0,51
E01034213,7. Sales and customer service occupations,30,0,30
E01034213,"8. Process, plant and machine operatives",20,0,20
E01034213,9. Elementary occupations,52,0,52
E01034214,"1. Managers, directors and senior officials",164,0,164
E01034214,2. Professional occupations,485,0,485
E01034214,3. Associate professional and technical occupations,247,0,247
E01034214,4. Administrative and secretarial occupations,48,0,48
E01034214,5. Skilled trades occupations,29,0,29
E01034214,"6. Caring, leisure and other service occupations",28,0,28
E01034214,7. Sales and customer service occupations,36,0,36
E01034214,"8. Process, plant and machine operatives",18,0,18
E01034214,9. Elementary occupations,36,0,36
E01034215,"1. Managers, directors and senior officials",123,0,123
E01034215,2. Professional occupations,432,0,432
E01034215,3. Associate professional and technical occupations,182,0,182
E01034215,4. Administrative and secretarial occupations,59,0,59
E01034215,5. Skilled trades occupations,28,0,28
E01034215,"6. Caring, leisure and other service occupations",47,0,47
E01034215,7. Sales and customer service occupations,57,0,57
E01034215,"8. Process, plant and machine operatives",28,0,28
E01034215,9. Elementary occupations,28,0,28
E01034216,"1. Managers, directors and senior officials",142,0,142
E01034216,2. Professional occupations,485,0,485
E01034216,3. Associate professional and technical occupations,225,0,225
E01034216,4. Administrative and secretarial occupations,72,0,72
E01034216,5. Skilled trades occupations,48,0,48
E01034216,"6. Caring, leisure and other service occupations",38,0,38
E01034216,7. Sales and customer service occupations,62,0,62
E01034216,"8. Process, plant and machine operatives",36,0,36
E01034216,9. Elementary occupations,46,0,46
E01034217,"1. Managers, directors and senior officials",179,0,179
E01034217,2. Professional occupations,491,0,491
E01034217,3. Associate professional and technical occupations,269,0,269
E01034217,4. Administrative and secretarial occupations,58,0,58
E01034217,5. Skilled trades occupations,32,0,32
E01034217,"6. Caring, leisure and other service occupations",32,0,32
E01034217,7. Sales and customer service occupations,45,0,45
E01034217,"8. Process, plant and machine operatives",15,0,15
E01034217,9. Elementary occupations,42,0,42
E01034218,"1. Managers, directors and senior officials",126,36,90
E01034218,2. Professional occupations,262,84,178
E01034218,3. Associate professional and technical occupations,129,22,107
E01034218,4. Administrative and secretarial occupations,49,42,7
E01034218,5. Skilled trades occupations,88,74,14
E01034218,"6. Caring, leisure and other service occupations",70,41,29
E01034218,7. Sales and customer service occupations,71,55,16
E01034218,"8. Process, plant and machine operatives",34,27,7
E01034218,9. Elementary occupations,138,133,5
E01034219,"1. Managers, directors and senior officials",152,0,152
E01034219,2. Professional occupations,518,0,518
E01034219,3. Associate professional and technical occupations,215,0,215
E01034219,4. Administrative and secretarial occupations,58,0,58
E01034219,5. Skilled trades occupations,32,0,32
E01034219,"6. Caring, leisure and other service occupations",25,0,25
E01034219,7. Sales and customer service occupations,48,0,48
E01034219,"8. Process, plant and machine operatives",17,0,17
E01034219,9. Elementary occupations,37,0,37
E01034220,"1. Managers, directors and senior officials",130,6,124
E01034220,2. Professional occupations,446,20,426
E01034220,3. Associate professional and technical occupations,162,5,157
E01034220,4. Administrative and secretarial occupations,43,18,25
E01034220,5. Skilled trades occupations,22,7,15
E01034220,"6. Caring, leisure and other service occupations",19,1,18
E01034220,7. Sales and customer service occupations,30,8,22
E01034220,"8. Process, plant and machine operatives",2,6,-4
E01034220,9. Elementary occupations,18,12,6
E01034221,"1. Managers, directors and senior officials",106,92,14
E01034221,2. Professional occupations,279,223,56
E01034221,3. Associate professional and technical occupations,154,71,83
E01034221,4. Administrative and secretarial occupations,74,108,-34
E01034221,5. Skilled trades occupations,64,77,-13
E01034221,"6. Caring, leisure and other service occupations",51,66,-15
E01034221,7. Sales and customer service occupations,57,87,-30
E01034221,"8. Process, plant and machine operatives",43,37,6
E01034221,9. Elementary occupations,98,166,-68
E01034222,"1. Managers, directors and senior officials",129,47,82
E01034222,2. Professional occupations,366,109,257
E01034222,3. Associate professional and technical occupations,137,28,109
E01034222,4. Administrative and secretarial occupations,77,49,28
E01034222,5. Skilled trades occupations,38,17,21
E01034222,"6. Caring, leisure and other service occupations",55,15,40
E01034222,7. Sales and customer service occupations,41,28,13
E01034222,"8. Process, plant and machine operatives",35,11,24
E01034222,9. Elementary occupations,80,36,44
E01034223,"1. Managers, directors and senior officials",109,28,81
E01034223,2. Professional occupations,383,79,304
E01034223,3. Associate professional and technical occupations,183,20,163
E01034223,4. Administrative and secretarial occupations,80,25,55
E01034223,5. Skilled trades occupations,30,32,-2
E01034223,"6. Caring, leisure and other service occupations",43,17,26
E01034223,7. Sales and customer service occupations,42,34,8
E01034223,"8. Process, plant and machine operatives",31,17,14
E01034223,9. Elementary occupations,54,42,12
E01034224,"1. Managers, directors and senior officials",86,64,22
E01034224,2. Professional occupations,163,91,72
E01034224,3. Associate professional and technical occupations,107,27,80
E01034224,4. Administrative and secretarial occupations,66,72,-6
E01034224,5. Skilled trades occupations,64,56,8
E01034224,"6. Caring, leisure and other service occupations",89,55,34
E01034224,7. Sales and customer service occupations,66,48,18
E01034224,"8. Process, plant and machine operatives",56,53,3
E01034224,9. Elementary occupations,140,85,55
E01034225,"1. Managers, directors and senior officials",118,44,74
E01034225,2. Professional occupations,227,106,121
E01034225,3. Associate professional and technical occupations,102,36,66
E01034225,4. Administrative and secretarial occupations,74,52,22
E01034225,5. Skilled trades occupations,49,41,8
E01034225,"6. Caring, leisure and other service occupations",56,42,14
E01034225,7. Sales and customer service occupations,51,30,21
E01034225,"8. Process, plant and machine operatives",47,28,19
E01034225,9. Elementary occupations,75,65,10
E01034226,"1. Managers, directors and senior officials",125,24,101
E01034226,2. Professional occupations,282,64,218
E01034226,3. Associate professional and technical occupations,158,14,144
E01034226,4. Administrative and secretarial occupations,71,22,49
E01034226,5. Skilled trades occupations,60,9,51
E01034226,"6. Caring, leisure and other service occupations",58,7,51
E01034226,7. Sales and customer service occupations,45,12,33
E01034226,"8. Process, plant and machine operatives",25,3,22
E01034226,9. Elementary occupations,65,25,40
E01034227,"1. Managers, directors and senior officials",90,0,90
E01034227,2. Professional occupations,208,0,208
E01034227,3. Associate professional and technical occupations,145,0,145
E01034227,4. Administrative and secretarial occupations,79,0,79
E01034227,5. Skilled trades occupations,30,0,30
E01034227,"6. Caring, leisure and other service occupations",70,0,70
E01034227,7. Sales and customer service occupations,51,0,51
E01034227,"8. Process, plant and machine operatives",40,0,40
E01034227,9. Elementary occupations,64,0,64
E01034228,"1. Managers, directors and senior officials",186,65,121
E01034228,2. Professional occupations,411,99,312
E01034228,3. Associate professional and technical occupations,184,13,171
E01034228,4. Administrative and secretarial occupations,67,20,47
E01034228,5. Skilled trades occupations,17,10,7
E01034228,"6. Caring, leisure and other service occupations",21,6,15
E01034228,7. Sales and customer service occupations,35,15,20
E01034228,"8. Process, plant and machine operatives",14,4,10
E01034228,9. Elementary occupations,39,10,29
E01034229,"1. Managers, directors and senior officials",146,48,98
E01034229,2. Professional occupations,275,95,180
E01034229,3. Associate professional and technical occupations,163,33,130
E01034229,4. Administrative and secretarial occupations,61,50,11
E01034229,5. Skilled trades occupations,49,31,18
E01034229,"6. Caring, leisure and other service occupations",73,47,26
E01034229,7. Sales and customer service occupations,49,37,12
E01034229,"8. Process, plant and machine operatives",35,29,6
E01034229,9. Elementary occupations,79,68,11
E01034230,"1. Managers, directors and senior officials",170,0,170
E01034230,2. Professional occupations,395,0,395
E01034230,3. Associate professional and technical occupations,233,0,233
E01034230,4. Administrative and secretarial occupations,71,0,71
E01034230,5. Skilled trades occupations,33,0,33
E01034230,"6. Caring, leisure and other service occupations",12,0,12
E01034230,7. Sales and customer service occupations,37,0,37
E01034230,"8. Process, plant and machine operatives",6,0,6
E01034230,9. Elementary occupations,31,0,31
E01034231,"1. Managers, directors and senior officials",199,26,173
E01034231,2. Professional occupations,446,43,403
E01034231,3. Associate professional and technical occupations,195,10,185
E01034231,4. Administrative and secretarial occupations,46,5,41
E01034231,5. Skilled trades occupations,19,2,17
E01034231,"6. Caring, leisure and other service occupations",14,5,9
E01034231,7. Sales and customer service occupations,36,5,31
E01034231,"8. Process, plant and machine operatives",4,0,4
E01034231,9. Elementary occupations,14,2,12
E01034383,"1. Managers, directors and senior officials",85,53,32
E01034383,2. Professional occupations,176,112,64
E01034383,3. Associate professional and technical occupations,149,47,102
E01034383,4. Administrative and secretarial occupations,62,80,-18
E01034383,5. Skilled trades occupations,59,64,-5
E01034383,"6. Caring, leisure and other service occupations",77,66,11
E01034383,7. Sales and customer service occupations,44,45,-1
E01034383,"8. Process, plant and machine operatives",31,29,2
E01034383,9. Elementary occupations,83,70,13
E01034384,"1. Managers, directors and senior officials",119,21,98
E01034384,2. Professional occupations,264,61,203
E01034384,3. Associate professional and technical occupations,156,32,124
E01034384,4. Administrative and secretarial occupations,67,38,29
E01034384,5. Skilled trades occupations,39,31,8
E01034384,"6. Caring, leisure and other service occupations",45,29,16
E01034384,7. Sales and customer service occupations,31,28,3
E01034384,"8. Process, plant and machine operatives",19,20,-1
E01034384,9. Elementary occupations,48,38,10
E01034385,"1. Managers, directors and senior officials",147,104,43
E01034385,2. Professional occupations,241,162,79
E01034385,3. Associate professional and technical occupations,103,44,59
E01034385,4. Administrative and secretarial occupations,78,107,-29
E01034385,5. Skilled trades occupations,50,41,9
E01034385,"6. Caring, leisure and other service occupations",31,34,-3
E01034385,7. Sales and customer service occupations,33,36,-3
E01034385,"8. Process, plant and machine operatives",20,14,6
E01034385,9. Elementary occupations,38,25,13
E01034386,"1. Managers, directors and senior officials",104,20,84
E01034386,2. Professional occupations,357,62,295
E01034386,3. Associate professional and technical occupations,152,22,130
E01034386,4. Administrative and secretarial occupations,55,34,21
E01034386,5. Skilled trades occupations,44,20,24
E01034386,"6. Caring, leisure and other service occupations",31,15,16
E01034386,7. Sales and customer service occupations,37,16,21
E01034386,"8. Process, plant and machine operatives",15,9,6
E01034386,9. Elementary occupations,33,25,8
E01034387,"1. Managers, directors and senior officials",241,26,215
E01034387,2. Professional occupations,573,95,478
E01034387,3. Associate professional and technical occupations,204,24,180
E01034387,4. Administrative and secretarial occupations,53,41,12
E01034387,5. Skilled trades occupations,26,14,12
E01034387,"6. Caring, leisure and other service occupations",28,9,19
E01034387,7. Sales and customer service occupations,42,18,24
E01034387,"8. Process, plant and machine operatives",14,8,6
E01034387,9. Elementary occupations,38,30,8
E01034388,"1. Managers, directors and senior officials",149,14,135
E01034388,2. Professional occupations,338,14,324
E01034388,3. Associate professional and technical occupations,168,4,164
E01034388,4. Administrative and secretarial occupations,46,12,34
E01034388,5. Skilled trades occupations,32,13,19
E01034388,"6. Caring, leisure and other service occupations",28,13,15
E01034388,7. Sales and customer service occupations,38,15,23
E01034388,"8. Process, plant and machine operatives",16,8,8
E01034388,9. Elementary occupations,56,25,31
E01034389,"1. Managers, directors and senior officials",92,26,66
E01034389,2. Professional occupations,275,60,215
E01034389,3. Associate professional and technical occupations,130,50,80
E01034389,4. Administrative and secretarial occupations,57,48,9
E01034389,5. Skilled trades occupations,53,22,31
E01034389,"6. Caring, leisure and other service occupations",77,50,27
E01034389,7. Sales and customer service occupations,62,42,20
E01034389,"8. Process, plant and machine operatives",36,23,13
E01034389,9. Elementary occupations,97,62,35
E01034390,"1. Managers, directors and senior officials",151,13,138
E01034390,2. Professional occupations,327,15,312
E01034390,3. Associate professional and technical occupations,175,5,170
E01034390,4. Administrative and secretarial occupations,59,14,45
E01034390,5. Skilled trades occupations,39,8,31
E01034390,"6. Caring, leisure and other service occupations",58,13,45
E01034390,7. Sales and customer service occupations,43,10,33
E01034390,"8. Process, plant and machine operatives",23,7,16
E01034390,9. Elementary occupations,40,34,6
E01034391,"1. Managers, directors and senior officials",138,73,65
E01034391,2. Professional occupations,289,167,122
E01034391,3. Associate professional and technical occupations,141,51,90
E01034391,4. Administrative and secretarial occupations,71,90,-19
E01034391,5. Skilled trades occupations,61,70,-9
E01034391,"6. Caring, leisure and other service occupations",43,71,-28
E01034391,7. Sales and customer service occupations,40,57,-17
E01034391,"8. Process, plant and machine operatives",31,53,-22
E01034391,9. Elementary occupations,54,58,-4
E01034392,"1. Managers, directors and senior officials",96,59,37
E01034392,2. Professional occupations,234,175,59
E01034392,3. Associate professional and technical occupations,135,45,90
E01034392,4. Administrative and secretarial occupations,76,55,21
E01034392,5. Skilled trades occupations,79,38,41
E01034392,"6. Caring, leisure and other service occupations",64,37,27
E01034392,7. Sales and customer service occupations,51,51,0
E01034392,"8. Process, plant and machine operatives",25,13,12
E01034392,9. Elementary occupations,81,70,11
E01034393,"1. Managers, directors and senior officials",145,26,119
E01034393,2. Professional occupations,369,122,247
E01034393,3. Associate professional and technical occupations,183,11,172
E01034393,4. Administrative and secretarial occupations,66,30,36
E01034393,5. Skilled trades occupations,31,14,17
E01034393,"6. Caring, leisure and other service occupations",26,6,20
E01034393,7. Sales and customer service occupations,26,15,11
E01034393,"8. Process, plant and machine operatives",11,1,10
E01034393,9. Elementary occupations,40,13,27
E01034394,"1. Managers, directors and senior officials",136,13,123
E01034394,2. Professional occupations,423,37,386
E01034394,3. Associate professional and technical occupations,192,5,187
E01034394,4. Administrative and secretarial occupations,55,8,47
E01034394,5. Skilled trades occupations,37,11,26
E01034394,"6. Caring, leisure and other service occupations",29,1,28
E01034394,7. Sales and customer service occupations,38,8,30
E01034394,"8. Process, plant and machine operatives",3,6,-3
E01034394,9. Elementary occupations,57,11,46
E01034395,"1. Managers, directors and senior officials",90,15,75
E01034395,2. Professional occupations,255,41,214
E01034395,3. Associate professional and technical occupations,132,11,121
E01034395,4. Administrative and secretarial occupations,73,28,45
E01034395,5. Skilled trades occupations,52,18,34
E01034395,"6. Caring, leisure and other service occupations",87,15,72
E01034395,7. Sales and customer service occupations,62,19,43
E01034395,"8. Process, plant and machine operatives",29,6,23
E01034395,9. Elementary occupations,80,25,55
E01034469,"1. Managers, directors and senior officials",98,7,91
E01034469,2. Professional occupations,222,19,203
E01034469,3. Associate professional and technical occupations,86,4,82
E01034469,4. Administrative and secretarial occupations,86,27,59
E01034469,5. Skilled trades occupations,62,12,50
E01034469,"6. Caring, leisure and other service occupations",80,12,68
E01034469,7. Sales and customer service occupations,45,16,29
E01034469,"8. Process, plant and machine operatives",39,7,32
E01034469,9. Elementary occupations,73,19,54
E01034470,"1. Managers, directors and senior officials",64,42,22
E01034470,2. Professional occupations,96,78,18
E01034470,3. Associate professional and technical occupations,64,36,28
E01034470,4. Administrative and secretarial occupations,70,84,-14
E01034470,5. Skilled trades occupations,98,86,12
E01034470,"6. Caring, leisure and other service occupations",74,67,7
E01034470,7. Sales and customer service occupations,66,58,8
E01034470,"8. Process, plant and machine operatives",53,61,-8
E01034470,9. Elementary occupations,91,63,28
E01034471,"1. Managers, directors and senior officials",94,36,58
E01034471,2. Professional occupations,163,68,95
E01034471,3. Associate professional and technical occupations,108,18,90
E01034471,4. Administrative and secretarial occupations,103,41,62
E01034471,5. Skilled trades occupations,98,30,68
E01034471,"6. Caring, leisure and other service occupations",110,30,80
E01034471,7. Sales and customer service occupations,100,45,55
E01034471,"8. Process, plant and machine operatives",139,31,108
E01034471,9. Elementary occupations,200,54,146
E01034472,"1. Managers, directors and senior officials",87,9,78
E01034472,2. Professional occupations,152,27,125
E01034472,3. Associate professional and technical occupations,94,16,78
E01034472,4. Administrative and secretarial occupations,64,31,33
E01034472,5. Skilled trades occupations,100,15,85
E01034472,"6. Caring, leisure and other service occupations",74,9,65
E01034472,7. Sales and customer service occupations,59,11,48
E01034472,"8. Process, plant and machine operatives",50,6,44
E01034472,9. Elementary occupations,135,19,116
E01034473,"1. Managers, directors and senior officials",41,37,4
E01034473,2. Professional occupations,113,95,18
E01034473,3. Associate professional and technical occupations,48,14,34
E01034473,4. Administrative and secretarial occupations,31,47,-16
E01034473,5. Skilled trades occupations,63,30,33
E01034473,"6. Caring, leisure and other service occupations",42,35,7
E01034473,7. Sales and customer service occupations,52,41,11
E01034473,"8. Process, plant and machine operatives",37,19,18
E01034473,9. Elementary occupations,117,64,53
E01034474,"1. Managers, directors and senior officials",77,60,17
E01034474,2. Professional occupations,331,266,65
E01034474,3. Associate professional and technical occupations,108,46,62
E01034474,4. Administrative and secretarial occupations,76,93,-17
E01034474,5. Skilled trades occupations,72,53,19
E01034474,"6. Caring, leisure and other service occupations",98,67,31
E01034474,7. Sales and customer service occupations,75,88,-13
E01034474,"8. Process, plant and machine operatives",65,39,26
E01034474,9. Elementary occupations,170,132,38
E01034475,"1. Managers, directors and senior officials",51,39,12
E01034475,2. Professional occupations,111,67,44
E01034475,3. Associate professional and technical occupations,66,30,36
E01034475,4. Administrative and secretarial occupations,73,76,-3
E01034475,5. Skilled trades occupations,91,68,23
E01034475,"6. Caring, leisure and other service occupations",87,57,30
E01034475,7. Sales and customer service occupations,57,52,5
E01034475,"8. Process, plant and machine operatives",97,63,34
E01034475,9. Elementary occupations,134,92,42
E01034476,"1. Managers, directors and senior officials",73,21,52
E01034476,2. Professional occupations,162,40,122
E01034476,3. Associate professional and technical occupations,81,22,59
E01034476,4. Administrative and secretarial occupations,72,17,55
E01034476,5. Skilled trades occupations,72,13,59
E01034476,"6. Caring, leisure and other service occupations",84,26,58
E01034476,7. Sales and customer service occupations,64,21,43
E01034476,"8. Process, plant and machine operatives",75,23,52
E01034476,9. Elementary occupations,104,48,56
E01034477,"1. Managers, directors and senior officials",83,21,62
E01034477,2. Professional occupations,176,57,119
E01034477,3. Associate professional and technical occupations,71,12,59
E01034477,4. Administrative and secretarial occupations,77,19,58
E01034477,5. Skilled trades occupations,82,16,66
E01034477,"6. Caring, leisure and other service occupations",71,29,42
E01034477,7. Sales and customer service occupations,56,14,42
E01034477,"8. Process, plant and machine operatives",59,26,33
E01034477,9. Elementary occupations,98,22,76
E01034478,"1. Managers, directors and senior officials",85,0,85
E01034478,2. Professional occupations,188,0,188
E01034478,3. Associate professional and technical occupations,92,0,92
E01034478,4. Administrative and secretarial occupations,82,0,82
E01034478,5. Skilled trades occupations,54,0,54
E01034478,"6. Caring, leisure and other service occupations",54,0,54
E01034478,7. Sales and customer service occupations,32,0,32
E01034478,"8. Process, plant and machine operatives",51,0,51
E01034478,9. Elementary occupations,70,0,70
E01034479,"1. Managers, directors and senior officials",57,61,-4
E01034479,2. Professional occupations,116,155,-39
E01034479,3. Associate professional and technical occupations,85,55,30
E01034479,4. Administrative and secretarial occupations,66,122,-56
E01034479,5. Skilled trades occupations,82,116,-34
E01034479,"6. Caring, leisure and other service occupations",124,147,-23
E01034479,7. Sales and customer service occupations,78,102,-24
E01034479,"8. Process, plant and machine operatives",73,105,-32
E01034479,9. Elementary occupations,173,241,-68
E01034480,"1. Managers, directors and senior officials",58,78,-20
E01034480,2. Professional occupations,119,169,-50
E01034480,3. Associate professional and technical occupations,52,33,19
E01034480,4. Administrative and secretarial occupations,51,81,-30
E01034480,5. Skilled trades occupations,36,53,-17
E01034480,"6. Caring, leisure and other service occupations",40,59,-19
E01034480,7. Sales and customer service occupations,53,57,-4
E01034480,"8. Process, plant and machine operatives",30,23,7
E01034480,9. Elementary occupations,86,59,27
E01034481,"1. Managers, directors and senior officials",57,40,17
E01034481,2. Professional occupations,122,89,33
E01034481,3. Associate professional and technical occupations,64,23,41
E01034481,4. Administrative and secretarial occupations,56,75,-19
E01034481,5. Skilled trades occupations,47,35,12
E01034481,"6. Caring, leisure and other service occupations",58,59,-1
E01034481,7. Sales and customer service occupations,54,68,-14
E01034481,"8. Process, plant and machine operatives",42,26,16
E01034481,9. Elementary occupations,84,57,27
E01034482,"1. Managers, directors and senior officials",60,15,45
E01034482,2. Professional occupations,242,99,143
E01034482,3. Associate professional and technical occupations,77,11,66
E01034482,4. Administrative and secretarial occupations,36,18,18
E01034482,5. Skilled trades occupations,21,5,16
E01034482,"6. Caring, leisure and other service occupations",34,9,25
E01034482,7. Sales and customer service occupations,34,5,29
E01034482,"8. Process, plant and machine operatives",15,3,12
E01034482,9. Elementary occupations,45,13,32
E01034483,"1. Managers, directors and senior officials",42,10,32
E01034483,2. Professional occupations,177,68,109
E01034483,3. Associate professional and technical occupations,91,20,71
E01034483,4. Administrative and secretarial occupations,52,16,36
E01034483,5. Skilled trades occupations,28,6,22
E01034483,"6. Caring, leisure and other service occupations",49,26,23
E01034483,7. Sales and customer service occupations,42,9,33
E01034483,"8. Process, plant and machine operatives",37,7,30
E01034483,9. Elementary occupations,60,33,27
E01034484,"1. Managers, directors and senior officials",65,44,21
E01034484,2. Professional occupations,128,85,43
E01034484,3. Associate professional and technical occupations,69,29,40
E01034484,4. Administrative and secretarial occupations,66,67,-1
E01034484,5. Skilled trades occupations,88,45,43
E01034484,"6. Caring, leisure and other service occupations",55,49,6
E01034484,7. Sales and customer service occupations,57,92,-35
E01034484,"8. Process, plant and machine operatives",52,47,5
E01034484,9. Elementary occupations,107,99,8
E01034485,"1. Managers, directors and senior officials",157,99,58
E01034485,2. Professional occupations,289,188,101
E01034485,3. Associate professional and technical occupations,193,64,129
E01034485,4. Administrative and secretarial occupations,96,143,-47
E01034485,5. Skilled trades occupations,131,158,-27
E01034485,"6. Caring, leisure and other service occupations",53,82,-29
E01034485,7. Sales and customer service occupations,66,120,-54
E01034485,"8. Process, plant and machine operatives",56,51,5
E01034485,9. Elementary occupations,133,149,-16
E01034486,"1. Managers, directors and senior officials",188,0,188
E01034486,2. Professional occupations,495,0,495
E01034486,3. Associate professional and technical occupations,288,0,288
E01034486,4. Administrative and secretarial occupations,66,0,66
E01034486,5. Skilled trades occupations,31,0,31
E01034486,"6. Caring, leisure and other service occupations",33,0,33
E01034486,7. Sales and customer service occupations,56,0,56
E01034486,"8. Process, plant and machine operatives",21,0,21
E01034486,9. Elementary occupations,33,0,33
E01034487,"1. Managers, directors and senior officials",45,32,13
E01034487,2. Professional occupations,93,22,71
E01034487,3. Associate professional and technical occupations,74,14,60
E01034487,4. Administrative and secretarial occupations,45,40,5
E01034487,5. Skilled trades occupations,52,27,25
E01034487,"6. Caring, leisure and other service occupations",67,34,33
E01034487,7. Sales and customer service occupations,58,46,12
E01034487,"8. Process, plant and machine operatives",53,23,30
E01034487,9. Elementary occupations,72,55,17
E01034488,"1. Managers, directors and senior officials",55,38,17
E01034488,2. Professional occupations,99,59,40
E01034488,3. Associate professional and technical occupations,79,27,52
E01034488,4. Administrative and secretarial occupations,47,60,-13
E01034488,5. Skilled trades occupations,76,65,11
E01034488,"6. Caring, leisure and other service occupations",82,59,23
E01034488,7. Sales and customer service occupations,61,62,-1
E01034488,"8. Process, plant and machine operatives",57,62,-5
E01034488,9. Elementary occupations,138,98,40
E01034576,"1. Managers, directors and senior officials",143,73,70
E01034576,2. Professional occupations,243,133,110
E01034576,3. Associate professional and technical occupations,118,30,88
E01034576,4. Administrative and secretarial occupations,42,29,13
E01034576,5. Skilled trades occupations,19,10,9
E01034576,"6. Caring, leisure and other service occupations",28,21,7
E01034576,7. Sales and customer service occupations,48,10,38
E01034576,"8. Process, plant and machine operatives",5,4,1
E01034576,9. Elementary occupations,18,6,12
E01034577,"1. Managers, directors and senior officials",138,62,76
E01034577,2. Professional occupations,256,131,125
E01034577,3. Associate professional and technical occupations,116,35,81
E01034577,4. Administrative and secretarial occupations,43,43,0
E01034577,5. Skilled trades occupations,30,10,20
E01034577,"6. Caring, leisure and other service occupations",43,25,18
E01034577,7. Sales and customer service occupations,41,43,-2
E01034577,"8. Process, plant and machine operatives",21,16,5
E01034577,9. Elementary occupations,49,22,27
E01034578,"1. Managers, directors and senior officials",88,80,8
E01034578,2. Professional occupations,134,135,-1
E01034578,3. Associate professional and technical occupations,77,31,46
E01034578,4. Administrative and secretarial occupations,47,56,-9
E01034578,5. Skilled trades occupations,45,37,8
E01034578,"6. Caring, leisure and other service occupations",53,46,7
E01034578,7. Sales and customer service occupations,42,24,18
E01034578,"8. Process, plant and machine operatives",17,23,-6
E01034578,9. Elementary occupations,27,30,-3
E01034579,"1. Managers, directors and senior officials",180,99,81
E01034579,2. Professional occupations,400,283,117
E01034579,3. Associate professional and technical occupations,244,57,187
E01034579,4. Administrative and secretarial occupations,91,93,-2
E01034579,5. Skilled trades occupations,50,27,23
E01034579,"6. Caring, leisure and other service occupations",73,50,23
E01034579,7. Sales and customer service occupations,43,40,3
E01034579,"8. Process, plant and machine operatives",26,15,11
E01034579,9. Elementary occupations,59,46,13
E01034580,"1. Managers, directors and senior officials",124,49,75
E01034580,2. Professional occupations,252,113,139
E01034580,3. Associate professional and technical occupations,152,30,122
E01034580,4. Administrative and secretarial occupations,60,76,-16
E01034580,5. Skilled trades occupations,66,55,11
E01034580,"6. Caring, leisure and other service occupations",65,43,22
E01034580,7. Sales and customer service occupations,52,53,-1
E01034580,"8. Process, plant and machine operatives",32,28,4
E01034580,9. Elementary occupations,55,71,-16
E01034581,"1. Managers, directors and senior officials",156,120,36
E01034581,2. Professional occupations,335,275,60
E01034581,3. Associate professional and technical occupations,206,56,150
E01034581,4. Administrative and secretarial occupations,77,81,-4
E01034581,5. Skilled trades occupations,60,61,-1
E01034581,"6. Caring, leisure and other service occupations",56,43,13
E01034581,7. Sales and customer service occupations,60,45,15
E01034581,"8. Process, plant and machine operatives",16,20,-4
E01034581,9. Elementary occupations,50,43,7
E01034589,"1. Managers, directors and senior officials",154,148,6
E01034589,2. Professional occupations,301,268,33
E01034589,3. Associate professional and technical occupations,112,44,68
E01034589,4. Administrative and secretarial occupations,103,135,-32
E01034589,5. Skilled trades occupations,61,54,7
E01034589,"6. Caring, leisure and other service occupations",65,72,-7
E01034589,7. Sales and customer service occupations,60,68,-8
E01034589,"8. Process, plant and machine operatives",33,48,-15
E01034589,9. Elementary occupations,83,54,29
E01034590,"1. Managers, directors and senior officials",146,0,146
E01034590,2. Professional occupations,316,0,316
E01034590,3. Associate professional and technical occupations,101,0,101
E01034590,4. Administrative and secretarial occupations,65,0,65
E01034590,5. Skilled trades occupations,22,0,22
E01034590,"6. Caring, leisure and other service occupations",26,0,26
E01034590,7. Sales and customer service occupations,36,0,36
E01034590,"8. Process, plant and machine operatives",32,0,32
E01034590,9. Elementary occupations,17,0,17
E01034591,"1. Managers, directors and senior officials",61,32,29
E01034591,2. Professional occupations,137,82,55
E01034591,3. Associate professional and technical occupations,95,27,68
E01034591,4. Administrative and secretarial occupations,70,53,17
E01034591,5. Skilled trades occupations,125,42,83
E01034591,"6. Caring, leisure and other service occupations",100,40,60
E01034591,7. Sales and customer service occupations,62,41,21
E01034591,"8. Process, plant and machine operatives",94,37,57
E01034591,9. Elementary occupations,159,58,101
E01034592,"1. Managers, directors and senior officials",42,29,13
E01034592,2. Professional occupations,94,119,-25
E01034592,3. Associate professional and technical occupations,61,24,37
E01034592,4. Administrative and secretarial occupations,46,68,-22
E01034592,5. Skilled trades occupations,51,48,3
E01034592,"6. Caring, leisure and other service occupations",38,38,0
E01034592,7. Sales and customer service occupations,39,52,-13
E01034592,"8. Process, plant and machine operatives",45,34,11
E01034592,9. Elementary occupations,54,49,5
E01034593,"1. Managers, directors and senior officials",99,94,5
E01034593,2. Professional occupations,198,132,66
E01034593,3. Associate professional and technical occupations,81,44,37
E01034593,4. Administrative and secretarial occupations,88,82,6
E01034593,5. Skilled trades occupations,72,43,29
E01034593,"6. Caring, leisure and other service occupations",49,61,-12
E01034593,7. Sales and customer service occupations,39,52,-13
E01034593,"8. Process, plant and machine operatives",36,26,10
E01034593,9. Elementary occupations,42,45,-3
E01034594,"1. Managers, directors and senior officials",160,32,128
E01034594,2. Professional occupations,293,88,205
E01034594,3. Associate professional and technical occupations,97,16,81
E01034594,4. Administrative and secretarial occupations,82,54,28
E01034594,5. Skilled trades occupations,54,28,26
E01034594,"6. Caring, leisure and other service occupations",46,32,14
E01034594,7. Sales and customer service occupations,35,33,2
E01034594,"8. Process, plant and machine operatives",29,23,6
E01034594,9. Elementary occupations,42,20,22
E01034595,"1. Managers, directors and senior officials",78,69,9
E01034595,2. Professional occupations,226,229,-3
E01034595,3. Associate professional and technical occupations,63,41,22
E01034595,4. Administrative and secretarial occupations,41,78,-37
E01034595,5. Skilled trades occupations,67,54,13
E01034595,"6. Caring, leisure and other service occupations",46,43,3
E01034595,7. Sales and customer service occupations,42,30,12
E01034595,"8. Process, plant and machine operatives",49,22,27
E01034595,9. Elementary occupations,73,37,36
E01034596,"1. Managers, directors and senior officials",105,35,70
E01034596,2. Professional occupations,329,168,161
E01034596,3. Associate professional and technical occupations,106,11,95
E01034596,4. Administrative and secretarial occupations,50,32,18
E01034596,5. Skilled trades occupations,29,10,19
E01034596,"6. Caring, leisure and other service occupations",45,11,34
E01034596,7. Sales and customer service occupations,47,26,21
E01034596,"8. Process, plant and machine operatives",25,8,17
E01034596,9. Elementary occupations,33,23,10
E01034597,"1. Managers, directors and senior officials",107,56,51
E01034597,2. Professional occupations,238,140,98
E01034597,3. Associate professional and technical occupations,74,19,55
E01034597,4. Administrative and secretarial occupations,53,50,3
E01034597,5. Skilled trades occupations,35,21,14
E01034597,"6. Caring, leisure and other service occupations",45,32,13
E01034597,7. Sales and customer service occupations,37,23,14
E01034597,"8. Process, plant and machine operatives",20,19,1
E01034597,9. Elementary occupations,55,22,33
E01034598,"1. Managers, directors and senior officials",132,0,132
E01034598,2. Professional occupations,348,0,348
E01034598,3. Associate professional and technical occupations,123,0,123
E01034598,4. Administrative and secretarial occupations,61,0,61
E01034598,5. Skilled trades occupations,39,0,39
E01034598,"6. Caring, leisure and other service occupations",39,0,39
E01034598,7. Sales and customer service occupations,35,0,35
E01034598,"8. Process, plant and machine operatives",22,0,22
E01034598,9. Elementary occupations,38,0,38
E01034599,"1. Managers, directors and senior officials",67,68,-1
E01034599,2. Professional occupations,134,153,-19
E01034599,3. Associate professional and technical occupations,68,37,31
E01034599,4. Administrative and secretarial occupations,91,112,-21
E01034599,5. Skilled trades occupations,88,66,22
E01034599,"6. Caring, leisure and other service occupations",64,58,6
E01034599,7. Sales and customer service occupations,82,96,-14
E01034599,"8. Process, plant and machine operatives",71,45,26
E01034599,9. Elementary occupations,110,106,4
E01034600,"1. Managers, directors and senior officials",98,57,41
E01034600,2. Professional occupations,232,152,80
E01034600,3. Associate professional and technical occupations,125,36,89
E01034600,4. Administrative and secretarial occupations,89,56,33
E01034600,5. Skilled trades occupations,85,32,53
E01034600,"6. Caring, leisure and other service occupations",88,37,51
E01034600,7. Sales and customer service occupations,93,70,23
E01034600,"8. Process, plant and machine operatives",68,27,41
E01034600,9. Elementary occupations,90,65,25
E01034601,"1. Managers, directors and senior officials",94,51,43
E01034601,2. Professional occupations,207,94,113
E01034601,3. Associate professional and technical occupations,122,61,61
E01034601,4. Administrative and secretarial occupations,61,74,-13
E01034601,5. Skilled trades occupations,47,31,16
E01034601,"6. Caring, leisure and other service occupations",59,48,11
E01034601,7. Sales and customer service occupations,49,47,2
E01034601,"8. Process, plant and machine operatives",33,20,13
E01034601,9. Elementary occupations,28,59,-31
E01034602,"1. Managers, directors and senior officials",124,36,88
E01034602,2. Professional occupations,194,66,128
E01034602,3. Associate professional and technical occupations,137,21,116
E01034602,4. Administrative and secretarial occupations,73,38,35
E01034602,5. Skilled trades occupations,57,23,34
E01034602,"6. Caring, leisure and other service occupations",46,17,29
E01034602,7. Sales and customer service occupations,38,17,21
E01034602,"8. Process, plant and machine operatives",33,19,14
E01034602,9. Elementary occupations,51,31,20
E01034603,"1. Managers, directors and senior officials",162,54,108
E01034603,2. Professional occupations,279,21,258
E01034603,3. Associate professional and technical occupations,136,6,130
E01034603,4. Administrative and secretarial occupations,70,9,61
E01034603,5. Skilled trades occupations,41,4,37
E01034603,"6. Caring, leisure and other service occupations",34,8,26
E01034603,7. Sales and customer service occupations,34,4,30
E01034603,"8. Process, plant and machine operatives",25,2,23
E01034603,9. Elementary occupations,24,4,20
E01034604,"1. Managers, directors and senior officials",81,60,21
E01034604,2. Professional occupations,152,127,25
E01034604,3. Associate professional and technical occupations,85,56,29
E01034604,4. Administrative and secretarial occupations,56,90,-34
E01034604,5. Skilled trades occupations,56,60,-4
E01034604,"6. Caring, leisure and other service occupations",49,57,-8
E01034604,7. Sales and customer service occupations,41,39,2
E01034604,"8. Process, plant and machine operatives",51,41,10
E01034604,9. Elementary occupations,79,70,9
E01034605,"1. Managers, directors and senior officials",116,33,83
E01034605,2. Professional occupations,218,44,174
E01034605,3. Associate professional and technical occupations,134,67,67
E01034605,4. Administrative and secretarial occupations,86,43,43
E01034605,5. Skilled trades occupations,72,20,52
E01034605,"6. Caring, leisure and other service occupations",48,29,19
E01034605,7. Sales and customer service occupations,65,21,44
E01034605,"8. Process, plant and machine operatives",30,26,4
E01034605,9. Elementary occupations,63,34,29
E01034606,"1. Managers, directors and senior officials",69,78,-9
E01034606,2. Professional occupations,182,130,52
E01034606,3. Associate professional and technical occupations,110,72,38
E01034606,4. Administrative and secretarial occupations,76,120,-44
E01034606,5. Skilled trades occupations,80,43,37
E01034606,"6. Caring, leisure and other service occupations",55,62,-7
E01034606,7. Sales and customer service occupations,103,185,-82
E01034606,"8. Process, plant and machine operatives",29,25,4
E01034606,9. Elementary occupations,76,85,-9
E01034607,"1. Managers, directors and senior officials",84,63,21
E01034607,2. Professional occupations,130,165,-35
E01034607,3. Associate professional and technical occupations,109,69,40
E01034607,4. Administrative and secretarial occupations,83,127,-44
E01034607,5. Skilled trades occupations,95,43,52
E01034607,"6. Caring, leisure and other service occupations",59,72,-13
E01034607,7. Sales and customer service occupations,86,143,-57
E01034607,"8. Process, plant and machine operatives",61,61,0
E01034607,9. Elementary occupations,95,127,-32
E01034608,"1. Managers, directors and senior officials",144,64,80
E01034608,2. Professional occupations,306,187,119
E01034608,3. Associate professional and technical occupations,176,49,127
E01034608,4. Administrative and secretarial occupations,112,92,20
E01034608,5. Skilled trades occupations,110,53,57
E01034608,"6. Caring, leisure and other service occupations",89,69,20
E01034608,7. Sales and customer service occupations,87,62,25
E01034608,"8. Process, plant and machine operatives",97,54,43
E01034608,9. Elementary occupations,111,75,36
E01034609,"1. Managers, directors and senior officials",94,46,48
E01034609,2. Professional occupations,239,85,154
E01034609,3. Associate professional and technical occupations,104,27,77
E01034609,4. Administrative and secretarial occupations,77,53,24
E01034609,5. Skilled trades occupations,84,48,36
E01034609,"6. Caring, leisure and other service occupations",102,52,50
E01034609,7. Sales and customer service occupations,59,59,0
E01034609,"8. Process, plant and machine operatives",78,51,27
E01034609,9. Elementary occupations,115,76,39
E01034610,"1. Managers, directors and senior officials",89,55,34
E01034610,2. Professional occupations,141,96,45
E01034610,3. Associate professional and technical occupations,79,31,48
E01034610,4. Administrative and secretarial occupations,71,80,-9
E01034610,5. Skilled trades occupations,55,61,-6
E01034610,"6. Caring, leisure and other service occupations",74,69,5
E01034610,7. Sales and customer service occupations,59,60,-1
E01034610,"8. Process, plant and machine operatives",68,59,9
E01034610,9. Elementary occupations,82,77,5
E01034611,"1. Managers, directors and senior officials",66,29,37
E01034611,2. Professional occupations,87,42,45
E01034611,3. Associate professional and technical occupations,64,11,53
E01034611,4. Administrative and secretarial occupations,54,36,18
E01034611,5. Skilled trades occupations,41,25,16
E01034611,"6. Caring, leisure and other service occupations",47,19,28
E01034611,7. Sales and customer service occupations,54,29,25
E01034611,"8. Process, plant and machine operatives",59,34,25
E01034611,9. Elementary occupations,67,32,35
E01034612,"1. Managers, directors and senior officials",71,49,22
E01034612,2. Professional occupations,145,90,55
E01034612,3. Associate professional and technical occupations,90,29,61
E01034612,4. Administrative and secretarial occupations,80,97,-17
E01034612,5. Skilled trades occupations,89,77,12
E01034612,"6. Caring, leisure and other service occupations",81,72,9
E01034612,7. Sales and customer service occupations,102,81,21
E01034612,"8. Process, plant and machine operatives",78,80,-2
E01034612,9. Elementary occupations,177,119,58
E01034613,"1. Managers, directors and senior officials",70,11,59
E01034613,2. Professional occupations,189,29,160
E01034613,3. Associate professional and technical occupations,98,4,94
E01034613,4. Administrative and secretarial occupations,40,12,28
E01034613,5. Skilled trades occupations,24,14,10
E01034613,"6. Caring, leisure and other service occupations",41,10,31
E01034613,7. Sales and customer service occupations,39,19,20
E01034613,"8. Process, plant and machine operatives",29,9,20
E01034613,9. Elementary occupations,69,21,48
E01034614,"1. Managers, directors and senior officials",112,42,70
E01034614,2. Professional occupations,290,122,168
E01034614,3. Associate professional and technical occupations,108,37,71
E01034614,4. Administrative and secretarial occupations,85,66,19
E01034614,5. Skilled trades occupations,62,48,14
E01034614,"6. Caring, leisure and other service occupations",82,51,31
E01034614,7. Sales and customer service occupations,60,54,6
E01034614,"8. Process, plant and machine operatives",73,55,18
E01034614,9. Elementary occupations,75,66,9
E01034615,"1. Managers, directors and senior officials",116,45,71
E01034615,2. Professional occupations,250,38,212
E01034615,3. Associate professional and technical occupations,129,12,117
E01034615,4. Administrative and secretarial occupations,93,67,26
E01034615,5. Skilled trades occupations,84,47,37
E01034615,"6. Caring, leisure and other service occupations",92,50,42
E01034615,7. Sales and customer service occupations,86,50,36
E01034615,"8. Process, plant and machine operatives",93,48,45
E01034615,9. Elementary occupations,102,68,34
E01034616,"1. Managers, directors and senior officials",81,10,71
E01034616,2. Professional occupations,247,26,221
E01034616,3. Associate professional and technical occupations,113,10,103
E01034616,4. Administrative and secretarial occupations,57,19,38
E01034616,5. Skilled trades occupations,63,21,42
E01034616,"6. Caring, leisure and other service occupations",56,20,36
E01034616,7. Sales and customer service occupations,52,24,28
E01034616,"8. Process, plant and machine operatives",48,25,23
E01034616,9. Elementary occupations,88,46,42
E01034617,"1. Managers, directors and senior officials",113,70,43
E01034617,2. Professional occupations,215,101,114
E01034617,3. Associate professional and technical occupations,121,36,85
E01034617,4. Administrative and secretarial occupations,95,88,7
E01034617,5. Skilled trades occupations,73,72,1
E01034617,"6. Caring, leisure and other service occupations",108,74,34
E01034617,7. Sales and customer service occupations,108,92,16
E01034617,"8. Process, plant and machine operatives",103,79,24
E01034617,9. Elementary occupations,194,153,41
E01035484,"1. Managers, directors and senior officials",104,64,40
E01035484,2. Professional occupations,229,146,83
E01035484,3. Associate professional and technical occupations,124,51,73
E01035484,4. Administrative and secretarial occupations,56,63,-7
E01035484,5. Skilled trades occupations,42,57,-15
E01035484,"6. Caring, leisure and other service occupations",66,58,8
E01035484,7. Sales and customer service occupations,35,60,-25
E01035484,"8. Process, plant and machine operatives",17,19,-2
E01035484,9. Elementary occupations,73,56,17
E01035485,"1. Managers, directors and senior officials",85,26,59
E01035485,2. Professional occupations,231,151,80
E01035485,3. Associate professional and technical occupations,76,39,37
E01035485,4. Administrative and secretarial occupations,37,57,-20
E01035485,5. Skilled trades occupations,40,33,7
E01035485,"6. Caring, leisure and other service occupations",40,33,7
E01035485,7. Sales and customer service occupations,39,52,-13
E01035485,"8. Process, plant and machine operatives",21,12,9
E01035485,9. Elementary occupations,41,75,-34
E01035486,"1. Managers, directors and senior officials",257,88,169
E01035486,2. Professional occupations,297,81,216
E01035486,3. Associate professional and technical occupations,171,22,149
E01035486,4. Administrative and secretarial occupations,58,28,30
E01035486,5. Skilled trades occupations,31,16,15
E01035486,"6. Caring, leisure and other service occupations",42,37,5
E01035486,7. Sales and customer service occupations,39,27,12
E01035486,"8. Process, plant and machine operatives",23,11,12
E01035486,9. Elementary occupations,28,8,20
E01035487,"1. Managers, directors and senior officials",152,89,63
E01035487,2. Professional occupations,217,139,78
E01035487,3. Associate professional and technical occupations,174,36,138
E01035487,4. Administrative and secretarial occupations,58,56,2
E01035487,5. Skilled trades occupations,29,38,-9
E01035487,"6. Caring, leisure and other service occupations",69,63,6
E01035487,7. Sales and customer service occupations,42,48,-6
E01035487,"8. Process, plant and machine operatives",24,25,-1
E01035487,9. Elementary occupations,60,54,6
E01035488,"1. Managers, directors and senior officials",257,164,93
E01035488,2. Professional occupations,333,230,103
E01035488,3. Associate professional and technical occupations,268,47,221
E01035488,4. Administrative and secretarial occupations,67,57,10
E01035488,5. Skilled trades occupations,31,15,16
E01035488,"6. Caring, leisure and other service occupations",30,25,5
E01035488,7. Sales and customer service occupations,32,15,17
E01035488,"8. Process, plant and machine operatives",15,3,12
E01035488,9. Elementary occupations,25,9,16
E01035489,"1. Managers, directors and senior officials",220,50,170
E01035489,2. Professional occupations,328,53,275
E01035489,3. Associate professional and technical occupations,186,11,175
E01035489,4. Administrative and secretarial occupations,52,8,44
E01035489,5. Skilled trades occupations,25,2,23
E01035489,"6. Caring, leisure and other service occupations",31,5,26
E01035489,7. Sales and customer service occupations,36,3,33
E01035489,"8. Process, plant and machine operatives",20,1,19
E01035489,9. Elementary occupations,16,3,13
E01035490,"1. Managers, directors and senior officials",291,241,50
E01035490,2. Professional occupations,336,263,73
E01035490,3. Associate professional and technical occupations,204,46,158
E01035490,4. Administrative and secretarial occupations,57,49,8
E01035490,5. Skilled trades occupations,25,9,16
E01035490,"6. Caring, leisure and other service occupations",31,13,18
E01035490,7. Sales and customer service occupations,62,12,50
E01035490,"8. Process, plant and machine operatives",17,3,14
E01035490,9. Elementary occupations,12,13,-1
E01035491,"1. Managers, directors and senior officials",208,197,11
E01035491,2. Professional occupations,357,301,56
E01035491,3. Associate professional and technical occupations,219,76,143
E01035491,4. Administrative and secretarial occupations,58,91,-33
E01035491,5. Skilled trades occupations,22,25,-3
E01035491,"6. Caring, leisure and other service occupations",28,33,-5
E01035491,7. Sales and customer service occupations,27,44,-17
E01035491,"8. Process, plant and machine operatives",15,10,5
E01035491,9. Elementary occupations,18,11,7
E01035492,"1. Managers, directors and senior officials",291,33,258
E01035492,2. Professional occupations,477,87,390
E01035492,3. Associate professional and technical occupations,268,28,240
E01035492,4. Administrative and secretarial occupations,65,17,48
E01035492,5. Skilled trades occupations,18,1,17
E01035492,"6. Caring, leisure and other service occupations",39,14,25
E01035492,7. Sales and customer service occupations,34,4,30
E01035492,"8. Process, plant and machine operatives",23,3,20
E01035492,9. Elementary occupations,23,5,18
E01035493,"1. Managers, directors and senior officials",203,69,134
E01035493,2. Professional occupations,383,177,206
E01035493,3. Associate professional and technical occupations,240,35,205
E01035493,4. Administrative and secretarial occupations,79,73,6
E01035493,5. Skilled trades occupations,42,41,1
E01035493,"6. Caring, leisure and other service occupations",54,35,19
E01035493,7. Sales and customer service occupations,31,21,10
E01035493,"8. Process, plant and machine operatives",22,12,10
E01035493,9. Elementary occupations,38,39,-1
E01035494,"1. Managers, directors and senior officials",270,60,210
E01035494,2. Professional occupations,544,178,366
E01035494,3. Associate professional and technical occupations,328,44,284
E01035494,4. Administrative and secretarial occupations,87,59,28
E01035494,5. Skilled trades occupations,42,15,27
E01035494,"6. Caring, leisure and other service occupations",48,28,20
E01035494,7. Sales and customer service occupations,48,24,24
E01035494,"8. Process, plant and machine operatives",19,11,8
E01035494,9. Elementary occupations,44,22,22
E01035495,"1. Managers, directors and senior officials",80,26,54
E01035495,2. Professional occupations,50,62,-12
E01035495,3. Associate professional and technical occupations,71,30,41
E01035495,4. Administrative and secretarial occupations,54,50,4
E01035495,5. Skilled trades occupations,34,37,-3
E01035495,"6. Caring, leisure and other service occupations",81,82,-1
E01035495,7. Sales and customer service occupations,58,64,-6
E01035495,"8. Process, plant and machine operatives",42,38,4
E01035495,9. Elementary occupations,92,72,20
E01035496,"1. Managers, directors and senior officials",238,50,188
E01035496,2. Professional occupations,218,71,147
E01035496,3. Associate professional and technical occupations,147,20,127
E01035496,4. Administrative and secretarial occupations,44,22,22
E01035496,5. Skilled trades occupations,16,12,4
E01035496,"6. Caring, leisure and other service occupations",15,8,7
E01035496,7. Sales and customer service occupations,14,14,0
E01035496,"8. Process, plant and machine operatives",8,2,6
E01035496,9. Elementary occupations,15,12,3
E01035497,"1. Managers, directors and senior officials",119,0,119
E01035497,2. Professional occupations,256,0,256
E01035497,3. Associate professional and technical occupations,138,0,138
E01035497,4. Administrative and secretarial occupations,63,0,63
E01035497,5. Skilled trades occupations,50,0,50
E01035497,"6. Caring, leisure and other service occupations",74,0,74
E01035497,7. Sales and customer service occupations,31,0,31
E01035497,"8. Process, plant and machine operatives",21,0,21
E01035497,9. Elementary occupations,62,0,62
E01035498,"1. Managers, directors and senior officials",213,0,213
E01035498,2. Professional occupations,300,0,300
E01035498,3. Associate professional and technical occupations,184,0,184
E01035498,4. Administrative and secretarial occupations,58,0,58
E01035498,5. Skilled trades occupations,4,0,4
E01035498,"6. Caring, leisure and other service occupations",24,0,24
E01035498,7. Sales and customer service occupations,28,0,28
E01035498,"8. Process, plant and machine operatives",14,0,14
E01035498,9. Elementary occupations,22,0,22
E01035499,"1. Managers, directors and senior officials",70,32,38
E01035499,2. Professional occupations,143,65,78
E01035499,3. Associate professional and technical occupations,104,28,76
E01035499,4. Administrative and secretarial occupations,57,85,-28
E01035499,5. Skilled trades occupations,40,53,-13
E01035499,"6. Caring, leisure and other service occupations",83,67,16
E01035499,7. Sales and customer service occupations,59,60,-1
E01035499,"8. Process, plant and machine operatives",57,42,15
E01035499,9. Elementary occupations,110,159,-49
E01035638,"1. Managers, directors and senior officials",164,23,141
E01035638,2. Professional occupations,402,28,374
E01035638,3. Associate professional and technical occupations,210,21,189
E01035638,4. Administrative and secretarial occupations,52,44,8
E01035638,5. Skilled trades occupations,48,39,9
E01035638,"6. Caring, leisure and other service occupations",40,32,8
E01035638,7. Sales and customer service occupations,37,37,0
E01035638,"8. Process, plant and machine operatives",10,25,-15
E01035638,9. Elementary occupations,73,75,-2
E01035639,"1. Managers, directors and senior officials",145,25,120
E01035639,2. Professional occupations,327,52,275
E01035639,3. Associate professional and technical occupations,193,11,182
E01035639,4. Administrative and secretarial occupations,48,36,12
E01035639,5. Skilled trades occupations,39,31,8
E01035639,"6. Caring, leisure and other service occupations",63,21,42
E01035639,7. Sales and customer service occupations,42,27,15
E01035639,"8. Process, plant and machine operatives",32,22,10
E01035639,9. Elementary occupations,59,57,2
E01035640,"1. Managers, directors and senior officials",107,102,5
E01035640,2. Professional occupations,256,224,32
E01035640,3. Associate professional and technical occupations,207,87,120
E01035640,4. Administrative and secretarial occupations,45,72,-27
E01035640,5. Skilled trades occupations,44,42,2
E01035640,"6. Caring, leisure and other service occupations",52,53,-1
E01035640,7. Sales and customer service occupations,35,58,-23
E01035640,"8. Process, plant and machine operatives",18,21,-3
E01035640,9. Elementary occupations,48,65,-17
E01035641,"1. Managers, directors and senior officials",128,47,81
E01035641,2. Professional occupations,321,129,192
E01035641,3. Associate professional and technical occupations,222,43,179
E01035641,4. Administrative and secretarial occupations,53,26,27
E01035641,5. Skilled trades occupations,39,24,15
E01035641,"6. Caring, leisure and other service occupations",59,23,36
E01035641,7. Sales and customer service occupations,37,25,12
E01035641,"8. Process, plant and machine operatives",15,6,9
E01035641,9. Elementary occupations,53,38,15
E01035642,"1. Managers, directors and senior officials",243,86,157
E01035642,2. Professional occupations,421,186,235
E01035642,3. Associate professional and technical occupations,249,46,203
E01035642,4. Administrative and secretarial occupations,50,51,-1
E01035642,5. Skilled trades occupations,41,30,11
E01035642,"6. Caring, leisure and other service occupations",39,27,12
E01035642,7. Sales and customer service occupations,66,31,35
E01035642,"8. Process, plant and machine operatives",23,15,8
E01035642,9. Elementary occupations,43,42,1
E01035643,"1. Managers, directors and senior officials",151,103,48
E01035643,2. Professional occupations,343,266,77
E01035643,3. Associate professional and technical occupations,216,64,152
E01035643,4. Administrative and secretarial occupations,53,71,-18
E01035643,5. Skilled trades occupations,43,37,6
E01035643,"6. Caring, leisure and other service occupations",48,60,-12
E01035643,7. Sales and customer service occupations,44,54,-10
E01035643,"8. Process, plant and machine operatives",37,17,20
E01035643,9. Elementary occupations,54,83,-29
E01035644,"1. Managers, directors and senior officials",152,72,80
E01035644,2. Professional occupations,384,200,184
E01035644,3. Associate professional and technical occupations,192,40,152
E01035644,4. Administrative and secretarial occupations,33,33,0
E01035644,5. Skilled trades occupations,26,18,8
E01035644,"6. Caring, leisure and other service occupations",18,8,10
E01035644,7. Sales and customer service occupations,30,17,13
E01035644,"8. Process, plant and machine operatives",17,4,13
E01035644,9. Elementary occupations,13,19,-6
E01035645,"1. Managers, directors and senior officials",79,48,31
E01035645,2. Professional occupations,183,104,79
E01035645,3. Associate professional and technical occupations,157,57,100
E01035645,4. Administrative and secretarial occupations,45,61,-16
E01035645,5. Skilled trades occupations,30,50,-20
E01035645,"6. Caring, leisure and other service occupations",60,46,14
E01035645,7. Sales and customer service occupations,35,52,-17
E01035645,"8. Process, plant and machine operatives",46,28,18
E01035645,9. Elementary occupations,66,90,-24
E01035646,"1. Managers, directors and senior officials",126,94,32
E01035646,2. Professional occupations,291,204,87
E01035646,3. Associate professional and technical occupations,178,45,133
E01035646,4. Administrative and secretarial occupations,59,66,-7
E01035646,5. Skilled trades occupations,37,40,-3
E01035646,"6. Caring, leisure and other service occupations",65,63,2
E01035646,7. Sales and customer service occupations,39,59,-20
E01035646,"8. Process, plant and machine operatives",22,23,-1
E01035646,9. Elementary occupations,74,90,-16
E01035647,"1. Managers, directors and senior officials",197,106,91
E01035647,2. Professional occupations,369,166,203
E01035647,3. Associate professional and technical occupations,209,31,178
E01035647,4. Administrative and secretarial occupations,33,32,1
E01035647,5. Skilled trades occupations,4,13,-9
E01035647,"6. Caring, leisure and other service occupations",9,8,1
E01035647,7. Sales and customer service occupations,18,17,1
E01035647,"8. Process, plant and machine operatives",3,4,-1
E01035647,9. Elementary occupations,7,19,-12
E01035648,"1. Managers, directors and senior officials",80,73,7
E01035648,2. Professional occupations,225,199,26
E01035648,3. Associate professional and technical occupations,118,50,68
E01035648,4. Administrative and secretarial occupations,55,87,-32
E01035648,5. Skilled trades occupations,37,40,-3
E01035648,"6. Caring, leisure and other service occupations",67,58,9
E01035648,7. Sales and customer service occupations,55,60,-5
E01035648,"8. Process, plant and machine operatives",31,23,8
E01035648,9. Elementary occupations,82,76,6
E01035649,"1. Managers, directors and senior officials",153,75,78
E01035649,2. Professional occupations,325,121,204
E01035649,3. Associate professional and technical occupations,196,19,177
E01035649,4. Administrative and secretarial occupations,55,27,28
E01035649,5. Skilled trades occupations,14,24,-10
E01035649,"6. Caring, leisure and other service occupations",33,21,12
E01035649,7. Sales and customer service occupations,37,15,22
E01035649,"8. Process, plant and machine operatives",17,10,7
E01035649,9. Elementary occupations,32,26,6
E01035650,"1. Managers, directors and senior officials",161,112,49
E01035650,2. Professional occupations,293,257,36
E01035650,3. Associate professional and technical occupations,212,141,71
E01035650,4. Administrative and secretarial occupations,84,118,-34
E01035650,5. Skilled trades occupations,38,69,-31
E01035650,"6. Caring, leisure and other service occupations",75,92,-17
E01035650,7. Sales and customer service occupations,52,91,-39
E01035650,"8. Process, plant and machine operatives",37,39,-2
E01035650,9. Elementary occupations,69,123,-54
E01035651,"1. Managers, directors and senior officials",132,51,81
E01035651,2. Professional occupations,303,189,114
E01035651,3. Associate professional and technical occupations,210,54,156
E01035651,4. Administrative and secretarial occupations,54,51,3
E01035651,5. Skilled trades occupations,51,35,16
E01035651,"6. Caring, leisure and other service occupations",46,36,10
E01035651,7. Sales and customer service occupations,33,40,-7
E01035651,"8. Process, plant and machine operatives",24,15,9
E01035651,9. Elementary occupations,62,72,-10
E01035652,"1. Managers, directors and senior officials",115,72,43
E01035652,2. Professional occupations,296,131,165
E01035652,3. Associate professional and technical occupations,196,51,145
E01035652,4. Administrative and secretarial occupations,57,43,14
E01035652,5. Skilled trades occupations,46,29,17
E01035652,"6. Caring, leisure and other service occupations",32,30,2
E01035652,7. Sales and customer service occupations,37,42,-5
E01035652,"8. Process, plant and machine operatives",10,8,2
E01035652,9. Elementary occupations,58,67,-9
E01035653,"1. Managers, directors and senior officials",183,86,97
E01035653,2. Professional occupations,550,412,138
E01035653,3. Associate professional and technical occupations,218,79,139
E01035653,4. Administrative and secretarial occupations,52,59,-7
E01035653,5. Skilled trades occupations,15,21,-6
E01035653,"6. Caring, leisure and other service occupations",14,35,-21
E01035653,7. Sales and customer service occupations,20,21,-1
E01035653,"8. Process, plant and machine operatives",9,10,-1
E01035653,9. Elementary occupations,17,13,4
E01035654,"1. Managers, directors and senior officials",98,17,81
E01035654,2. Professional occupations,208,53,155
E01035654,3. Associate professional and technical occupations,135,11,124
E01035654,4. Administrative and secretarial occupations,33,10,23
E01035654,5. Skilled trades occupations,20,3,17
E01035654,"6. Caring, leisure and other service occupations",35,4,31
E01035654,7. Sales and customer service occupations,29,11,18
E01035654,"8. Process, plant and machine operatives",17,2,15
E01035654,9. Elementary occupations,27,7,20
E01035655,"1. Managers, directors and senior officials",133,133,0
E01035655,2. Professional occupations,332,271,61
E01035655,3. Associate professional and technical occupations,203,55,148
E01035655,4. Administrative and secretarial occupations,45,64,-19
E01035655,5. Skilled trades occupations,34,30,4
E01035655,"6. Caring, leisure and other service occupations",40,38,2
E01035655,7. Sales and customer service occupations,32,34,-2
E01035655,"8. Process, plant and machine operatives",29,16,13
E01035655,9. Elementary occupations,40,60,-20
E01035656,"1. Managers, directors and senior officials",188,41,147
E01035656,2. Professional occupations,339,76,263
E01035656,3. Associate professional and technical occupations,162,11,151
E01035656,4. Administrative and secretarial occupations,45,21,24
E01035656,5. Skilled trades occupations,33,11,22
E01035656,"6. Caring, leisure and other service occupations",23,9,14
E01035656,7. Sales and customer service occupations,37,15,22
E01035656,"8. Process, plant and machine operatives",11,3,8
E01035656,9. Elementary occupations,20,11,9
E01035657,"1. Managers, directors and senior officials",193,30,163
E01035657,2. Professional occupations,325,81,244
E01035657,3. Associate professional and technical occupations,213,26,187
E01035657,4. Administrative and secretarial occupations,36,30,6
E01035657,5. Skilled trades occupations,16,14,2
E01035657,"6. Caring, leisure and other service occupations",26,12,14
E01035657,7. Sales and customer service occupations,14,9,5
E01035657,"8. Process, plant and machine operatives",5,9,-4
E01035657,9. Elementary occupations,15,11,4
E01035658,"1. Managers, directors and senior officials",191,0,191
E01035658,2. Professional occupations,335,0,335
E01035658,3. Associate professional and technical occupations,198,0,198
E01035658,4. Administrative and secretarial occupations,48,0,48
E01035658,5. Skilled trades occupations,17,0,17
E01035658,"6. Caring, leisure and other service occupations",29,0,29
E01035658,7. Sales and customer service occupations,14,0,14
E01035658,"8. Process, plant and machine operatives",18,0,18
E01035658,9. Elementary occupations,13,0,13
E01035659,"1. Managers, directors and senior officials",97,49,48
E01035659,2. Professional occupations,204,125,79
E01035659,3. Associate professional and technical occupations,135,44,91
E01035659,4. Administrative and secretarial occupations,64,73,-9
E01035659,5. Skilled trades occupations,37,49,-12
E01035659,"6. Caring, leisure and other service occupations",53,51,2
E01035659,7. Sales and customer service occupations,56,64,-8
E01035659,"8. Process, plant and machine operatives",50,34,16
E01035659,9. Elementary occupations,71,98,-27
E01035660,"1. Managers, directors and senior officials",94,59,35
E01035660,2. Professional occupations,226,133,93
E01035660,3. Associate professional and technical occupations,211,45,166
E01035660,4. Administrative and secretarial occupations,37,46,-9
E01035660,5. Skilled trades occupations,29,34,-5
E01035660,"6. Caring, leisure and other service occupations",45,47,-2
E01035660,7. Sales and customer service occupations,49,76,-27
E01035660,"8. Process, plant and machine operatives",41,31,10
E01035660,9. Elementary occupations,51,66,-15
E01035661,"1. Managers, directors and senior officials",88,55,33
E01035661,2. Professional occupations,213,158,55
E01035661,3. Associate professional and technical occupations,137,49,88
E01035661,4. Administrative and secretarial occupations,43,50,-7
E01035661,5. Skilled trades occupations,34,30,4
E01035661,"6. Caring, leisure and other service occupations",49,43,6
E01035661,7. Sales and customer service occupations,51,37,14
E01035661,"8. Process, plant and machine operatives",29,14,15
E01035661,9. Elementary occupations,45,45,0
E01035662,"1. Managers, directors and senior officials",178,117,61
E01035662,2. Professional occupations,375,310,65
E01035662,3. Associate professional and technical occupations,245,84,161
E01035662,4. Administrative and secretarial occupations,34,83,-49
E01035662,5. Skilled trades occupations,32,24,8
E01035662,"6. Caring, leisure and other service occupations",27,34,-7
E01035662,7. Sales and customer service occupations,39,29,10
E01035662,"8. Process, plant and machine operatives",4,14,-10
E01035662,9. Elementary occupations,18,20,-2
E01035663,"1. Managers, directors and senior officials",103,65,38
E01035663,2. Professional occupations,250,227,23
E01035663,3. Associate professional and technical occupations,160,70,90
E01035663,4. Administrative and secretarial occupations,57,72,-15
E01035663,5. Skilled trades occupations,29,28,1
E01035663,"6. Caring, leisure and other service occupations",42,33,9
E01035663,7. Sales and customer service occupations,30,37,-7
E01035663,"8. Process, plant and machine operatives",24,8,16
E01035663,9. Elementary occupations,53,46,7
E01035664,"1. Managers, directors and senior officials",195,149,46
E01035664,2. Professional occupations,429,327,102
E01035664,3. Associate professional and technical occupations,292,98,194
E01035664,4. Administrative and secretarial occupations,64,96,-32
E01035664,5. Skilled trades occupations,59,82,-23
E01035664,"6. Caring, leisure and other service occupations",60,64,-4
E01035664,7. Sales and customer service occupations,69,83,-14
E01035664,"8. Process, plant and machine operatives",47,40,7
E01035664,9. Elementary occupations,90,102,-12
E01035665,"1. Managers, directors and senior officials",137,8,129
E01035665,2. Professional occupations,401,39,362
E01035665,3. Associate professional and technical occupations,184,13,171
E01035665,4. Administrative and secretarial occupations,53,27,26
E01035665,5. Skilled trades occupations,28,13,15
E01035665,"6. Caring, leisure and other service occupations",37,7,30
E01035665,7. Sales and customer service occupations,57,7,50
E01035665,"8. Process, plant and machine operatives",26,8,18
E01035665,9. Elementary occupations,36,12,24
E01035666,"1. Managers, directors and senior officials",87,29,58
E01035666,2. Professional occupations,303,52,251
E01035666,3. Associate professional and technical occupations,165,17,148
E01035666,4. Administrative and secretarial occupations,65,25,40
E01035666,5. Skilled trades occupations,48,15,33
E01035666,"6. Caring, leisure and other service occupations",79,25,54
E01035666,7. Sales and customer service occupations,85,37,48
E01035666,"8. Process, plant and machine operatives",62,10,52
E01035666,9. Elementary occupations,125,49,76
E01035667,"1. Managers, directors and senior officials",75,61,14
E01035667,2. Professional occupations,230,128,102
E01035667,3. Associate professional and technical occupations,126,50,76
E01035667,4. Administrative and secretarial occupations,72,95,-23
E01035667,5. Skilled trades occupations,47,51,-4
E01035667,"6. Caring, leisure and other service occupations",64,61,3
E01035667,7. Sales and customer service occupations,82,74,8
E01035667,"8. Process, plant and machine operatives",55,31,24
E01035667,9. Elementary occupations,90,99,-9
E01035668,"1. Managers, directors and senior officials",211,127,84
E01035668,2. Professional occupations,443,360,83
E01035668,3. Associate professional and technical occupations,246,97,149
E01035668,4. Administrative and secretarial occupations,78,84,-6
E01035668,5. Skilled trades occupations,33,41,-8
E01035668,"6. Caring, leisure and other service occupations",43,31,12
E01035668,7. Sales and customer service occupations,55,53,2
E01035668,"8. Process, plant and machine operatives",37,26,11
E01035668,9. Elementary occupations,46,57,-11
E01035669,"1. Managers, directors and senior officials",132,96,36
E01035669,2. Professional occupations,325,153,172
E01035669,3. Associate professional and technical occupations,200,40,160
E01035669,4. Administrative and secretarial occupations,46,48,-2
E01035669,5. Skilled trades occupations,24,20,4
E01035669,"6. Caring, leisure and other service occupations",28,13,15
E01035669,7. Sales and customer service occupations,52,32,20
E01035669,"8. Process, plant and machine operatives",21,4,17
E01035669,9. Elementary occupations,48,26,22
E01035670,"1. Managers, directors and senior officials",90,62,28
E01035670,2. Professional occupations,267,186,81
E01035670,3. Associate professional and technical occupations,175,61,114
E01035670,4. Administrative and secretarial occupations,129,101,28
E01035670,5. Skilled trades occupations,75,80,-5
E01035670,"6. Caring, leisure and other service occupations",117,118,-1
E01035670,7. Sales and customer service occupations,202,199,3
E01035670,"8. Process, plant and machine operatives",69,51,18
E01035670,9. Elementary occupations,137,262,-125
E01035671,"1. Managers, directors and senior officials",168,0,168
E01035671,2. Professional occupations,478,0,478
E01035671,3. Associate professional and technical occupations,242,0,242
E01035671,4. Administrative and secretarial occupations,82,0,82
E01035671,5. Skilled trades occupations,47,0,47
E01035671,"6. Caring, leisure and other service occupations",60,0,60
E01035671,7. Sales and customer service occupations,63,0,63
E01035671,"8. Process, plant and machine operatives",27,0,27
E01035671,9. Elementary occupations,59,0,59
E01035672,"1. Managers, directors and senior officials",108,60,48
E01035672,2. Professional occupations,269,189,80
E01035672,3. Associate professional and technical occupations,199,76,123
E01035672,4. Administrative and secretarial occupations,93,98,-5
E01035672,5. Skilled trades occupations,71,88,-17
E01035672,"6. Caring, leisure and other service occupations",102,67,35
E01035672,7. Sales and customer service occupations,115,75,40
E01035672,"8. Process, plant and machine operatives",94,54,40
E01035672,9. Elementary occupations,134,126,8
E01035673,"1. Managers, directors and senior officials",75,0,75
E01035673,2. Professional occupations,186,0,186
E01035673,3. Associate professional and technical occupations,121,0,121
E01035673,4. Administrative and secretarial occupations,42,0,42
E01035673,5. Skilled trades occupations,39,0,39
E01035673,"6. Caring, leisure and other service occupations",42,0,42
E01035673,7. Sales and customer service occupations,28,0,28
E01035673,"8. Process, plant and machine operatives",22,0,22
E01035673,9. Elementary occupations,49,0,49
E01035674,"1. Managers, directors and senior officials",96,30,66
E01035674,2. Professional occupations,250,75,175
E01035674,3. Associate professional and technical occupations,129,20,109
E01035674,4. Administrative and secretarial occupations,59,27,32
E01035674,5. Skilled trades occupations,34,22,12
E01035674,"6. Caring, leisure and other service occupations",30,29,1
E01035674,7. Sales and customer service occupations,49,26,23
E01035674,"8. Process, plant and machine operatives",28,17,11
E01035674,9. Elementary occupations,38,28,10
E01035675,"1. Managers, directors and senior officials",92,19,73
E01035675,2. Professional occupations,200,85,115
E01035675,3. Associate professional and technical occupations,124,20,104
E01035675,4. Administrative and secretarial occupations,49,46,3
E01035675,5. Skilled trades occupations,70,44,26
E01035675,"6. Caring, leisure and other service occupations",62,45,17
E01035675,7. Sales and customer service occupations,62,65,-3
E01035675,"8. Process, plant and machine operatives",35,22,13
E01035675,9. Elementary occupations,84,102,-18
E01035676,"1. Managers, directors and senior officials",54,19,35
E01035676,2. Professional occupations,142,62,80
E01035676,3. Associate professional and technical occupations,79,21,58
E01035676,4. Administrative and secretarial occupations,52,37,15
E01035676,5. Skilled trades occupations,41,33,8
E01035676,"6. Caring, leisure and other service occupations",56,44,12
E01035676,7. Sales and customer service occupations,50,68,-18
E01035676,"8. Process, plant and machine operatives",42,31,11
E01035676,9. Elementary occupations,62,56,6
E01035677,"1. Managers, directors and senior officials",98,15,83
E01035677,2. Professional occupations,266,36,230
E01035677,3. Associate professional and technical occupations,141,12,129
E01035677,4. Administrative and secretarial occupations,45,16,29
E01035677,5. Skilled trades occupations,30,16,14
E01035677,"6. Caring, leisure and other service occupations",50,17,33
E01035677,7. Sales and customer service occupations,46,27,19
E01035677,"8. Process, plant and machine operatives",34,15,19
E01035677,9. Elementary occupations,53,37,16
E01035678,"1. Managers, directors and senior officials",140,52,88
E01035678,2. Professional occupations,287,79,208
E01035678,3. Associate professional and technical occupations,212,29,183
E01035678,4. Administrative and secretarial occupations,87,31,56
E01035678,5. Skilled trades occupations,72,24,48
E01035678,"6. Caring, leisure and other service occupations",49,20,29
E01035678,7. Sales and customer service occupations,57,27,30
E01035678,"8. Process, plant and machine operatives",40,15,25
E01035678,9. Elementary occupations,51,40,11
E01035679,"1. Managers, directors and senior officials",118,44,74
E01035679,2. Professional occupations,229,102,127
E01035679,3. Associate professional and technical occupations,143,40,103
E01035679,4. Administrative and secretarial occupations,50,66,-16
E01035679,5. Skilled trades occupations,44,42,2
E01035679,"6. Caring, leisure and other service occupations",47,39,8
E01035679,7. Sales and customer service occupations,46,44,2
E01035679,"8. Process, plant and machine operatives",38,24,14
E01035679,9. Elementary occupations,76,81,-5
E01035680,"1. Managers, directors and senior officials",123,64,59
E01035680,2. Professional occupations,426,273,153
E01035680,3. Associate professional and technical occupations,184,61,123
E01035680,4. Administrative and secretarial occupations,70,75,-5
E01035680,5. Skilled trades occupations,34,34,0
E01035680,"6. Caring, leisure and other service occupations",45,40,5
E01035680,7. Sales and customer service occupations,57,39,18
E01035680,"8. Process, plant and machine operatives",29,15,14
E01035680,9. Elementary occupations,56,38,18
E01035681,"1. Managers, directors and senior officials",63,23,40
E01035681,2. Professional occupations,187,73,114
E01035681,3. Associate professional and technical occupations,116,28,88
E01035681,4. Administrative and secretarial occupations,70,45,25
E01035681,5. Skilled trades occupations,51,31,20
E01035681,"6. Caring, leisure and other service occupations",63,24,39
E01035681,7. Sales and customer service occupations,82,35,47
E01035681,"8. Process, plant and machine operatives",55,16,39
E01035681,9. Elementary occupations,81,19,62
E01035682,"1. Managers, directors and senior officials",57,15,42
E01035682,2. Professional occupations,193,38,155
E01035682,3. Associate professional and technical occupations,119,8,111
E01035682,4. Administrative and secretarial occupations,36,29,7
E01035682,5. Skilled trades occupations,35,19,16
E01035682,"6. Caring, leisure and other service occupations",43,27,16
E01035682,7. Sales and customer service occupations,49,36,13
E01035682,"8. Process, plant and machine operatives",28,18,10
E01035682,9. Elementary occupations,55,34,21
E01035683,"1. Managers, directors and senior officials",65,31,34
E01035683,2. Professional occupations,145,56,89
E01035683,3. Associate professional and technical occupations,102,38,64
E01035683,4. Administrative and secretarial occupations,58,58,0
E01035683,5. Skilled trades occupations,32,47,-15
E01035683,"6. Caring, leisure and other service occupations",41,37,4
E01035683,7. Sales and customer service occupations,62,52,10
E01035683,"8. Process, plant and machine operatives",50,40,10
E01035683,9. Elementary occupations,47,67,-20
E01035684,"1. Managers, directors and senior officials",87,17,70
E01035684,2. Professional occupations,178,70,108
E01035684,3. Associate professional and technical occupations,115,24,91
E01035684,4. Administrative and secretarial occupations,63,63,0
E01035684,5. Skilled trades occupations,39,36,3
E01035684,"6. Caring, leisure and other service occupations",51,37,14
E01035684,7. Sales and customer service occupations,55,44,11
E01035684,"8. Process, plant and machine operatives",49,23,26
E01035684,9. Elementary occupations,66,50,16
E01035685,"1. Managers, directors and senior officials",36,24,12
E01035685,2. Professional occupations,65,54,11
E01035685,3. Associate professional and technical occupations,67,28,39
E01035685,4. Administrative and secretarial occupations,47,53,-6
E01035685,5. Skilled trades occupations,42,41,1
E01035685,"6. Caring, leisure and other service occupations",48,40,8
E01035685,7. Sales and customer service occupations,58,57,1
E01035685,"8. Process, plant and machine operatives",51,41,10
E01035685,9. Elementary occupations,55,62,-7
E01035686,"1. Managers, directors and senior officials",74,113,-39
E01035686,2. Professional occupations,283,271,12
E01035686,3. Associate professional and technical occupations,144,51,93
E01035686,4. Administrative and secretarial occupations,40,73,-33
E01035686,5. Skilled trades occupations,54,38,16
E01035686,"6. Caring, leisure and other service occupations",49,37,12
E01035686,7. Sales and customer service occupations,41,71,-30
E01035686,"8. Process, plant and machine operatives",24,18,6
E01035686,9. Elementary occupations,68,56,12
E01035687,"1. Managers, directors and senior officials",108,75,33
E01035687,2. Professional occupations,326,216,110
E01035687,3. Associate professional and technical occupations,181,31,150
E01035687,4. Administrative and secretarial occupations,48,49,-1
E01035687,5. Skilled trades occupations,34,6,28
E01035687,"6. Caring, leisure and other service occupations",35,15,20
E01035687,7. Sales and customer service occupations,46,24,22
E01035687,"8. Process, plant and machine operatives",21,7,14
E01035687,9. Elementary occupations,47,32,15
E01035688,"1. Managers, directors and senior officials",112,0,112
E01035688,2. Professional occupations,343,0,343
E01035688,3. Associate professional and technical occupations,158,0,158
E01035688,4. Administrative and secretarial occupations,46,0,46
E01035688,5. Skilled trades occupations,17,0,17
E01035688,"6. Caring, leisure and other service occupations",19,0,19
E01035688,7. Sales and customer service occupations,35,0,35
E01035688,"8. Process, plant and machine operatives",11,0,11
E01035688,9. Elementary occupations,12,0,12
E01035689,"1. Managers, directors and senior officials",121,101,20
E01035689,2. Professional occupations,370,257,113
E01035689,3. Associate professional and technical occupations,158,56,102
E01035689,4. Administrative and secretarial occupations,55,70,-15
E01035689,5. Skilled trades occupations,34,23,11
E01035689,"6. Caring, leisure and other service occupations",39,21,18
E01035689,7. Sales and customer service occupations,42,47,-5
E01035689,"8. Process, plant and machine operatives",18,17,1
E01035689,9. Elementary occupations,37,39,-2
E01035690,"1. Managers, directors and senior officials",162,91,71
E01035690,2. Professional occupations,504,239,265
E01035690,3. Associate professional and technical occupations,222,35,187
E01035690,4. Administrative and secretarial occupations,101,48,53
E01035690,5. Skilled trades occupations,59,15,44
E01035690,"6. Caring, leisure and other service occupations",54,14,40
E01035690,7. Sales and customer service occupations,62,19,43
E01035690,"8. Process, plant and machine operatives",44,5,39
E01035690,9. Elementary occupations,69,29,40
E01035691,"1. Managers, directors and senior officials",204,180,24
E01035691,2. Professional occupations,446,352,94
E01035691,3. Associate professional and technical occupations,273,51,222
E01035691,4. Administrative and secretarial occupations,70,75,-5
E01035691,5. Skilled trades occupations,51,24,27
E01035691,"6. Caring, leisure and other service occupations",63,20,43
E01035691,7. Sales and customer service occupations,41,28,13
E01035691,"8. Process, plant and machine operatives",12,6,6
E01035691,9. Elementary occupations,140,19,121
E01035692,"1. Managers, directors and senior officials",112,45,67
E01035692,2. Professional occupations,266,134,132
E01035692,3. Associate professional and technical occupations,147,42,105
E01035692,4. Administrative and secretarial occupations,52,57,-5
E01035692,5. Skilled trades occupations,34,37,-3
E01035692,"6. Caring, leisure and other service occupations",33,30,3
E01035692,7. Sales and customer service occupations,33,30,3
E01035692,"8. Process, plant and machine operatives",39,22,17
E01035692,9. Elementary occupations,47,44,3
E01035693,"1. Managers, directors and senior officials",119,19,100
E01035693,2. Professional occupations,267,45,222
E01035693,3. Associate professional and technical occupations,144,18,126
E01035693,4. Administrative and secretarial occupations,70,26,44
E01035693,5. Skilled trades occupations,50,36,14
E01035693,"6. Caring, leisure and other service occupations",45,23,22
E01035693,7. Sales and customer service occupations,50,23,27
E01035693,"8. Process, plant and machine operatives",41,21,20
E01035693,9. Elementary occupations,59,41,18
E01035694,"1. Managers, directors and senior officials",103,57,46
E01035694,2. Professional occupations,272,165,107
E01035694,3. Associate professional and technical occupations,159,47,112
E01035694,4. Administrative and secretarial occupations,69,67,2
E01035694,5. Skilled trades occupations,46,41,5
E01035694,"6. Caring, leisure and other service occupations",84,55,29
E01035694,7. Sales and customer service occupations,73,63,10
E01035694,"8. Process, plant and machine operatives",58,52,6
E01035694,9. Elementary occupations,104,106,-2
E01035695,"1. Managers, directors and senior officials",63,40,23
E01035695,2. Professional occupations,125,82,43
E01035695,3. Associate professional and technical occupations,120,28,92
E01035695,4. Administrative and secretarial occupations,62,76,-14
E01035695,5. Skilled trades occupations,66,73,-7
E01035695,"6. Caring, leisure and other service occupations",64,56,8
E01035695,7. Sales and customer service occupations,51,56,-5
E01035695,"8. Process, plant and machine operatives",52,38,14
E01035695,9. Elementary occupations,104,97,7
E01035696,"1. Managers, directors and senior officials",158,92,66
E01035696,2. Professional occupations,347,173,174
E01035696,3. Associate professional and technical occupations,166,31,135
E01035696,4. Administrative and secretarial occupations,39,37,2
E01035696,5. Skilled trades occupations,24,10,14
E01035696,"6. Caring, leisure and other service occupations",14,13,1
E01035696,7. Sales and customer service occupations,35,18,17
E01035696,"8. Process, plant and machine operatives",10,5,5
E01035696,9. Elementary occupations,20,10,10
E01035697,"1. Managers, directors and senior officials",165,80,85
E01035697,2. Professional occupations,410,142,268
E01035697,3. Associate professional and technical occupations,160,36,124
E01035697,4. Administrative and secretarial occupations,56,57,-1
E01035697,5. Skilled trades occupations,38,32,6
E01035697,"6. Caring, leisure and other service occupations",40,33,7
E01035697,7. Sales and customer service occupations,32,43,-11
E01035697,"8. Process, plant and machine operatives",21,24,-3
E01035697,9. Elementary occupations,62,44,18
E01035698,"1. Managers, directors and senior officials",126,102,24
E01035698,2. Professional occupations,245,183,62
E01035698,3. Associate professional and technical occupations,109,26,83
E01035698,4. Administrative and secretarial occupations,35,37,-2
E01035698,5. Skilled trades occupations,16,13,3
E01035698,"6. Caring, leisure and other service occupations",17,16,1
E01035698,7. Sales and customer service occupations,19,16,3
E01035698,"8. Process, plant and machine operatives",17,11,6
E01035698,9. Elementary occupations,23,25,-2
E01035699,"1. Managers, directors and senior officials",143,60,83
E01035699,2. Professional occupations,423,139,284
E01035699,3. Associate professional and technical occupations,166,25,141
E01035699,4. Administrative and secretarial occupations,56,47,9
E01035699,5. Skilled trades occupations,32,12,20
E01035699,"6. Caring, leisure and other service occupations",44,7,37
E01035699,7. Sales and customer service occupations,61,10,51
E01035699,"8. Process, plant and machine operatives",25,4,21
E01035699,9. Elementary occupations,54,19,35
E01035700,"1. Managers, directors and senior officials",144,0,144
E01035700,2. Professional occupations,410,0,410
E01035700,3. Associate professional and technical occupations,215,0,215
E01035700,4. Administrative and secretarial occupations,65,0,65
E01035700,5. Skilled trades occupations,26,0,26
E01035700,"6. Caring, leisure and other service occupations",13,0,13
E01035700,7. Sales and customer service occupations,21,0,21
E01035700,"8. Process, plant and machine operatives",6,0,6
E01035700,9. Elementary occupations,9,0,9
E01035701,"1. Managers, directors and senior officials",150,0,150
E01035701,2. Professional occupations,443,0,443
E01035701,3. Associate professional and technical occupations,192,0,192
E01035701,4. Administrative and secretarial occupations,54,0,54
E01035701,5. Skilled trades occupations,16,0,16
E01035701,"6. Caring, leisure and other service occupations",10,0,10
E01035701,7. Sales and customer service occupations,35,0,35
E01035701,"8. Process, plant and machine operatives",8,0,8
E01035701,9. Elementary occupations,3,0,3
E01035702,"1. Managers, directors and senior officials",137,116,21
E01035702,2. Professional occupations,278,260,18
E01035702,3. Associate professional and technical occupations,121,32,89
E01035702,4. Administrative and secretarial occupations,65,69,-4
E01035702,5. Skilled trades occupations,29,25,4
E01035702,"6. Caring, leisure and other service occupations",42,17,25
E01035702,7. Sales and customer service occupations,66,30,36
E01035702,"8. Process, plant and machine operatives",26,4,22
E01035702,9. Elementary occupations,46,13,33
E01035703,"1. Managers, directors and senior officials",120,0,120
E01035703,2. Professional occupations,305,0,305
E01035703,3. Associate professional and technical occupations,120,0,120
E01035703,4. Administrative and secretarial occupations,34,0,34
E01035703,5. Skilled trades occupations,9,0,9
E01035703,"6. Caring, leisure and other service occupations",24,0,24
E01035703,7. Sales and customer service occupations,26,0,26
E01035703,"8. Process, plant and machine operatives",7,0,7
E01035703,9. Elementary occupations,13,0,13
E01035704,"1. Managers, directors and senior officials",96,71,25
E01035704,2. Professional occupations,261,156,105
E01035704,3. Associate professional and technical occupations,145,22,123
E01035704,4. Administrative and secretarial occupations,42,52,-10
E01035704,5. Skilled trades occupations,35,12,23
E01035704,"6. Caring, leisure and other service occupations",51,28,23
E01035704,7. Sales and customer service occupations,63,28,35
E01035704,"8. Process, plant and machine operatives",29,10,19
E01035704,9. Elementary occupations,38,19,19
E01035705,"1. Managers, directors and senior officials",82,64,18
E01035705,2. Professional occupations,144,120,24
E01035705,3. Associate professional and technical occupations,115,45,70
E01035705,4. Administrative and secretarial occupations,63,83,-20
E01035705,5. Skilled trades occupations,44,43,1
E01035705,"6. Caring, leisure and other service occupations",42,45,-3
E01035705,7. Sales and customer service occupations,50,45,5
E01035705,"8. Process, plant and machine operatives",36,26,10
E01035705,9. Elementary occupations,80,61,19
E01035706,"1. Managers, directors and senior officials",141,44,97
E01035706,2. Professional occupations,284,104,180
E01035706,3. Associate professional and technical occupations,148,10,138
E01035706,4. Administrative and secretarial occupations,47,22,25
E01035706,5. Skilled trades occupations,24,11,13
E01035706,"6. Caring, leisure and other service occupations",35,5,30
E01035706,7. Sales and customer service occupations,29,12,17
E01035706,"8. Process, plant and machine operatives",17,2,15
E01035706,9. Elementary occupations,35,11,24
E01035707,"1. Managers, directors and senior officials",234,187,47
E01035707,2. Professional occupations,495,455,40
E01035707,3. Associate professional and technical occupations,323,108,215
E01035707,4. Administrative and secretarial occupations,86,122,-36
E01035707,5. Skilled trades occupations,58,63,-5
E01035707,"6. Caring, leisure and other service occupations",65,62,3
E01035707,7. Sales and customer service occupations,64,87,-23
E01035707,"8. Process, plant and machine operatives",38,16,22
E01035707,9. Elementary occupations,55,90,-35
E01035708,"1. Managers, directors and senior officials",127,0,127
E01035708,2. Professional occupations,282,0,282
E01035708,3. Associate professional and technical occupations,150,0,150
E01035708,4. Administrative and secretarial occupations,35,0,35
E01035708,5. Skilled trades occupations,26,0,26
E01035708,"6. Caring, leisure and other service occupations",42,0,42
E01035708,7. Sales and customer service occupations,32,0,32
E01035708,"8. Process, plant and machine operatives",23,0,23
E01035708,9. Elementary occupations,28,0,28
E01035709,"1. Managers, directors and senior officials",52,37,15
E01035709,2. Professional occupations,140,105,35
E01035709,3. Associate professional and technical occupations,73,30,43
E01035709,4. Administrative and secretarial occupations,55,69,-14
E01035709,5. Skilled trades occupations,48,33,15
E01035709,"6. Caring, leisure and other service occupations",70,70,0
E01035709,7. Sales and customer service occupations,51,68,-17
E01035709,"8. Process, plant and machine operatives",42,37,5
E01035709,9. Elementary occupations,61,89,-28
E01035710,"1. Managers, directors and senior officials",76,87,-11
E01035710,2. Professional occupations,191,250,-59
E01035710,3. Associate professional and technical occupations,119,63,56
E01035710,4. Administrative and secretarial occupations,59,110,-51
E01035710,5. Skilled trades occupations,55,73,-18
E01035710,"6. Caring, leisure and other service occupations",99,111,-12
E01035710,7. Sales and customer service occupations,78,121,-43
E01035710,"8. Process, plant and machine operatives",81,70,11
E01035710,9. Elementary occupations,82,164,-82
E01035711,"1. Managers, directors and senior officials",105,125,-20
E01035711,2. Professional occupations,307,350,-43
E01035711,3. Associate professional and technical occupations,139,63,76
E01035711,4. Administrative and secretarial occupations,47,100,-53
E01035711,5. Skilled trades occupations,19,36,-17
E01035711,"6. Caring, leisure and other service occupations",41,67,-26
E01035711,7. Sales and customer service occupations,44,103,-59
E01035711,"8. Process, plant and machine operatives",21,24,-3
E01035711,9. Elementary occupations,37,99,-62
E01035712,"1. Managers, directors and senior officials",80,96,-16
E01035712,2. Professional occupations,308,302,6
E01035712,3. Associate professional and technical occupations,116,62,54
E01035712,4. Administrative and secretarial occupations,70,119,-49
E01035712,5. Skilled trades occupations,43,48,-5
E01035712,"6. Caring, leisure and other service occupations",66,51,15
E01035712,7. Sales and customer service occupations,62,92,-30
E01035712,"8. Process, plant and machine operatives",35,32,3
E01035712,9. Elementary occupations,63,74,-11
E01035713,"1. Managers, directors and senior officials",331,425,-94
E01035713,2. Professional occupations,336,309,27
E01035713,3. Associate professional and technical occupations,170,52,118
E01035713,4. Administrative and secretarial occupations,43,85,-42
E01035713,5. Skilled trades occupations,26,24,2
E01035713,"6. Caring, leisure and other service occupations",64,77,-13
E01035713,7. Sales and customer service occupations,26,32,-6
E01035713,"8. Process, plant and machine operatives",7,5,2
E01035713,9. Elementary occupations,31,39,-8
E01035714,"1. Managers, directors and senior officials",344,432,-88
E01035714,2. Professional occupations,312,309,3
E01035714,3. Associate professional and technical occupations,170,68,102
E01035714,4. Administrative and secretarial occupations,53,77,-24
E01035714,5. Skilled trades occupations,12,25,-13
E01035714,"6. Caring, leisure and other service occupations",47,72,-25
E01035714,7. Sales and customer service occupations,26,36,-10
E01035714,"8. Process, plant and machine operatives",16,3,13
E01035714,9. Elementary occupations,21,41,-20
E01035715,"1. Managers, directors and senior officials",339,355,-16
E01035715,2. Professional occupations,536,501,35
E01035715,3. Associate professional and technical occupations,349,92,257
E01035715,4. Administrative and secretarial occupations,107,119,-12
E01035715,5. Skilled trades occupations,51,43,8
E01035715,"6. Caring, leisure and other service occupations",155,53,102
E01035715,7. Sales and customer service occupations,82,61,21
E01035715,"8. Process, plant and machine operatives",36,17,19
E01035715,9. Elementary occupations,54,49,5
E01035716,"1. Managers, directors and senior officials",294,348,-54
E01035716,2. Professional occupations,354,361,-7
E01035716,3. Associate professional and technical occupations,216,60,156
E01035716,4. Administrative and secretarial occupations,74,108,-34
E01035716,5. Skilled trades occupations,36,67,-31
E01035716,"6. Caring, leisure and other service occupations",55,61,-6
E01035716,7. Sales and customer service occupations,77,64,13
E01035716,"8. Process, plant and machine operatives",26,13,13
E01035716,9. Elementary occupations,49,76,-27
E01035717,"1. Managers, directors and senior officials",273,253,20
E01035717,2. Professional occupations,319,362,-43
E01035717,3. Associate professional and technical occupations,232,90,142
E01035717,4. Administrative and secretarial occupations,56,123,-67
E01035717,5. Skilled trades occupations,34,45,-11
E01035717,"6. Caring, leisure and other service occupations",52,100,-48
E01035717,7. Sales and customer service occupations,63,54,9
E01035717,"8. Process, plant and machine operatives",21,19,2
E01035717,9. Elementary occupations,50,49,1
E01035718,"1. Managers, directors and senior officials",304,356,-52
E01035718,2. Professional occupations,225,212,13
E01035718,3. Associate professional and technical occupations,243,169,74
E01035718,4. Administrative and secretarial occupations,38,88,-50
E01035718,5. Skilled trades occupations,11,18,-7
E01035718,"6. Caring, leisure and other service occupations",41,49,-8
E01035718,7. Sales and customer service occupations,13,29,-16
E01035718,"8. Process, plant and machine operatives",13,12,1
E01035718,9. Elementary occupations,38,57,-19
E01035719,"1. Managers, directors and senior officials",168,138,30
E01035719,2. Professional occupations,231,152,79
E01035719,3. Associate professional and technical occupations,117,34,83
E01035719,4. Administrative and secretarial occupations,47,52,-5
E01035719,5. Skilled trades occupations,10,8,2
E01035719,"6. Caring, leisure and other service occupations",48,21,27
E01035719,7. Sales and customer service occupations,29,25,4
E01035719,"8. Process, plant and machine operatives",13,6,7
E01035719,9. Elementary occupations,17,21,-4
E01035720,"1. Managers, directors and senior officials",128,126,2
E01035720,2. Professional occupations,201,184,17
E01035720,3. Associate professional and technical occupations,100,32,68
E01035720,4. Administrative and secretarial occupations,65,88,-23
E01035720,5. Skilled trades occupations,17,24,-7
E01035720,"6. Caring, leisure and other service occupations",41,25,16
E01035720,7. Sales and customer service occupations,62,25,37
E01035720,"8. Process, plant and machine operatives",24,11,13
E01035720,9. Elementary occupations,39,22,17
E01035721,"1. Managers, directors and senior officials",247,227,20
E01035721,2. Professional occupations,286,285,1
E01035721,3. Associate professional and technical occupations,192,92,100
E01035721,4. Administrative and secretarial occupations,68,150,-82
E01035721,5. Skilled trades occupations,35,66,-31
E01035721,"6. Caring, leisure and other service occupations",101,114,-13
E01035721,7. Sales and customer service occupations,60,100,-40
E01035721,"8. Process, plant and machine operatives",35,32,3
E01035721,9. Elementary occupations,58,119,-61
E01035722,"1. Managers, directors and senior officials",274,354,-80
E01035722,2. Professional occupations,465,549,-84
E01035722,3. Associate professional and technical occupations,215,91,124
E01035722,4. Administrative and secretarial occupations,86,171,-85
E01035722,5. Skilled trades occupations,35,24,11
E01035722,"6. Caring, leisure and other service occupations",29,49,-20
E01035722,7. Sales and customer service occupations,37,67,-30
E01035722,"8. Process, plant and machine operatives",15,15,0
E01035722,9. Elementary occupations,26,41,-15
